종목코드,종목명,거래량_매도,거래량_매수,거래량_순매수,거래대금_매도,거래대금_매수,거래대금_순매수
"006400","삼성SDI","46364","106322","59958","28722435000","66220023000","37497588000"
"011200","HMM","153585","461576","307991","4467391900","13412525650","8945133750"
"259960","크래프톤","16463","50815","34352","4178332000","13025136500","8846804500"
"010060","OCI","16401","73709","57308","1795693000","8084870000","6289177000"
"036570","엔씨소프트","20293","34500","14207","8755222500","14915330000","6160107500"
"017960","한국카본","208224","640867","432643","2840385750","8752715800","5912330050"
"014680","한솔케미칼","4475","28131","23656","1093230000","6922490500","5829260500"
"000080","하이트진로","122518","270673","148155","4648925900","10336462850","5687536950"
"267260","현대일렉트릭","27433","245693","218260","665160850","5914444000","5249283150"
"267270","현대건설기계","21411","134779","113368","871123600","5459568400","4588444800"
"004020","현대제철","122544","227527","104983","5337985800","9924104650","4586118850"
"248070","솔루엠","17383","192826","175443","444618150","4925689600","4481071450"
"010950","S-Oil","63384","102342","38958","6691791500","10830803500","4139012000"
"010120","LS ELECTRIC","12824","93962","81138","643998400","4750060350","4106061950"
"302440","SK바이오사이언스","22101","48426","26325","2968393000","6536324500","3567931500"
"047810","한국항공우주","136024","209137","73113","6387387250","9859825750","3472438500"
"373220","LG에너지솔루션","51884","60196","8312","21281329000","24742363500","3461034500"
"011790","SKC","16031","38157","22126","2476651000","5913112500","3436461500"
"036420","콘텐트리중앙","11107","80997","69890","540984550","3940161550","3399177000"
"093370","후성","79540","247453","167913","1539104150","4814451950","3275347800"
"282330","BGF리테일","7691","24112","16421","1437071500","4531898000","3094826500"
"002900","TYM","397915","1405886","1007971","1148649980","4025398685","2876748705"
"002380","KCC","3764","11485","7721","1319052500","4058726500","2739674000"
"055550","신한지주","306095","367333","61238","12776008400","15363064750","2587056350"
"306200","세아제강","7656","21073","13417","1421922000","3880277000","2458355000"
"000210","DL","30723","65000","34277","2002606800","4270479700","2267872900"
"105630","한세실업","89258","172625","83367","2371499450","4606023300","2234523850"
"051910","LG화학","51811","55783","3972","26926067000","29007834000","2081767000"
"034120","SBS","62283","99945","37662","3296224100","5324323300","2028099200"
"000060","메리츠화재","15891","59049","43158","706558250","2636459550","1929901300"
"005070","코스모신소재","82211","115592","33381","4627409700","6532872400","1905462700"
"012450","한화에어로스페이스","45845","79477","33632","2548544100","4431700900","1883156800"
"042670","현대두산인프라코어","156887","428996","272109","1048174380","2885403250","1837228870"
"195870","해성디에스","4177","29450","25273","298991400","2109940700","1810949300"
"007660","이수페타시스","18355","238326","219971","145964260","1913266830","1767302570"
"008560","메리츠증권","430699","696214","265515","2863353220","4623467410","1760114190"
"383220","F&F","39283","51605","12322","5453581500","7195868500","1742287000"
"030000","제일기획","127937","192680","64743","3356559350","5069804500","1713245150"
"010690","화신","955","185851","184896","8416310","1682510380","1674094070"
"020150","일진머티리얼즈","27819","46654","18835","2461565800","4128492800","1666927000"
"353200","대덕전자","16045","68248","52203","508656850","2167337900","1658681050"
"014830","유니드","11588","23967","12379","1422621500","2962999500","1540378000"
"052690","한전기술","23267","43197","19930","1764295500","3282611400","1518315900"
"078930","GS","62367","95028","32661","2800882400","4273118350","1472235950"
"307950","현대오토에버","5052","14991","9939","697570000","2079662500","1382092500"
"285130","SK케미칼","4888","14902","10014","629153500","1922984000","1293830500"
"003030","세아제강지주","529","8720","8191","85372500","1377828500","1292456000"
"001230","동국제강","37030","100453","63423","710703100","1928718550","1218015450"
"031430","신세계인터내셔날","11253","48551","37298","360067300","1562463600","1202396300"
"267250","HD현대","24072","44483","20411","1402781400","2602245100","1199463700"
"001440","대한전선","367336","972324","604988","689481455","1837955030","1148473575"
"316140","우리금융지주","306523","379086","72563","4634443100","5762184300","1127741200"
"001120","LX인터내셔널","36138","63883","27745","1422603200","2522861000","1100257800"
"326030","SK바이오팜","12821","23397","10576","1185599200","2169468800","983869600"
"005850","에스엘","12220","46147","33927","327669600","1248662600","920993000"
"013890","지누스","5451","18804","13353","348095800","1209266300","861170500"
"011780","금호석유","21705","27070","5365","3358449500","4193292000","834842500"
"004990","롯데지주","12023","35859","23836","411207900","1227615300","816407400"
"079550","LIG넥스원","52817","62288","9471","4565356300","5381116900","815760600"
"089860","롯데렌탈","10486","28293","17807","459813050","1241310150","781497100"
"004690","삼천리","153","7040","6887","17283500","797026000","779742500"
"071050","한국금융지주","46832","57289","10457","3320624200","4068905000","748280800"
"010780","아이에스동서","6199","19857","13658","330536300","1070931700","740395400"
"005385","현대차우","7658","15010","7352","719985800","1414421900","694436100"
"006405","삼성SDI우","2","2232","2230","619000","691162000","690543000"
"000490","대동","77227","120991","43764","1352456400","2036746100","684289700"
"294870","HDC현대산업개발","19898","56675","36777","297395900","847989250","550593350"
"001680","대상","26680","48984","22304","661477550","1210377950","548900400"
"093050","LF","1194","28754","27560","23344250","564344000","540999750"
"117580","대성에너지","22080","53883","31803","395577550","935113250","539535700"
"137310","에스디바이오센서","2626","13734","11108","122793200","642573300","519780100"
"036460","한국가스공사","28027","40607","12580","1149337400","1667753600","518416200"
"352820","하이브","28669","30561","1892","7271679500","7771369000","499689500"
"011070","LG이노텍","30973","32352","1379","10664713000","11142124000","477411000"
"009580","무림P&P","7268","100060","92792","37067430","513734000","476666570"
"361610","SK아이이테크놀로지","18746","22245","3499","2341377000","2799774000","458397000"
"002360","SH에너지화학","115817","397032","281215","170139585","592816565","422676980"
"145720","덴티움","5377","11125","5748","387224400","806405000","419180600"
"005390","신성통상","3460","119344","115884","12165300","422365910","410200610"
"001430","세아베스틸지주","2814","23441","20627","52205100","436647950","384442850"
"035720","카카오","405547","409113","3566","35685063800","36060236800","375173000"
"007160","사조산업","5","6662","6657","276700","369144900","368868200"
"005935","삼성전자우","41114","46824","5710","2474431900","2820500300","346068400"
"271940","일진하이솔루스","3891","12133","8242","158524500","494796150","336271650"
"069620","대웅제약","6421","8159","1738","1180268000","1504589500","324321500"
"003530","한화투자증권","4502","70056","65554","21487510","334710005","313222495"
"005680","삼영전자","991","28336","27345","10990750","312682300","301691550"
"178920","PI첨단소재","27251","33179","5928","1309413250","1596803450","287390200"
"417310","코람코더원리츠","100300","144907","44607","626984910","906096600","279111690"
"005940","NH투자증권","74133","99964","25831","794230600","1070530850","276300250"
"006060","화승인더","160","44072","43912","968000","266138850","265170850"
"120110","코오롱인더","12886","16909","4023","805333500","1062917300","257583800"
"012510","더존비즈온","191","6345","6154","7918300","264828100","256909800"
"336370","솔루스첨단소재","6673","10133","3460","479877500","730801300","250923800"
"004490","세방전지","3455","6836","3381","252289800","501667600","249377800"
"100840","SNT에너지","926","12656","11730","20268850","268668950","248400100"
"094800","맵스리얼티1","2900","52576","49676","14398500","261043645","246645145"
"007070","GS리테일","35898","44180","8282","1057923900","1301875700","243951800"
"001530","DI동일","99","10048","9949","2376000","241511250","239135250"
"009900","명신산업","11605","22008","10403","265602650","503316600","237713950"
"298040","효성중공업","4141","8247","4106","233676000","469269200","235593200"
"404990","신한서부티엔디리츠","62614","101935","39321","350025810","571857050","221831240"
"210540","디와이파워","6709","20066","13357","106286350","319329550","213043200"
"026890","스틱인베스트먼트","97","20053","19956","1016750","209054900","208038150"
"365550","ESR켄달스퀘어리츠","138992","168034","29042","967351030","1173213540","205862510"
"025620","제이준코스메틱","21418","154529","133111","28663150","221084735","192421585"
"003090","대웅","14046","20007","5961","423401450","605602700","182201250"
"381970","케이카","23349","29983","6634","638272450","820062100","181789650"
"002270","롯데푸드","45","555","510","15264000","189027500","173763500"
"000990","DB하이텍","48410","50738","2328","3286025000","3447377000","161352000"
"000320","노루홀딩스","377","12876","12499","4593300","157506950","152913650"
"170900","동아에스티","743","2907","2164","51719900","203024600","151304700"
"011760","현대코퍼레이션","189","8350","8161","3422650","152503500","149080850"
"363280","티와이홀딩스","1520","6625","5105","38153700","166749700","128596000"
"185750","종근당","5091","6380","1289","499607300","627003600","127396300"
"37550L","DL이앤씨2우(전환)","0","2914","2914","0","125538950","125538950"
"395400","SK리츠","151704","167747","16043","1062789870","1175097240","112307370"
"007980","태평양물산","46","40731","40685","122440","108468995","108346555"
"104700","한국철강","1223","12870","11647","11165560","117592400","106426840"
"383800","LX홀딩스","9272","19519","10247","92435950","194898460","102462510"
"298000","효성화학","441","891","450","98703000","199630500","100927500"
"004090","한국석유","4","5499","5495","73400","100604800","100531400"
"357120","코람코에너지리츠","73580","87347","13767","514881500","612431100","97549600"
"064960","SNT모티브","9577","11509","1932","468837450","563621300","94783850"
"024110","기업은행","127121","135017","7896","1438915500","1531288100","92372600"
"005430","한국공항","62","1927","1865","3025700","94284100","91258400"
"035150","백산","28038","35518","7480","362530350","453302700","90772350"
"300720","한일시멘트","9598","13978","4380","197495450","288261700","90766250"
"123890","한국자산신탁","18387","40963","22576","73274245","163228685","89954440"
"082740","HSD엔진","18732","27041","8309","199441300","288790800","89349500"
"133820","화인베스틸","31","24928","24897","108805","88461025","88352220"
"350520","이지스레지던스리츠","6513","20179","13666","38907170","120123660","81216490"
"017390","서울가스","13","447","434","2386500","82297500","79911000"
"122900","아이마켓코리아","70","7374","7304","756000","79591700","78835700"
"128820","대성산업","154","12171","12017","877690","69761920","68884230"
"006110","삼아알미늄","11","2672","2661","278650","67742400","67463750"
"000670","영풍","188","285","97","127929000","194771000","66842000"
"090350","노루페인트","45","5736","5691","504000","65038800","64534800"
"003480","한진중공업홀딩스","6547","18958","12411","33883380","98300540","64417160"
"005010","휴스틸","2830","5169","2339","70742950","132994700","62251750"
"004360","세방","407","5167","4760","4968950","63295150","58326200"
"280360","롯데제과","2193","2649","456","271541500","329686000","58144500"
"002220","한일철강","9","10026","10017","50100","55689350","55639250"
"001820","삼화콘덴서","32","1037","1005","1760000","57129900","55369900"
"017940","E1","856","1914","1058","42891600","96077500","53185900"
"02826K","삼성물산우B","2","473","471","226000","52659000","52433000"
"001460","BYC","0","112","112","0","50927000","50927000"
"00104K","CJ4우(전환)","741","1416","675","55516200","105992000","50475800"
"282690","동아타이어","417","4186","3769","5294200","53319100","48024900"
"000860","강남제비스코","152","1992","1840","3948400","51826900","47878500"
"029530","신도리코","327","1764","1437","10844200","58556150","47711950"
"002240","고려제강","1336","3013","1677","38266150","85788850","47522700"
"105840","우진","21","4053","4032","242200","46904900","46662700"
"33626K","두산퓨얼셀1우","0","3754","3754","0","45006600","45006600"
"019440","세아특수강","165","2547","2382","2833850","43757650","40923800"
"084690","대상홀딩스","4633","8288","3655","49082950","89423200","40340250"
"037710","광주신세계","10","1090","1080","369750","40330200","39960450"
"007815","코리아써우","0","3316","3316","0","38938000","38938000"
"00279K","아모레G3우(전환)","250","1276","1026","9510150","48417450","38907300"
"001045","CJ우","265","1000","735","13913900","52781200","38867300"
"000520","삼일제약","3042","7313","4271","26438730","64081910","37643180"
"003470","유안타증권","1028","11496","10468","3669070","40975840","37306770"
"380440","엔에이치스팩19호","6041","22500","16459","12988150","48361750","35373600"
"003070","코오롱글로벌","707","2375","1668","14720300","49952750","35232450"
"001800","오리온홀딩스","8039","10400","2361","118475950","153574400","35098450"
"004080","신흥","9","2042","2033","151500","34445650","34294150"
"070960","용평리조트","106","6490","6384","557570","34324370","33766800"
"015360","예스코홀딩스","106","1008","902","3938000","37548700","33610700"
"084010","대한제강","530","2018","1488","11637950","44142000","32504050"
"011300","성안","76217","121393","45176","50297281","81392189","31094908"
"044450","KSS해운","1871","4417","2546","22056750","52136500","30079750"
"001750","한양증권","71","2193","2122","972500","29994100","29021600"
"013000","세우글로벌","0","13685","13685","0","27751160","27751160"
"334890","이지스밸류리츠","23642","27747","4105","144450470","170499150","26048680"
"058650","세아홀딩스","14","223","209","1658000","26114000","24456000"
"001390","KG케미칼","64","670","606","2551650","26637000","24085350"
"007570","일양약품","169","1104","935","4152300","27110550","22958250"
"077500","유니퀘스트","125","2019","1894","1481250","24126950","22645700"
"267290","경동도시가스","18","873","855","478800","22849250","22370450"
"092780","동양피스톤","12","3343","3331","80520","21701120","21620600"
"005690","파미셀","363","2220","1857","4260100","25736200","21476100"
"004540","깨끗한나라","82","4412","4330","399880","21629060","21229180"
"002880","대유에이텍","103","16998","16895","124115","20523960","20399845"
"003920","남양유업","0","49","49","0","19979500","19979500"
"035000","지투알","333","3257","2924","2203160","21532040","19328880"
"005720","넥센","824","4807","3983","3744660","21861750","18117090"
"006380","카프로","6602","10371","3769","31037420","49043525","18006105"
"002320","한진","299","857","558","9668550","27644300","17975750"
"001340","백광산업","42","3043","3001","237600","17223500","16985900"
"001270","부국증권","254","895","641","6287500","22309500","16022000"
"024720","한국콜마홀딩스","18","728","710","398300","16166650","15768350"
"000087","하이트진로2우B","0","705","705","0","15443500","15443500"
"000215","DL우","0","345","345","0","14106100","14106100"
"011000","진원생명과학","831","2011","1180","9284550","22422950","13138400"
"003960","사조대림","30","405","375","1004350","13747850","12743500"
"093240","형지엘리트","10","6179","6169","20550","12703840","12683290"
"007340","디티알오토모티브","163","319","156","12454800","24371600","11916800"
"008350","남선알미늄","200","4130","3930","604240","12443140","11838900"
"008600","윌비스","23","8589","8566","31050","11650440","11619390"
"012750","에스원","10187","10312","125","696917900","708489500","11571600"
"001790","대한제당","2734","4860","2126","14610090","25776520","11166430"
"004910","조광페인트","4","1297","1293","33480","10967300","10933820"
"000540","흥국화재","62","2752","2690","250770","11128110","10877340"
"001570","금양","43","2410","2367","197200","11025670","10828470"
"018470","조일알미늄","42","4486","4444","101860","10924900","10823040"
"007110","일신석재","72","5909","5837","134280","10938915","10804635"
"011330","유니켐","63","8111","8048","84105","10863560","10779455"
"021050","서원","46","5156","5110","97440","10835575","10738135"
"092440","기신정기","27","2389","2362","122565","10842150","10719585"
"006740","영풍제지","24","988","964","267250","10981300","10714050"
"000910","유니온","34","1451","1417","256120","10953470","10697350"
"010955","S-Oil우","2912","3083","171","180486500","191146500","10660000"
"006390","한일현대시멘트","26","352","326","839800","11430600","10590800"
"004830","덕성","41","1289","1248","346130","10927170","10581040"
"005305","롯데칠성우","131","260","129","11157300","21624100","10466800"
"092220","KEC","189","3377","3188","621835","11062810","10440975"
"015020","이스타코","148","5314","5166","296390","10694440","10398050"
"024090","디씨엠","26","401","375","722250","11102800","10380550"
"027410","BGF","15317","17199","1882","87710240","97886910","10176670"
"015590","큐로","24347","45608","21261","12088454","22172790","10084336"
"005320","국동","24","4404","4380","56520","10022395","9965875"
"102260","동성케미컬","54","2081","2027","262795","10114560","9851765"
"071840","롯데하이마트","284","704","420","6631400","16460350","9828950"
"396690","미래에셋글로벌리츠","92867","93938","1071","585472410","595230310","9757900"
"226320","잇츠한불","24","382","358","573150","9177350","8604200"
"069640","한세엠케이","4","2012","2008","16540","8313120","8296580"
"075580","세진중공업","1813","2880","1067","13287580","21167720","7880140"
"057050","현대홈쇼핑","2293","2419","126","137215100","144995100","7780000"
"068400","SK렌터카","54","696","642","610200","7867100","7256900"
"010050","우리종금","5538","12924","7386","4846054","11309201","6463147"
"004800","효성","5853","5918","65","486750000","493019500","6269500"
"001250","GS글로벌","12876","14107","1231","58486440","64747440","6261000"
"001630","종근당홀딩스","1064","1146","82","74144600","80131900","5987300"
"001685","대상우","0","300","300","0","5925000","5925000"
"005030","부산주공","0","8673","8673","0","5867709","5867709"
"002310","아세아제지","1522","1652","130","67325550","73025250","5699700"
"018250","애경산업","27","308","281","525600","6049300","5523700"
"009155","삼성전기우","3","62","59","277800","5759400","5481600"
"18064K","한진칼우","0","140","140","0","5471000","5471000"
"002210","동성제약","769","1376","607","6433400","11479860","5046460"
"037270","YG PLUS","50","701","651","355000","4990100","4635100"
"011930","신성이엔지","298","2681","2383","573130","5145840","4572710"
"017550","수산중공업","43777","45053","1276","156617250","160872470","4255220"
"000230","일동홀딩스","2797","2793","-4","119339500","123451300","4111800"
"000970","한국주철관","219","523","304","2257850","5469000","3211150"
"136490","선진","113","344","231","1557150","4756350","3199200"
"008730","율촌화학","216","346","130","4881600","7815750","2934150"
"204210","모두투어리츠","0","459","459","0","2400420","2400420"
"155660","DSR","341","623","282","2336460","4272840","1936380"
"033920","무학","27","230","203","252850","2171410","1918560"
"003830","대한화섬","27","41","14","3456000","5244000","1788000"
"081000","일진다이아","15","71","56","393750","1865150","1471400"
"214330","금호에이치티","257","1188","931","396735","1829520","1432785"
"001510","SK증권","3819","5258","1439","3307422","4559508","1252086"
"003060","에이프로젠제약","511","1806","1295","413399","1462401","1049002"
"023350","한국종합기술","4","91","87","37640","879120","841480"
"001360","삼성제약","270","479","209","1067765","1893870","826105"
"001200","유진투자증권","792","1044","252","2589350","3409010","819660"
"007860","서연","21","119","98","174040","978040","804000"
"102460","이연제약","42","70","28","1161100","1936850","775750"
"002870","신풍제지","33","288","255","74520","654780","580260"
"037560","LG헬로비전","88","174","86","566620","1128700","562080"
"051600","한전KPS","35701","35670","-31","1389864200","1390416050","551850"
"002200","한국수출포장","15","35","20","391900","917900","526000"
"049800","우진플라임","74","175","101","345735","819665","473930"
"097230","HJ중공업","28","84","56","221200","664540","443340"
"006660","삼성공조","31","63","32","411250","834500","423250"
"041650","상신브레이크","92","188","96","369510","757800","388290"
"002840","미원상사","8","10","2","1348000","1685000","337000"
"096760","JW홀딩스","0","62","62","0","271025","271025"
"004380","삼익THK","20","39","19","281650","549050","267400"
"002960","한국쉘석유","1","2","1","255000","510000","255000"
"030790","비케이탑스","2393","2392","-1","3300500","3552905","252405"
"004700","조광피혁","6","11","5","293100","537250","244150"
"006840","AK홀딩스","14","25","11","297300","531250","233950"
"001620","케이비아이동국실업","253","557","304","186714","412893","226179"
"298690","에어부산","65","163","98","148200","371005","222805"
"013570","디와이","35","59","24","319630","538650","219020"
"083420","그린케미칼","23","43","20","224420","419610","195190"
"000390","삼화페인트","25","45","20","239660","431650","191990"
"004980","성신양회","23","37","14","300550","483900","183350"
"002100","경농","19","31","12","278950","455250","176300"
"005950","이수화학","31","42","11","494000","669450","175450"
"009320","대우부품","96","170","74","224960","397750","172790"
"077970","STX엔진","22","33","11","339500","508700","169200"
"293480","하나제약","16","24","8","315200","472800","157600"
"039570","HDC랩스","30","44","14","299100","438610","139510"
"130660","한전산업","87","97","10","1174500","1311300","136800"
"006490","인스코비","124","171","47","348070","479245","131175"
"120030","조선선재","0","1","1","0","122000","122000"
"004310","현대약품","11","34","23","57420","178140","120720"
"071320","지역난방공사","13","16","3","469100","577200","108100"
"071090","하이스틸","0","16","16","0","106400","106400"
"308170","센트랄모텍","3","9","6","53100","159300","106200"
"008260","NI스틸","10","28","18","58300","162400","104100"
"009810","플레이그램","31","85","54","56235","153280","97045"
"033180","KH 필룩스","55","97","42","122455","217040","94585"
"006340","대원전선","24","70","46","48720","142315","93595"
"002620","제일파마홀딩스","15","22","7","198500","291400","92900"
"011090","에넥스","20","60","40","45700","137015","91315"
"003780","진양산업","4","13","9","38800","125850","87050"
"003010","혜인","436","456","20","2924840","3007200","82360"
"024890","대원화성","14","42","28","41090","123135","82045"
"027740","마니커","21","59","38","44835","126470","81635"
"023810","인팩","3","10","7","30300","101500","71200"
"034300","신세계건설","3","5","2","106300","177400","71100"
"063160","종근당바이오","5","7","2","176700","247400","70700"
"001140","국보","0","55","55","0","69850","69850"
"101140","인바이오젠","18","45","27","44910","112305","67395"
"014440","영보화학","7","20","13","34335","98235","63900"
"006370","대구백화점","4","10","6","42250","105700","63450"
"024900","덕양산업","11","30","19","35805","97660","61855"
"009310","참엔지니어링","0","48","48","0","61200","61200"
"264900","크라운제과","9","14","5","108700","169300","60600"
"023150","MH에탄올","2","7","5","23100","80600","57500"
"006200","한국전자홀딩스","16","47","31","29040","85395","56355"
"069460","대호에이엘","32","50","18","98900","154580","55680"
"010400","우진아이엔에스","0","7","7","0","53550","53550"
"001380","SG글로벌","15","43","28","28575","81990","53415"
"005800","신영와코루","3","7","4","39300","91700","52400"
"010040","한국내화","28","41","13","113050","165450","52400"
"001070","대한방직","5","6","1","249300","299400","50100"
"019180","티에이치엔","6","17","11","27240","77080","49840"
"123700","SJM","5","16","11","22180","71365","49185"
"015260","에이엔피","0","19","19","0","49095","49095"
"020760","일진디스플","26","50","24","52955","101855","48900"
"004710","한솔테크닉스","30","37","7","205750","254200","48450"
"006890","태경케미컬","21","24","3","341400","389150","47750"
"140910","에이리츠","963","966","3","7468820","7515330","46510"
"002820","SUN&L","4","12","8","22680","67840","45160"
"078000","텔코웨어","9","13","4","97050","140050","43000"
"090370","메타랩스","25","74","49","21150","62700","41550"
"072130","유엔젤","4","13","9","18420","59700","41280"
"051630","진양화학","4","11","7","23120","63070","39950"
"044380","주연테크","20","57","37","21700","61645","39945"
"006570","대림통상","5","14","9","21600","59880","38280"
"004410","서울식품","167","276","109","56446","93305","36859"
"004100","태양금속","12","37","25","17340","53645","36305"
"007120","미래아이앤지","43","123","80","17716","50750","33034"
"009200","무림페이퍼","39","48","9","137170","169600","32430"
"088790","진도","4","12","8","15960","47840","31880"
"011230","삼화전자","0","8","8","0","31135","31135"
"000220","유유제약","13","17","4","97440","127500","30060"
"084870","TBH글로벌","7","20","13","15855","45400","29545"
"001420","태원물산","3","8","5","16440","44020","27580"
"012690","모나리자","28","34","6","111360","134955","23595"
"005820","원림","1","2","1","22700","45500","22800"
"016450","한세예스24홀딩스","37","40","3","255170","275860","20690"
"028100","동아지질","11","12","1","224000","244400","20400"
"012800","대창","86","95","9","180870","199835","18965"
"084670","동양고속","1","2","1","19100","38050","18950"
"000760","이화산업","1","2","1","18400","36800","18400"
"058850","KTcs","39","46","7","97570","114920","17350"
"012160","영흥","86","101","15","92710","108755","16045"
"010960","삼호개발","23","26","3","119140","134600","15460"
"023960","에쓰씨엔지니어링","0","6","6","0","15420","15420"
"017180","명문제약","31","35","4","116305","131385","15080"
"002070","비비안","0","5","5","0","13200","13200"
"001260","남광토건","9","10","1","113850","126450","12600"
"009070","KCTC","28","30","2","175200","187690","12490"
"008700","아남전자","71","76","5","170850","182975","12125"
"013870","지엠비코리아","17","19","2","99730","111530","11800"
"075180","새론오토모티브","17","19","2","99450","111150","11700"
"001560","제일연마","3","4","1","34050","45200","11150"
"025750","한솔홈데코","75","81","6","135750","146610","10860"
"000430","대원강업","58","61","3","197690","208160","10470"
"005360","모나미","17","19","2","84210","94320","10110"
"143210","핸즈코퍼레이션","20","22","2","98500","108350","9850"
"008970","동양철관","110","117","7","154550","164385","9835"
"009190","대양금속","29","31","2","131080","140240","9160"
"013520","화승코퍼레이션","45","50","5","79200","88090","8890"
"011150","CJ씨푸드","33","35","2","140820","149535","8715"
"016880","웅진","69","74","5","117300","125800","8500"
"003610","방림","39","41","2","153575","161300","7725"
"129260","인터지스","28","30","2","100000","107105","7105"
"014710","사조씨푸드","16","17","1","111880","118640","6760"
"071950","코아스","0","6","6","0","6660","6660"
"023000","삼원강재","37","39","2","122840","129480","6640"
"155900","바다로19호","0","2","2","0","6540","6540"
"047400","유니온머티리얼","40","42","2","119530","125545","6015"
"017040","광명전기","41","43","2","117090","122435","5345"
"058860","KTis","33","35","2","87615","92925","5310"
"016610","DB금융투자","71","72","1","462210","466810","4600"
"003080","성보화학","19","20","1","86020","90590","4570"
"004770","써니전자","88","89","1","305045","309025","3980"
"085310","엔케이","74","77","3","86445","89840","3395"
"027970","세하","53","54","1","92125","93885","1760"
"004060","SG세계물산","189","191","2","139557","141087","1530"
"003680","한성기업","2","2","0","18180","18680","500"
"000700","유수홀딩스","25","25","0","155410","155520","110"
"134790","시디즈","2","2","0","113100","113200","100"
"005810","풍산홀딩스","17","17","0","513800","513900","100"
"014130","한익스프레스","11","11","0","63940","63970","30"
"032560","황금에스티","15","15","0","146700","146730","30"
"030720","동원수산","2","2","0","26200","26200","0"
"001080","만호제강","1","1","0","27800","27800","0"
"014910","성문전자","7","7","0","16835","16835","0"
"008250","이건산업","11","11","0","140250","140250","0"
"003350","한국화장품제조","5","5","0","160300","160300","0"
"000850","화천기공","2","2","0","72450","72400","-50"
"023450","동남합성","3","3","0","182500","182400","-100"
"227840","현대코퍼레이션홀딩스","8","8","0","102100","102000","-100"
"100220","비상교육","12","12","0","92400","92140","-260"
"092230","KPX홀딩스","4","4","0","256100","255000","-1100"
"011420","갤럭시아에스엠","9","8","-1","21330","19080","-2250"
"000040","KR모터스","4","0","-4","3436","0","-3436"
"000180","성창기업지주","65","63","-2","190985","184965","-6020"
"010640","진양폴리","3","2","-1","18270","12220","-6050"
"012170","아센디오","6","0","-6","7380","0","-7380"
"009290","광동제약","61","60","-1","443510","436050","-7460"
"005110","한창","22","9","-13","15840","6480","-9360"
"025530","SJM홀딩스","5","2","-3","19350","7750","-11600"
"007210","벽산","64","61","-3","248755","237105","-11650"
"018500","동원금속","17","4","-13","16676","3944","-12732"
"010770","평화홀딩스","5","1","-4","18875","3770","-15105"
"000680","LS네트웍스","75","71","-4","287165","272005","-15160"
"008110","대동전자","4","2","-2","33160","16540","-16620"
"011280","태림포장","66","62","-4","288000","270580","-17420"
"002630","오리엔트바이오","43","22","-21","36086","18436","-17650"
"095720","웅진씽크빅","105","99","-6","311130","293055","-18075"
"014160","대영포장","101","92","-9","232480","211940","-20540"
"004870","티웨이홀딩스","39","14","-25","32212","11550","-20662"
"006090","사조오양","9","7","-2","100200","77800","-22400"
"003280","흥아해운","9","1","-8","26245","2910","-23335"
"004140","동방","54","47","-7","183760","160040","-23720"
"009460","한창제지","56","45","-11","122820","98565","-24255"
"025560","미래산업","2","0","-2","27400","0","-27400"
"009770","삼정펄프","3","2","-1","90300","60200","-30100"
"002780","진흥기업","136","124","-12","361815","330795","-31020"
"017900","광전자","55","43","-12","150545","117480","-33065"
"009680","모토닉","45","41","-4","403880","368660","-35220"
"002700","신일전자","66","50","-16","152580","115715","-36865"
"012320","경동인베스트","3","2","-1","113350","75600","-37750"
"001210","금호전기","20","2","-18","44000","4400","-39600"
"004450","삼화왕관","2","1","-1","90250","45100","-45150"
"004150","한솔홀딩스","48","34","-14","170910","120890","-50020"
"002140","고려산업","35","28","-7","266860","216320","-50540"
"000500","가온전선","4","2","-2","105950","53000","-52950"
"002720","국제약품","16","7","-9","95580","41790","-53790"
"034590","인천도시가스","5","3","-2","139950","84000","-55950"
"372910","한컴라이프케어","9","0","-9","58140","0","-58140"
"378850","화승알앤에이","17","4","-13","77215","18120","-59095"
"031820","콤텍시스템","106","36","-70","106325","36180","-70145"
"134380","미원화학","2","1","-1","141800","70900","-70900"
"007590","동방아그로","13","4","-9","107850","33200","-74650"
"118000","초록뱀헬스케어","61","0","-61","75945","0","-75945"
"003545","대신증권우","5","0","-5","76500","0","-76500"
"007460","에이프로젠 MED","226","169","-57","352565","263640","-88925"
"119650","KC코트렐","17","1","-16","94700","5560","-89140"
"267850","아시아나IDT","16","11","-5","297050","204600","-92450"
"003460","유화증권","54","7","-47","138765","18025","-120740"
"001770","SHD","16","12","-4","536050","408600","-127450"
"084680","이월드","160","113","-47","439760","310255","-129505"
"28513K","SK케미칼우","2","0","-2","132600","0","-132600"
"005740","크라운해태홀딩스","15","2","-13","157500","21000","-136500"
"024070","WISCOM","53","14","-39","187280","49280","-138000"
"072710","농심홀딩스","5","3","-2","372300","223800","-148500"
"002390","한독","17","10","-7","383850","225700","-158150"
"025890","한국주강","52","11","-41","211500","46310","-165190"
"033530","세종공업","99","75","-24","722690","543830","-178860"
"271980","제일약품","52","45","-7","1375600","1190250","-185350"
"103590","일진전기","71","36","-35","411330","208730","-202600"
"090080","평화산업","177","53","-124","315945","94520","-221425"
"012610","경인양행","72","40","-32","525320","291310","-234010"
"003555","LG우","4","0","-4","242800","0","-242800"
"026940","부국철강","77","21","-56","413140","113160","-299980"
"003580","HLB글로벌","140","100","-40","1060670","758860","-301810"
"002030","아세아","3","1","-2","478000","159500","-318500"
"094280","효성ITX","20","1","-19","347000","17400","-329600"
"068290","삼성출판사","23","12","-11","690250","360100","-330150"
"019680","대교","136","53","-83","550230","213850","-336380"
"011155","CJ씨푸드1우","10","0","-10","351000","0","-351000"
"000300","대유플러스","414","104","-310","511290","128795","-382495"
"002020","코오롱","32","18","-14","886050","500150","-385900"
"008060","대덕","84","32","-52","673680","256700","-416980"
"004720","팜젠사이언스","61","9","-52","489330","72100","-417230"
"089470","HDC현대EP","122","33","-89","571990","154590","-417400"
"004440","삼일씨엔에스","51","13","-38","565900","144050","-421850"
"015860","일진홀딩스","108","33","-75","617070","188490","-428580"
"002690","동일제강","17938","17903","-35","92691350","92239570","-451780"
"079980","휴비스","104","44","-60","804350","340440","-463910"
"003160","디아이","87","32","-55","774760","284510","-490250"
"007700","F&F홀딩스","73","53","-20","1890700","1374350","-516350"
"001470","삼부토건","410","116","-294","1088070","308620","-779450"
"229640","LS전선아시아","2208","2108","-100","17729080","16948180","-780900"
"009470","삼화전기","55","24","-31","1445350","633300","-812050"
"058430","포스코스틸리온","24","7","-17","1237500","360500","-877000"
"000020","동화약품","122","47","-75","1552950","595700","-957250"
"107590","미원홀딩스","9","2","-7","1235500","276000","-959500"
"001520","동양","1215","454","-761","1904470","711945","-1192525"
"011785","금호석유우","13","0","-13","1237100","0","-1237100"
"044820","코스맥스비티아이","189","100","-89","2655400","1405200","-1250200"
"016800","퍼시스","55","12","-43","1988950","433000","-1555950"
"067830","세이브존I&C","447","13","-434","1633945","47255","-1586690"
"003650","미창석유","20","0","-20","1636000","0","-1636000"
"015890","태경산업","279","17","-262","2074320","126540","-1947780"
"001725","신영증권우","42","0","-42","2412800","0","-2412800"
"030210","다올투자증권","1205","678","-527","5657375","3184680","-2472695"
"004970","신라교역","220","31","-189","2905800","408650","-2497150"
"001720","신영증권","870","821","-49","50034100","47405900","-2628200"
"003120","일성신약","33","2","-31","2808400","171200","-2637200"
"03473K","SK우","12","0","-12","2688000","0","-2688000"
"082640","동양생명","2088","1663","-425","13907540","11065160","-2842380"
"161000","애경케미칼","302","18","-284","3166200","189200","-2977000"
"085620","미래에셋생명","1113","198","-915","4410785","783980","-3626805"
"097955","CJ제일제당 우","21","0","-21","3684500","0","-3684500"
"002795","아모레G우","200","0","-200","3707600","0","-3707600"
"033250","체시스","2861","32","-2829","3752005","43420","-3708585"
"010420","한솔PNS","1758","17","-1741","3845480","37115","-3808365"
"126560","현대퓨처넷","4422","3230","-1192","14784310","10819825","-3964485"
"000240","한국앤컴퍼니","8651","8354","-297","124453800","120481600","-3972200"
"001020","페이퍼코리아","3670","1755","-1915","9849895","4707300","-5142595"
"001795","대한제당우","889","0","-889","5245100","0","-5245100"
"016710","대성홀딩스","217","127","-90","12730900","7455000","-5275900"
"014530","극동유화","1315","66","-1249","6057345","317355","-5739990"
"005945","NH투자증권우","558","0","-558","6035550","0","-6035550"
"003560","IHQ","9744","4092","-5652","10873440","4598100","-6275340"
"004840","DRB동일","3019","2006","-1013","18485500","11357260","-7128240"
"145270","케이탑리츠","11864","6709","-5155","17669560","9963320","-7706240"
"009270","신원","4107","80","-4027","7963825","156170","-7807655"
"214320","이노션","2961","2788","-173","145289200","137211200","-8078000"
"005500","삼진제약","348","7","-341","8707650","175350","-8532300"
"001130","대한제분","49","3","-46","9185000","556500","-8628500"
"036580","팜스코","1474","252","-1222","10860170","1871500","-8988670"
"017370","우신시스템","3006","13","-2993","9800975","42305","-9758670"
"009140","경인전자","334","0","-334","9784750","0","-9784750"
"092200","디아이씨","2041","38","-2003","10681460","198210","-10483250"
"214390","경보제약","1281","47","-1234","10953780","403750","-10550030"
"004920","씨아이테크","9917","770","-9147","11497570","886775","-10610795"
"006220","제주은행","1739","48","-1691","10919490","301180","-10618310"
"014990","인디에프","10938","61","-10877","10705004","59747","-10645257"
"091090","세원이앤씨","11141","146","-10995","10788472","141735","-10646737"
"011810","STX","2446","3","-2443","10682110","13140","-10668970"
"051915","LG화학우","2323","2273","-50","586839000","576155000","-10684000"
"000050","경방","706","28","-678","11154200","444200","-10710000"
"000400","롯데손해보험","6413","980","-5433","12700235","1943570","-10756665"
"071970","STX중공업","2124","20","-2104","10911570","103500","-10808070"
"001780","알루코","3024","80","-2944","11139810","294045","-10845765"
"001290","상상인증권","9036","9","-9027","10878145","10980","-10867165"
"012030","DB","11050","165","-10885","11048101","167100","-10881001"
"011500","한농화성","731","30","-701","11819200","484700","-11334500"
"095570","AJ네트웍스","2245","464","-1781","14770590","3051190","-11719400"
"000480","조선내화","150","4","-146","12261800","329200","-11932600"
"004270","남성","3875","35","-3840","12376690","111975","-12264715"
"016090","대현","4641","46","-4595","12910305","128340","-12781965"
"078520","에이블씨엔씨","2112","336","-1776","15729770","2477650","-13252120"
"004890","동일산업","79","3","-76","13836000","525000","-13311000"
"009160","SIMPAC","2240","714","-1526","20229200","6427180","-13802020"
"181710","NHN","650","253","-397","23128500","8997600","-14130900"
"139990","아주스틸","920","33","-887","14959500","537900","-14421600"
"053690","한미글로벌","1131","12","-1119","15451300","163800","-15287500"
"000150","두산","26895","26505","-390","2402001100","2386247400","-15753700"
"090435","아모레퍼시픽우","216","0","-216","16163000","0","-16163000"
"009450","경동나비엔","2879","2562","-317","151537400","134576900","-16960500"
"100250","진양홀딩스","4566","24","-4542","17062505","89280","-16973225"
"009410","태영건설","1941","100","-1841","19134920","981300","-18153620"
"357250","미래에셋맵스리츠","17720","14114","-3606","89969560","71786190","-18183370"
"016740","두올","5027","225","-4802","19322070","858210","-18463860"
"210980","SK디앤디","2072","1416","-656","58968900","40283750","-18685150"
"101530","해태제과식품","2166","20","-2146","19163860","178390","-18985470"
"002760","보락","8756","61","-8695","19216610","134825","-19081785"
"000890","보해양조","19547","135","-19412","19240800","132435","-19108365"
"00088K","한화3우B","1224","0","-1224","19227250","0","-19227250"
"079430","현대리바트","1371","35","-1336","19745850","507800","-19238050"
"014580","태경비케이","3782","24","-3758","19381280","124540","-19256740"
"007280","한국특강","10200","3639","-6561","30612015","10934005","-19678010"
"002920","유성기업","6009","26","-5983","19994160","84490","-19909670"
"200880","서연이화","3188","226","-2962","22032190","1566530","-20465660"
"26490K","크라운제과우","1247","0","-1247","21261350","0","-21261350"
"010660","화천기계","6548","8","-6540","21300610","26360","-21274250"
"016590","신대양제지","269","39","-230","25201600","3665300","-21536300"
"007540","샘표","491","213","-278","38717300","16359400","-22357900"
"025820","이구산업","5011","33","-4978","22712495","150450","-22562045"
"244920","에이플러스에셋","22083","18845","-3238","157803510","134950080","-22853430"
"034310","NICE","9213","7755","-1458","154833400","130652150","-24181250"
"003570","SNT중공업","2719","55","-2664","24783420","500200","-24283220"
"000140","하이트진로홀딩스","1921","27","-1894","27016450","380900","-26635550"
"005870","휴니드","2948","45","-2903","28133440","429880","-27703560"
"053210","스카이라이프","5522","2462","-3060","50380790","22469090","-27911700"
"096775","SK이노베이션우","220","0","-220","28185500","0","-28185500"
"033270","유나이티드제약","2166","1217","-949","64813000","36575950","-28237050"
"012280","영화금속","16470","52","-16418","28802595","90560","-28712035"
"214420","토니모리","5063","690","-4373","33896810","4550020","-29346790"
"001500","현대차증권","3193","416","-2777","34625400","4513600","-30111800"
"115390","락앤락","3329","43","-3286","34323250","443550","-33879700"
"102280","쌍방울","37933","368","-37565","34337949","342872","-33995077"
"003240","태광산업","65","31","-34","65795000","31447000","-34348000"
"002170","삼양통상","1023","422","-601","58823400","24348000","-34475400"
"012630","HDC","4994","102","-4892","36283370","740930","-35542440"
"003200","일신방직","294","1","-293","36739500","126000","-36613500"
"002450","삼익악기","21739","89","-21650","37615970","153720","-37462250"
"138490","코오롱플라스틱","3293","362","-2931","42160400","4633550","-37526850"
"004560","현대비앤지스틸","2062","33","-2029","38218400","606900","-37611500"
"025000","KPX케미칼","926","204","-722","49856100","11006600","-38849500"
"091810","티웨이항공","21259","9268","-11991","70057205","30565170","-39492035"
"078935","GS우","1100","0","-1100","39935700","0","-39935700"
"051905","LG생활건강우","85","0","-85","42046000","0","-42046000"
"002810","삼영무역","3017","31","-2986","42909800","441450","-42468350"
"013580","계룡건설","1177","19","-1158","43302750","695600","-42607150"
"014280","금강공업","11362","7036","-4326","112369740","69658500","-42711240"
"003720","삼영화학","13642","6","-13636","43152760","18840","-43133920"
"194370","제이에스코퍼레이션","4251","2358","-1893","97612650","54295700","-43316950"
"035510","신세계 I&C","2713","96","-2617","45156350","1606550","-43549800"
"006880","신송홀딩스","5948","2097","-3851","70324350","25472600","-44851750"
"234080","JW생명과학","3100","15","-3085","46512800","225450","-46287350"
"003540","대신증권","3228","450","-2778","55591200","7749450","-47841750"
"163560","동일고무벨트","6001","513","-5488","52497730","4633460","-47864270"
"079160","CJ CGV","15157","13372","-1785","414203050","366230950","-47972100"
"030610","교보증권","6634","387","-6247","51122490","2976980","-48145510"
"213500","한솔제지","3862","44","-3818","55335200","632600","-54702600"
"192400","쿠쿠홀딩스","5845","2769","-3076","110990800","52598650","-58392150"
"081660","휠라홀딩스","25635","23742","-1893","829347150","769388550","-59958600"
"002710","TCC스틸","25319","20443","-4876","315451500","255240600","-60210900"
"069730","DSR제강","9806","442","-9364","65458830","2833050","-62625780"
"00680K","미래에셋증권2우B","14235","78","-14157","63068630","345775","-62722855"
"069260","TKG휴켐스","9194","6356","-2838","204212300","141229750","-62982550"
"013700","까뮤이앤씨","24777","43","-24734","63560840","109650","-63451190"
"322000","현대에너지솔루션","2861","54","-2807","64808200","1232400","-63575800"
"009440","KC그린홀딩스","14037","109","-13928","69092370","490955","-68601415"
"114090","GKL","20937","16161","-4776","318924500","246545250","-72379250"
"005180","빙그레","1407","82","-1325","77095200","4494500","-72600700"
"009970","영원무역홀딩스","2621","1174","-1447","135800300","61537000","-74263300"
"001940","KISCO홀딩스","4242","94","-4148","78414600","1742950","-76671650"
"006650","대한유화","2399","1893","-506","365468500","288796000","-76672500"
"066575","LG전자우","1395","56","-1339","81331300","3265000","-78066300"
"074610","이엔플러스","21018","49","-20969","82056675","191340","-81865335"
"010100","한국프랜지","25866","126","-25740","82853145","399770","-82453375"
"060980","한라홀딩스","2231","258","-1973","93251950","10792300","-82459650"
"010600","웰바이오텍","46002","0","-46002","84111305","0","-84111305"
"272550","삼양패키징","3760","7","-3753","86492050","160500","-86331550"
"025540","한국단자","8163","6862","-1301","565510000","476825800","-88684200"
"003220","대원제약","5024","20","-5004","90184100","358100","-89826000"
"016580","환인제약","5027","12","-5015","90562500","216500","-90346000"
"000815","삼성화재우","566","5","-561","91526000","810000","-90716000"
"005389","현대차3우B","1022","0","-1022","92095500","0","-92095500"
"010820","퍼스텍","25833","2795","-23038","105081600","11364175","-93717425"
"293940","신한알파리츠","117390","105027","-12363","921354110","827398180","-93955930"
"005440","현대그린푸드","22056","11741","-10315","201384940","107289190","-94095750"
"001060","JW중외제약","16017","12676","-3341","479144750","384470900","-94673850"
"003300","한일홀딩스","7520","387","-7133","100627800","5167650","-95460150"
"192650","드림텍","9761","516","-9245","102134150","5367650","-96766500"
"005750","대림B&Co","12016","16","-12000","96953520","129810","-96823710"
"123690","한국화장품","8764","56","-8708","98804000","643400","-98160600"
"180640","한진칼","18359","16539","-1820","1054367300","955723500","-98643800"
"088350","한화생명","169191","134338","-34853","487536465","387478880","-100057585"
"008420","문배철강","18995","20","-18975","103125830","107110","-103018720"
"009180","한솔로지스틱스","25547","28","-25519","105976365","116325","-105860040"
"020120","키다리스튜디오","9446","32","-9414","106240600","357250","-105883350"
"339770","교촌에프앤비","8153","1285","-6868","126998850","20125350","-106873500"
"005880","대한해운","52060","11213","-40847","141920755","30709285","-111211470"
"000880","한화","27313","23435","-3878","808848850","694809950","-114038900"
"001740","SK네트웍스","49806","26112","-23694","240300110","126139195","-114160915"
"000070","삼양홀딩스","2229","868","-1361","190745700","74522400","-116223300"
"013360","일성건설","23045","47","-22998","118302090","235170","-118066920"
"029460","케이씨","6522","1055","-5467","142575650","23135200","-119440450"
"005420","코스모화학","14712","7534","-7178","251841500","131332750","-120508750"
"004960","한신공영","6912","24","-6888","121349350","422100","-120927250"
"005250","녹십자홀딩스","10460","4945","-5515","230611700","109250500","-121361200"
"000640","동아쏘시오홀딩스","1883","815","-1068","215041500","93403500","-121638000"
"183190","아세아시멘트","16601","8046","-8555","247199100","119462000","-127737100"
"268280","미원에스씨","654","36","-618","135379000","7452000","-127927000"
"377190","디앤디플랫폼리츠","62802","38782","-24020","337021830","208202360","-128819470"
"006980","우성","3746","3","-3743","131053200","100650","-130952550"
"161390","한국타이어앤테크놀로지","47607","43704","-3903","1682537200","1547789000","-134748200"
"005610","SPC삼립","3712","2180","-1532","333840600","196296100","-137544500"
"002410","범양건영","21057","22","-21035","139302090","142560","-139159530"
"023800","인지컨트롤스","12946","949","-11997","151938700","11226150","-140712550"
"021240","코웨이","41893","39786","-2107","2948434900","2803620400","-144814500"
"145990","삼양사","2606","19","-2587","146019700","1068900","-144950800"
"317400","자이에스앤디","15984","41","-15943","147375000","377650","-146997350"
"014790","한라","27359","160","-27199","148171450","867720","-147303730"
"033240","자화전자","10308","5813","-4495","338338200","191022200","-147316000"
"248170","샘표식품","3018","5","-3013","148503850","245450","-148258400"
"023590","다우기술","7279","142","-7137","151669850","2958000","-148711850"
"017800","현대엘리베이","13774","9523","-4251","490330900","339843850","-150487050"
"338100","NH프라임리츠","60084","28507","-31577","302818310","143756240","-159062070"
"031440","신세계푸드","2759","504","-2255","201045800","36881400","-164164400"
"001550","조비","7412","877","-6535","191679350","22959650","-168719700"
"344820","KCC글라스","5987","3252","-2735","373028400","202991200","-170037200"
"034830","한국토지신탁","79804","816","-78988","176364280","1803655","-174560625"
"088260","이리츠코크렙","106365","79240","-27125","705444360","526980300","-178464060"
"058730","다스코","36352","815","-35537","186454520","4177770","-182276750"
"019170","신풍제약","12901","6718","-6183","382604450","199536650","-183067800"
"003850","보령","20576","5988","-14588","264170550","77246650","-186923900"
"023530","롯데쇼핑","8414","6343","-2071","794730300","599324100","-195406200"
"006120","SK디스커버리","7531","2885","-4646","317926650","121965150","-195961500"
"006040","동원산업","3080","2231","-849","731065000","533476000","-197589000"
"049770","동원F&B","1273","122","-1151","220362000","21330000","-199032000"
"005960","동부건설","15217","0","-15217","199430150","0","-199430150"
"175330","JB금융지주","78720","55071","-23649","693877700","485631850","-208245850"
"002990","금호건설","20696","176","-20520","216021200","1840850","-214180350"
"055490","테이팩스","4492","1820","-2672","376957100","152922100","-224035000"
"008490","서흥","6627","647","-5980","257626000","25183550","-232442450"
"001880","DL건설","8777","38","-8739","236328200","1021550","-235306650"
"138930","BNK금융지주","167446","136324","-31122","1319437840","1076165140","-243272700"
"400760","NH올원리츠","102729","54340","-48389","551882340","292531140","-259351200"
"036530","SNT홀딩스","15249","20","-15229","265919250","350150","-265569100"
"009540","한국조선해양","44986","42004","-2982","4092088500","3824850700","-267237800"
"003520","영진약품","75965","21023","-54942","370211965","102602560","-267609405"
"007310","오뚜기","933","345","-588","428808500","159023000","-269785500"
"103140","풍산","19103","10596","-8507","614207700","340746650","-273461050"
"111110","호전실업","26593","24","-26569","280733300","253350","-280479950"
"073240","금호타이어","107705","38717","-68988","453339110","163390085","-289949025"
"064350","현대로템","35155","19364","-15791","672756300","370665050","-302091250"
"192080","더블유게임즈","8751","2515","-6236","431856200","124246050","-307610150"
"016360","삼성증권","55142","47274","-7868","2190625550","1881572300","-309053250"
"017810","풀무원","19495","783","-18712","325677300","13113050","-312564250"
"003410","쌍용C&E","66838","27937","-38901","549916020","230202990","-319713030"
"330590","롯데리츠","209147","150747","-58400","1226444100","884433640","-342010460"
"003000","부광약품","42341","11518","-30823","500549850","136384600","-364165250"
"002350","넥센타이어","103855","49044","-54811","701531340","331320910","-370210430"
"018670","SK가스","21090","18212","-2878","2842232000","2463542000","-378690000"
"007810","코리아써키트","28588","15787","-12801","852453850","473469500","-378984350"
"002150","도화엔지니어링","45782","340","-45442","394328180","3001390","-391326790"
"020000","한섬","15908","4654","-11254","565615500","166097400","-399518100"
"007690","국도화학","7553","309","-7244","417880100","17102900","-400777200"
"241590","화승엔터프라이즈","40892","16458","-24434","682572650","279367550","-403205100"
"029780","삼성카드","29528","17121","-12407","979479900","568886300","-410593600"
"069960","현대백화점","10264","4577","-5687","774209100","345567000","-428642100"
"000370","한화손해보험","113097","16404","-96693","526589230","76616530","-449972700"
"009420","한올바이오파마","34001","9273","-24728","622550900","170803600","-451747300"
"161890","한국콜마","23775","13883","-9892","1097319500","641309700","-456009800"
"025860","남해화학","47634","15889","-31745","696748900","239035150","-457713750"
"000120","CJ대한통운","8540","4392","-4148","1040245000","536136500","-504108500"
"281820","케이씨텍","30793","6368","-24425","643597350","133362100","-510235250"
"006260","LS","24856","15845","-9011","1409215400","898878400","-510337000"
"003690","코리안리","59156","6846","-52310","578879130","67178850","-511700280"
"088980","맥쿼리인프라","224654","188082","-36572","3192155900","2672945900","-519210000"
"026960","동서","27322","7173","-20149","726586050","191328150","-535257900"
"014820","동원시스템즈","13853","4443","-9410","802404000","258569900","-543834100"
"192820","코스맥스","10361","3726","-6635","863995400","311820000","-552175400"
"097520","엠씨넥스","13766","722","-13044","595595700","31461800","-564133900"
"003230","삼양식품","8012","1714","-6298","772655800","167550600","-605105200"
"008930","한미사이언스","20039","7776","-12263","997186000","386647550","-610538450"
"010620","현대미포조선","27578","19899","-7679","2280645300","1651424800","-629220500"
"006800","미래에셋증권","182267","102852","-79415","1458717360","824233350","-634484010"
"284740","쿠쿠홈시스","22556","3949","-18607","783486200","137358950","-646127250"
"336260","두산퓨얼셀","29145","9427","-19718","1008043850","326510000","-681533850"
"071055","한국금융지주우","10586","0","-10586","688301000","0","-688301000"
"272210","한화시스템","86693","43419","-43274","1383065500","694313500","-688752000"
"004250","NPC","60470","34","-60436","702348950","384300","-701964650"
"018880","한온시스템","128506","61418","-67088","1455822800","697717300","-758105500"
"271560","오리온","40892","32532","-8360","3755226800","2984091800","-771135000"
"032830","삼성생명","47922","35523","-12399","3092284400","2298451300","-793833100"
"047050","포스코인터내셔널","114784","81336","-33448","2811970350","1994824300","-817146050"
"039130","하나투어","12340","2152","-10188","1011612800","176344200","-835268600"
"011170","롯데케미칼","13447","9141","-4306","2663911000","1817173500","-846737500"
"008040","사조동아원","364138","121","-364017","850519400","269915","-850249485"
"008770","호텔신라","47567","36673","-10894","3838401600","2961768600","-876633000"
"011210","현대위아","31995","18423","-13572","2080261700","1201298700","-878963000"
"272450","진에어","85196","34643","-50553","1522183400","621590000","-900593400"
"035250","강원랜드","87386","53165","-34221","2323930550","1418599550","-905331000"
"204320","만도","77094","59623","-17471","4171459800","3233081900","-938377900"
"018260","삼성에스디에스","35012","28562","-6450","5179905000","4231051000","-948854000"
"139130","DGB금융지주","135330","25548","-109782","1196495540","225764790","-970730750"
"249420","일동제약","19168","21","-19147","1011509300","1077600","-1010431700"
"001040","CJ","18006","5900","-12106","1547307800","507712400","-1039595400"
"089590","제주항공","58422","9443","-48979","1253334900","202042700","-1051292200"
"005090","SGC에너지","23140","2004","-21136","1152272550","99868800","-1052403750"
"348950","제이알글로벌리츠","479968","294326","-185642","2787866180","1713281160","-1074585020"
"006280","녹십자","11658","5854","-5804","2208669500","1116963500","-1091706000"
"006360","GS건설","191726","164723","-27003","8072712950","6941498400","-1131214550"
"086790","하나금융지주","193645","167463","-26182","8995496850","7788688450","-1206808400"
"111770","영원무역","37878","12178","-25700","1799998000","579238650","-1220759350"
"032350","롯데관광개발","94838","18392","-76446","1524190550","297236500","-1226954050"
"009830","한화솔루션","127351","88351","-39000","4059285250","2818426400","-1240858850"
"011700","한신기계","90657","315","-90342","1262442600","4387400","-1258055200"
"003670","포스코케미칼","45315","35591","-9724","6075159000","4778240500","-1296918500"
"298020","효성티앤씨","4656","1439","-3217","1885799500","583160000","-1302639500"
"005387","현대차2우B","14955","1122","-13833","1417021300","106552200","-1310469100"
"138040","메리츠금융지주","127063","89649","-37414","4743350250","3364181100","-1379169150"
"010140","삼성중공업","524468","287649","-236819","3131941460","1723345140","-1408596320"
"241560","두산밥캣","54478","18345","-36133","2248680300","758646300","-1490034000"
"047040","대우건설","324901","103622","-221279","2207637880","704213070","-1503424810"
"009240","한샘","42731","21310","-21421","3019074700","1507543700","-1511531000"
"015230","대창단조","340881","29137","-311744","1730555860","148386375","-1582169485"
"000720","현대건설","112732","77177","-35555","5049758000","3460474450","-1589283550"
"002790","아모레G","58529","26197","-32332","2910160400","1305686200","-1604474200"
"020560","아시아나항공","106378","25488","-80890","2127082000","510410350","-1616671650"
"004430","송원산업","86442","22782","-63660","2315647200","610708900","-1704938300"
"028670","팬오션","470400","214428","-255972","3233951490","1471712860","-1762238630"
"039490","키움증권","27917","8063","-19854","2604602400","754226800","-1850375600"
"207940","삼성바이오로직스","11413","9165","-2248","9542431000","7679106000","-1863325000"
"003550","LG","56505","30877","-25628","4164064200","2279772900","-1884291300"
"128940","한미약품","15128","8848","-6280","4609956500","2700172000","-1909784500"
"042700","한미반도체","136969","2801","-134168","2067396400","42231200","-2025165200"
"004370","농심","8540","1659","-6881","2569788000","500469000","-2069319000"
"108670","LX하우시스","41833","5075","-36758","2384872400","289368400","-2095504000"
"028050","삼성엔지니어링","190008","104889","-85119","4958286850","2740755750","-2217531100"
"002460","화성산업","100043","6","-100037","2299587450","139550","-2299447900"
"286940","롯데정보통신","69523","270","-69253","2400823800","9208450","-2391615350"
"033780","KT&G","87063","57421","-29642","7189224200","4746955900","-2442268300"
"028260","삼성물산","83249","61909","-21340","9641905500","7180824500","-2461081000"
"005830","DB손해보험","63064","18733","-44331","4122244600","1226835100","-2895409500"
"003490","대한항공","221564","124129","-97435","6646376450","3726055200","-2920321250"
"004000","롯데정밀화학","46494","9877","-36617","3802442500","809174800","-2993267700"
"032640","LG유플러스","343654","127323","-216331","4794892150","1779440250","-3015451900"
"139480","이마트","28785","4853","-23932","3742582500","635946500","-3106636000"
"009150","삼성전기","111456","92616","-18840","18634441000","15497355000","-3137086000"
"402340","SK스퀘어","89217","24846","-64371","4606215500","1286354400","-3319861100"
"042660","대우조선해양","146148","12177","-133971","3731319400","312748450","-3418570950"
"112610","씨에스윈드","85880","25807","-60073","4969747200","1493733300","-3476013900"
"298050","효성첨단소재","8118","628","-7490","3794444000","294337000","-3500107000"
"005490","POSCO홀딩스","68273","55377","-12896","19927544500","16163481500","-3764063000"
"086280","현대글로비스","59330","39911","-19419","12187711000","8218301500","-3969409500"
"001450","현대해상","180624","49441","-131183","5630832350","1540317250","-4090515100"
"005300","롯데칠성","34538","14099","-20439","6954459500","2859876000","-4094583500"
"251270","넷마블","65233","20091","-45142","6079798900","1875370400","-4204428500"
"000810","삼성화재","30983","10312","-20671","6339938500","2112287500","-4227651000"
"000100","유한양행","97763","27448","-70315","5910415600","1661167600","-4249248000"
"034020","두산에너빌리티","837299","630724","-206575","17559663000","13215813800","-4343849200"
"012330","현대모비스","68616","46777","-21839","14199823500","9685177500","-4514646000"
"034220","LG디스플레이","562436","294609","-267827","9629681700","5053394000","-4576287700"
"000660","SK하이닉스","1492095","1447893","-44202","165241933000","160356631500","-4885301500"
"035420","NAVER","137753","119940","-17813","38863703500","33875061500","-4988642000"
"068270","셀트리온","78491","49485","-29006","13608352500","8608742000","-4999610500"
"097950","CJ제일제당","21785","8571","-13214","8454136500","3328556500","-5125580000"
"015760","한국전력","387764","139525","-248239","8643219150","3117022450","-5526196700"
"096770","SK이노베이션","105337","77276","-28061","21452971000","15760359500","-5692611500"
"010130","고려아연","19020","8832","-10188","10797618000","5018764000","-5778854000"
"105560","KB금융","256496","156879","-99617","15060706700","9223875100","-5836831600"
"004170","신세계","30530","4755","-25775","7504755000","1171166500","-6333588500"
"323410","카카오뱅크","275599","118969","-156630","11413830400","4932748400","-6481082000"
"017670","SK텔레콤","159048","43501","-115547","9135439700","2501432200","-6634007500"
"090430","아모레퍼시픽","85734","36759","-48975","15012931000","6432394500","-8580536500"
"030200","KT","408907","163536","-245371","14413617900","5774629850","-8638988050"
"005930","삼성전자","8090176","7939521","-150655","549450521100","539740656300","-9709864800"
"005380","현대차","327255","265977","-61278","60116642500","48869890500","-11246752000"
"329180","현대중공업","102477","15593","-86884","14167200000","2170730500","-11996469500"
"066570","LG전자","254214","112745","-141469","29460667000","13071611500","-16389055500"
"034730","SK","95951","28534","-67417","25264794500","7523246500","-17741548000"
"000270","기아","416785","203766","-213019","34755520800","16999514300","-17756006500"
"375500","DL이앤씨","475149","73368","-401781","26731960500","4145442000","-22586518500"
"377300","카카오페이","379637","167286","-212351","41060453000","18145856500","-22914596500"
"051900","LG생활건강","35340","8933","-26407","31328963000","7886048000","-23442915000"
"016380","KG스틸","1070574","20632","-1049942","25408566950","486115550","-24922451400"