종목코드,종목명,거래량_매도,거래량_매수,거래량_순매수,거래대금_매도,거래대금_매수,거래대금_순매수
"090710","휴림로봇","15763974","18138501","2374527","55644621050","64618595915","8973974865"
"247540","에코프로비엠","49477","66284","16807","25039545000","33616263900","8576718900"
"074600","원익QnC","197466","392282","194816","6486568650","13035366550","6548797900"
"053050","지에스이","1283977","1780202","496225","9680024650","13416003200","3735978550"
"112040","위메이드","143337","183713","40376","11471104000","14636408600","3165304600"
"145020","휴젤","31973","52015","20042","4089165800","6617347700","2528181900"
"067310","하나마이크론","37330","174672","137342","680484950","3185217800","2504732850"
"101160","월덱스","63737","151615","87878","1800000550","4277595100","2477594550"
"183300","코미코","23877","66885","43008","1373733900","3794230900","2420497000"
"131970","테스나","38299","84532","46233","1822128900","4014662950","2192534050"
"005290","동진쎄미켐","83182","138169","54987","3252524450","5399178150","2146653700"
"064760","티씨케이","13569","27958","14389","1969971100","4046569600","2076598500"
"215000","골프존","9811","21377","11566","1698442900","3703680100","2005237200"
"131390","원익피앤이","34613","99686","65073","1047267650","3029942050","1982674400"
"035760","CJ ENM","16463","31321","14858","2081880700","3964720400","1882839700"
"078600","대주전자재료","14427","36807","22380","1203954000","3072473000","1868519000"
"289220","자이언트스텝","33795","96394","62599","1003722450","2853738650","1850016200"
"000440","중앙에너비스","62414","111106","48692","2237835600","3975356600","1737521000"
"039030","이오테크닉스","9475","25437","15962","1031841600","2767475200","1735633600"
"101170","우림피티에스","541101","837494","296393","3050338700","4752917440","1702578740"
"049070","인탑스","17540","61543","44003","680084800","2376434550","1696349750"
"104830","원익머트리얼즈","49613","91979","42366","1918254300","3563683950","1645429650"
"095340","ISC","116749","158484","41735","4446580250","6059952250","1613372000"
"330730","스톤브릿지벤처스","49401","242089","192688","397140900","1929043800","1531902900"
"008830","대동기어","354441","468038","113597","3927800460","5400605210","1472804750"
"084370","유진테크","17747","51273","33526","767296100","2223265700","1455969600"
"251120","바이오에프디엔씨","458853","517550","58697","12472532750","13899949950","1427417200"
"014200","광림","3736747","4278636","541889","10119939915","11459290550","1339350635"
"054210","이랜텍","58489","111031","52542","1325557200","2525265650","1199708450"
"140670","알에스오토메이션","113864","179377","65513","2009332100","3164426850","1155094750"
"068240","다원시스","32949","70822","37873","991683000","2130617100","1138934100"
"088290","이원컴포텍","93341","219622","126281","848907100","1954592920","1105685820"
"036710","심텍홀딩스","82802","272949","190147","480077790","1583577870","1103500080"
"078350","한양디지텍","45364","106224","60860","804602200","1871025100","1066422900"
"278280","천보","13019","16662","3643","3628065400","4644567100","1016501700"
"146320","비씨엔씨","25084","66317","41233","589857550","1561908100","972050550"
"065450","빅텍","57731","193730","135999","406869130","1366918640","960049510"
"122690","서진오토모티브","157537","404727","247190","603455025","1522959235","919504210"
"090460","비에이치","140747","172947","32200","3796145950","4656466700","860320750"
"067160","아프리카TV","70209","78153","7944","7606881400","8465493900","858612500"
"214150","클래시스","112972","154277","41305","2312974800","3165307300","852332500"
"097870","효성오앤비","68653","125893","57240","971889150","1791080300","819191150"
"053270","구영테크","336938","539913","202975","1366812305","2180042005","813229700"
"064260","다날","88659","171408","82749","838795420","1614742630","775947210"
"137080","나래나노텍","21694","81878","60184","271198450","1022255200","751056750"
"205100","엑셈","107114","247681","140567","558029195","1265268215","707239020"
"102120","어보브반도체","5703","56850","51147","79014050","785913550","706899500"
"214450","파마리서치","5549","13257","7708","498974800","1196090200","697115400"
"067390","아스트","47752","145741","97989","340017960","1034528530","694510570"
"137400","피엔티","19928","33901","13973","961609650","1637012000","675402350"
"050860","아세아텍","1297978","1450536","152558","5651971970","6320383510","668411540"
"189300","인텔리안테크","1968","10203","8235","158967100","825228700","666261600"
"179900","유티아이","26545","66853","40308","430683050","1094231050","663548000"
"046890","서울반도체","20420","67439","47019","277671250","917620500","639949250"
"240810","원익IPS","74385","90057","15672","3024846100","3657913550","633067450"
"096530","씨젠","123856","139841","15985","5113757900","5746421100","632663200"
"323990","박셀바이오","56555","70200","13645","2592463100","3218232450","625769350"
"033640","네패스","14375","34810","20435","439775250","1064019750","624244500"
"143540","영우디에스피","245538","507855","262317","585924960","1203228450","617303490"
"095610","테스","36338","58569","22231","1009694600","1626221700","616527100"
"189860","서전기전","570854","620450","49596","7257329100","7868947400","611618300"
"219550","디와이디","777306","943815","166509","3397729310","3999554890","601825580"
"182400","엔케이맥스","11780","39562","27782","251863850","844778050","592914200"
"092070","디엔에프","14632","39548","24916","339034000","912903950","573869950"
"330860","네패스아크","2783","16049","13266","120302450","694066100","573763650"
"108320","LX세미콘","52762","57042","4280","6975513000","7544463000","568950000"
"024060","흥구석유","187645","253531","65886","1638697150","2204020280","565323130"
"038110","에코플라스틱","20737","213266","192529","59477155","613059780","553582625"
"086040","바이오톡스텍","83297","143025","59728","737334210","1262383300","525049090"
"299900","위지윅스튜디오","8112","24316","16204","261534550","783892450","522357900"
"099320","쎄트렉아이","2494","12965","10471","124555750","646144550","521588800"
"025980","아난티","63547","123114","59567","555561380","1076079420","520518040"
"101490","에스앤에스텍","11340","29628","18288","316946600","826852850","509906250"
"099190","아이센스","20583","36550","15967","636465750","1140179700","503713950"
"376300","디어유","8034","18872","10838","377038300","879002200","501963900"
"213420","덕산네오룩스","14401","25937","11536","606388750","1093026900","486638150"
"038540","상상인","80135","125869","45734","868302200","1348931700","480629500"
"051370","인터플렉스","6211","35118","28907","102217050","578815600","476598550"
"089530","에이티세미콘","1316399","1559300","242901","2686497065","3160919360","474422295"
"151860","KG ETS","50002","82769","32767","731013100","1197786100","466773000"
"003380","하림지주","85344","125906","40562","937475750","1379950700","442474950"
"091120","이엠텍","42561","53691","11130","1683531850","2125954050","442422200"
"054950","제이브이엠","21630","44082","22452","416737950","849159150","432421200"
"037950","엘컴텍","65836","336312","270476","102355090","521480575","419125485"
"059270","해성티피씨","10016","58106","48090","88351490","507291250","418939760"
"045390","대아티아이","40009","135588","95579","173546730","588870025","415323295"
"300080","플리토","3159","15374","12215","113051700","526306300","413254600"
"290670","대보마그네틱","4263","12732","8469","206528350","613372850","406844500"
"115160","휴맥스","19815","107345","87530","92078940","498632595","406553655"
"086960","한컴MDS","15643","33281","17638","358128200","760761450","402633250"
"090360","로보스타","32296","48342","16046","802713050","1202992750","400279700"
"068760","셀트리온제약","19781","24119","4338","1790208700","2182534000","392325300"
"239340","줌인터넷","1310974","1385521","74547","8404154870","8792021440","387866570"
"054050","농우바이오","21470","49953","28483","283945400","669861450","385916050"
"036010","아비코전자","24419","54162","29743","305927800","680699850","374772050"
"265520","AP시스템","18429","33721","15292","445201800","816963300","371761500"
"206400","베노홀딩스","41187","112889","71702","206558260","572246275","365688015"
"092300","현우산업","14879","83544","68665","79626100","445046590","365420490"
"060720","KH바텍","24622","42340","17718","498401900","856897800","358495900"
"121440","골프존뉴딘홀딩스","13741","52749","39008","124507780","479012320","354504540"
"382840","원준","3278","6490","3212","360378100","714519900","354141800"
"019590","엠벤처투자","194688","437231","242543","282456775","635975935","353519160"
"115530","씨엔플러스","64862","531294","466432","48316904","399814390","351497486"
"032850","비트컴퓨터","10979","49086","38107","100779950","451247790","350467840"
"016600","큐캐피탈","641265","1128179","486914","466912688","817209952","350297264"
"065510","휴비츠","19891","51702","31811","220317650","570145300","349827650"
"058630","엠게임","5909","40352","34443","59490460","405532270","346041810"
"096350","대창솔루션","1487020","2113093","626073","827908718","1173243759","345335041"
"319660","피에스케이","44226","51188","6962","2194313750","2538847550","344533800"
"900280","골든센츄리","2041724","2860327","818603","891232250","1230754609","339522359"
"044060","조광ILI","35424","73188","37764","316673950","654322190","337648240"
"278650","노터스","10806","19578","8772","410492500","743681300","333188800"
"376980","원티드랩","71265","79490","8225","2412150500","2742611400","330460900"
"101670","코리아에스이","52156","210604","158448","107915105","437536040","329620935"
"102370","케이옥션","16517","29351","12834","416785150","742406400","325621250"
"061970","엘비세미콘","18070","45468","27398","213703900","538178500","324474600"
"076080","웰크론한텍","14919","94109","79190","59866860","380352165","320485305"
"089030","테크윙","5980","20571","14591","130737950","450238000","319500050"
"089970","에이피티씨","9203","24363","15160","194108150","512787900","318679750"
"018310","삼목에스폼","22962","35361","12399","587651800","901628850","313977050"
"215100","로보로보","463016","491608","28592","4782027700","5091146520","309118820"
"235980","메드팩토","14533","24361","9828","452648600","760224150","307575550"
"219420","링크제니시스","6367","43651","37284","52601550","359043960","306442410"
"031980","피에스케이홀딩스","8554","30520","21966","117855350","420991900","303136550"
"199800","툴젠","402","4716","4314","28021300","327452000","299430700"
"060540","에스에이티","6736","108118","101382","19338450","308739505","289401055"
"020400","대동금속","110038","131580","21542","1561949300","1840333900","278384600"
"033130","디지틀조선","7686","95939","88253","23858410","296721595","272863185"
"217500","러셀","39377","99204","59827","179439680","451297920","271858240"
"377480","마인즈랩","9730","21552","11822","222785050","493991200","271206150"
"258830","세종메디칼","23841","90659","66818","96655410","366645345","269989935"
"125210","아모그린텍","33002","54280","21278","414815200","684237150","269421950"
"089980","상아프론테크","5892","12646","6754","231966650","498388850","266422200"
"160980","싸이맥스","2543","16589","14046","47851050","313757200","265906150"
"080520","오디텍","5524","40992","35468","41208330","306592960","265384630"
"033540","파라텍","36670","160790","124120","78747185","342802845","264055660"
"117670","알파홀딩스","8635","97299","88664","25360220","286197585","260837365"
"140520","대창스틸","90824","151453","60629","392346830","650868505","258521675"
"043260","성호전자","20727","179323","158596","33252435","291449355","258196920"
"290550","디케이티","7202","25032","17830","101488250","351854150","250365900"
"187270","신화콘텍","40509","91534","51025","199170340","447471500","248301160"
"361570","알비더블유","9984","22740","12756","197266050","444451050","247185000"
"179290","엠아이텍","52539","76236","23697","552828800","799342350","246513550"
"019210","와이지-원","55230","80954","25724","522370130","766562630","244192500"
"069330","유아이디","44631","127255","82624","132849050","376210410","243361360"
"293780","압타바이오","35440","48067","12627","679506200","919762500","240256300"
"380320","삼성머스트스팩5호","455957","519463","63506","2185811115","2424652305","238841190"
"134580","탑코미디어","15574","39034","23460","157078440","393334090","236255650"
"004780","대륙제관","3940","44939","40999","22849910","258857500","236007590"
"119850","지엔씨에너지","3256","51917","48661","15592915","248409195","232816280"
"003310","대주산업","2352347","2378598","26251","11091622240","11323316825","231694585"
"239890","피엔에이치테크","3947","12083","8136","110845250","339576300","228731050"
"033160","엠케이전자","13900","28959","15059","211863950","440175850","228311900"
"356860","티엘비","6910","12290","5380","289747200","515144200","225397000"
"017890","한국알콜","2568","20922","18354","31051500","251075150","220023650"
"214370","케어젠","5865","7781","1916","698286900","917591700","219304800"
"241840","에이스토리","7737","15582","7845","218851200","435400800","216549600"
"045660","에이텍","28425","43721","15296","395845300","611630600","215785300"
"036810","에프에스티","7302","16876","9574","162529100","373474300","210945200"
"067570","엔브이에이치코리아","9247","56325","47078","41736080","252420655","210684575"
"033230","인성정보","112272","183976","71704","323818310","529977820","206159510"
"096610","알에프세미","4733","54313","49580","19544220","222059775","202515555"
"108860","셀바스AI","27590","52789","25199","221281180","422841100","201559920"
"052300","초록뱀컴퍼니","9217","172423","163206","11297860","211075045","199777185"
"348210","넥스틴","4664","7525","2861","327001500","526329600","199328100"
"043370","피에이치에이","4826","26440","21614","44573270","243863750","199290480"
"080010","이상네트웍스","3637","29432","25795","27957600","225926530","197968930"
"084730","팅크웨어","3040","14044","11004","55276400","252564800","197288400"
"083310","엘오티베큠","4174","17474","13300","60358950","253336650","192977700"
"092600","앤씨앤","39242","84001","44759","166765055","358123550","191358495"
"025320","시노펙스","64335","128951","64616","188229880","375421845","187191965"
"029960","코엔텍","11351","33615","22264","95271070","282173230","186902160"
"218150","미래생명자원","221812","241568","19756","2134301590","2317030840","182729250"
"060230","소니드","2435769","2609159","173390","3037762330","3220392690","182630360"
"365270","큐라클","70456","78722","8266","1520269450","1702471200","182201750"
"024740","한일단조","73685","132425","58740","225179165","407278200","182099035"
"274090","켄코아에어로스페이스","98392","110132","11740","1512292400","1693857450","181565050"
"079810","디이엔티","23519","45401","21882","193322870","374450230","181127360"
"022100","포스코 ICT","38289","67103","28814","239186460","418489740","179303280"
"010280","쌍용정보통신","73224","228462","155238","83941790","261862045","177920255"
"187220","디티앤씨","6686","29129","22443","52278780","228476590","176197810"
"016920","카스","33351","92677","59326","96870645","268956590","172085945"
"317830","에스피시스템스","62937","79047","16110","667103450","839147400","172043950"
"069540","라이트론","9881","49142","39261","43108060","214710385","171602325"
"294630","서남","39730","94394","54664","127664985","299027275","171362290"
"079950","인베니아","9350","71637","62287","25580930","196534355","170953425"
"059210","메타바이오메드","5149","61532","56383","15472250","185862220","170389970"
"027580","상보","3473","91249","87776","6652700","175469425","168816725"
"013720","CBI","514506","590681","76175","1198688530","1367441700","168753170"
"030520","한글과컴퓨터","9238","17169","7931","194021200","359894400","165873200"
"281740","레이크머티리얼즈","11573","47487","35914","53020320","217553095","164532775"
"094970","제이엠티","5620","45819","40199","22920005","186447085","163527080"
"241790","오션브릿지","3741","14442","10701","57344000","220833000","163489000"
"397500","대신밸런스제11호스팩","4969","65806","60837","12893315","176070720","163177405"
"036200","유니셈","5960","20674","14714","65703050","228867150","163164100"
"066430","와이오엠","36469","99211","62742","93589970","256429930","162839960"
"099430","바이오플러스","2795","8700","5905","76979500","238285750","161306250"
"156100","엘앤케이바이오","29273","41997","12724","404831100","565790550","160959450"
"082660","코스나인","186642","342551","155909","194271285","354715280","160443995"
"036540","SFA반도체","83510","107572","24062","550946940","710497940","159551000"
"039610","화성밸브","7358","29293","21935","53011670","211123670","158112000"
"166480","코아스템","8214","19212","10998","117270700","274580400","157309700"
"053950","경남제약","6279","57955","51676","18939660","174647830","155708170"
"141000","비아트론","32967","47474","14507","367781450","522579350","154797900"
"114810","아이원스","68941","84757","15816","675621980","830121080","154499100"
"099410","동방선기","66154","96080","29926","340666320","493207640","152541320"
"282880","코윈테크","11190","16049","4859","353081000","503210250","150129250"
"297890","HB솔루션","16798","24893","8095","316694500","466411100","149716600"
"263810","상신전자","7398","40563","33165","33346460","182684315","149337855"
"253590","네오셈","21861","56805","34944","92593445","240427830","147834385"
"348370","엔켐","8342","10078","1736","698305100","844510900","146205800"
"114450","KPX생명과학","8339","31502","23163","52719250","198062800","145343550"
"258610","케일럼","112668","144436","31768","548621035","693595760","144974725"
"032190","다우데이타","5087","15509","10422","70788500","215455550","144667050"
"124560","태웅로직스","6522","21844","15322","61875300","206514960","144639660"
"099220","SDN","56403","126081","69678","116170450","260503670","144333220"
"160550","NEW","9220","22864","13644","96173700","239861850","143688150"
"347770","핌스","2479","9117","6638","53574850","196760050","143185200"
"186230","그린플러스","8313","16563","8250","144610800","287695900","143085100"
"051160","지어소프트","6424","14875","8451","106943250","248936250","141993000"
"353590","오토앤","69950","79655","9705","1042310850","1184063150","141752300"
"041830","인바디","8767","13783","5016","248388650","388809350","140420700"
"187660","에이디엠코리아","68925","99621","30696","315411055","455267395","139856340"
"075970","동국알앤에스","92192","120061","27869","456986380","596685575","139699195"
"065440","이루온","28447","91515","63068","63015415","202641455","139626040"
"064290","인텍플러스","10187","15398","5211","272556950","412159800","139602850"
"171010","램테크놀러지","6802","24932","18130","51932790","189348430","137415640"
"056360","코위버","1571","16650","15079","14229050","150988980","136759930"
"082270","젬백스","14183","23637","9454","205951750","342402250","136450500"
"065060","지엔코","47874","218083","170209","38174125","174498598","136324473"
"122990","와이솔","1087","13015","11928","12275200","147069900","134794700"
"333430","일승","72615","103254","30639","310039405","443722105","133682700"
"140070","서플러스글로벌","13457","39951","26494","67248205","199781945","132533740"
"065770","CS","8503","62285","53782","20710730","151761605","131050875"
"190510","나무가","7635","18423","10788","92140100","223037000","130896900"
"085810","알티캐스트","9894","59615","49721","25816960","156422600","130605640"
"004650","창해에탄올","14023","23051","9028","204165200","334455500","130290300"
"001000","신라섬유","12621","65200","52579","31349190","161460665","130111475"
"094820","일진파워","214815","221897","7082","4995363000","5123416600","128053600"
"115450","HLB테라퓨틱스","10499","25474","14975","88670660","214769520","126098860"
"019570","리더스 기술투자","11554","249396","237842","6160556","132129437","125968881"
"066410","버킷스튜디오","154834","194722","39888","485963800","611534455","125570655"
"307180","아이엘사이언스","9253","39245","29992","37695030","160250895","122555865"
"032280","삼일","5921","48980","43059","16836945","139131055","122294110"
"037030","파워넷","7412","31931","24519","36594330","157731570","121137240"
"126880","제이엔케이히터","56887","74642","17755","387225990","507399420","120173430"
"256630","포인트엔지니어링","82074","117483","35409","273145880","392711190","119565310"
"063760","이엘피","1855","18743","16888","13112980","132057560","118944580"
"900340","윙입푸드","436601","500731","64130","793474935","911751530","118276595"
"294570","쿠콘","6306","8802","2496","296618500","414684400","118065900"
"396300","세아메카닉스","12743","32096","19353","77302350","194457870","117155520"
"044490","태웅","2031","11703","9672","24496900","140723550","116226650"
"096870","엘디티","12935","35472","22537","65538815","179303325","113764510"
"086670","비엠티","2665","11522","8857","34128450","147188350","113059900"
"036170","클라우드에어","4292","84853","80561","5965820","118954685","112988865"
"177830","파버나인","9539","30760","21221","50801960","163355160","112553200"
"118990","모트렉스","14788","18476","3688","475061650","587438400","112376750"
"086390","유니테스트","2427","6800","4373","62347850","174656000","112308150"
"124500","아이티센","6583","27957","21374","34205080","145430000","111224920"
"038680","에스넷","5512","20250","14738","41642900","152775430","111132530"
"950130","엑세스바이오","21207","28419","7212","334413900","444324950","109911050"
"042500","링네트","20516","38670","18154","130507740","240038220","109530480"
"051780","큐로홀딩스","396341","562820","166479","268819337","378145886","109326549"
"007680","대원","2508","13023","10515","26020900","135244800","109223900"
"041930","동아화성","555","10019","9464","6362450","114915850","108553400"
"039740","한국정보공학","3572","25918","22346","17295235","125600940","108305705"
"032540","TJ미디어","7879","23183","15304","55960840","163889840","107929000"
"016250","SGC이테크건설","526","2437","1911","29499000","136563200","107064200"
"000250","삼천당제약","22286","24741","2455","992537600","1099122100","106584500"
"099390","브레인즈컴퍼니","2384","6417","4033","63396050","169773450","106377400"
"212560","네오오토","21334","33781","12447","181581330","287772480","106191150"
"089790","제이티","3938","16450","12512","33199090","138549050","105349960"
"265560","영화테크","7634","13671","6037","131973050","236854200","104881150"
"042110","에스씨디","17065","62629","45564","39600570","144364280","104763710"
"101330","모베이스","217","28515","28298","800995","105491385","104690390"
"245620","EDGC","21986","49887","27901","82454140","186708080","104253940"
"052900","KMH하이텍","48388","109594","61206","81894255","185500225","103605970"
"013030","하이록코리아","6891","12239","5348","130423500","232974700","102551200"
"037070","파세코","11877","17103","5226","231347550","333761300","102413750"
"032580","피델릭스","22269","81450","59181","38750740","141059740","102309000"
"033320","제이씨현시스템","42434","56750","14316","313391570","415669360","102277790"
"075130","플랜티넷","26634","53023","26389","103946120","206066970","102120850"
"087260","모바일어플라이언스","9907","35275","25368","39556310","140770460","101214150"
"306040","에스제이그룹","2984","6898","3914","76631400","177191800","100560400"
"046110","한일네트웍스","15293","25962","10669","142324550","242544660","100220110"
"066670","디스플레이텍","6733","18936","12203","54481550","153732700","99251150"
"037400","우리엔터프라이즈","7680","38229","30549","24582120","122322180","97740060"
"217270","넵튠","2589","8486","5897","42143400","137974600","95831200"
"225590","패션플랫폼","114033","154921","40888","264615970","360422460","95806490"
"104040","대성파인텍","10332","54801","44469","22223650","117912355","95688705"
"094170","동운아나텍","10296","25526","15230","63506690","156706090","93199400"
"054450","텔레칩스","14983","20235","5252","266718850","359911900","93193050"
"053290","NE능률","27799","40334","12535","209512040","302387910","92875870"
"255220","SG","67047","115512","48465","130781380","223613275","92831895"
"200710","에이디테크놀로지","2517","7660","5143","45267050","137872450","92605400"
"264450","유비쿼스","8800","12639","3839","211619350","304173550","92554200"
"048870","시너지이노베이션","3772","25738","21966","15632645","106958245","91325600"
"076610","해성옵틱스","42024","137818","95794","39588940","130401920","90812980"
"097800","윈팩","1877","50608","48731","3456810","93682510","90225700"
"048430","유라테크","3671","12587","8916","37248050","127286900","90038850"
"053450","세코닉스","6641","15202","8561","68976350","158177500","89201150"
"006920","모헨즈","17027","30836","13809","110621040","199464630","88843590"
"131220","대한과학","3450","13181","9731","30865000","117825100","86960100"
"095910","에스에너지","6616","29039","22423","25639590","112258830","86619240"
"109820","진매트릭스","5362","19942","14580","31710150","118066400","86356250"
"122640","예스티","53706","64189","10483","444901220","531231810","86330590"
"290520","신도기연","1972","8052","6080","27941650","114190850","86249200"
"352940","인바이오","8547","20999","12452","58410700","143497530","85086830"
"293580","나우IB","893","9094","8201","9227700","94166200","84938500"
"217820","엔에스","131770","140106","8336","1508898050","1593734200","84836150"
"054090","삼진엘앤디","9809","38301","28492","28786905","112713005","83926100"
"067920","이글루","9086","19547","10461","72274800","155735480","83460680"
"065350","신성델타테크","6669","12619","5950","91975750","174740750","82765000"
"208710","바이오로그디바이스","50035","102711","52676","77981080","160264070","82282990"
"093380","풍강","4364","22244","17880","20140250","102418890","82278640"
"039240","경남스틸","48091","64462","16371","238965040","320283815","81318775"
"290690","소룩스","772","7609","6837","9150700","90135300","80984600"
"047310","파워로직스","12836","23417","10581","98438060","179306600","80868540"
"184230","SGA솔루션즈","50299","117368","67069","61226365","141686425","80460060"
"072950","빛샘전자","2845","12794","9949","22974620","103335370","80360750"
"299030","하나기술","2772","4100","1328","166385700","246685700","80300000"
"035200","프럼파스트","49588","62303","12715","315705840","395939680","80233840"
"063570","한국전자금융","7292","19739","12447","46697280","126714910","80017630"
"033050","제이엠아이","0","59165","59165","0","79965870","79965870"
"011040","경동제약","8110","15825","7715","83498850","162845100","79346250"
"195990","에이비프로바이오","423716","513875","90159","388586564","467447898","78861334"
"170920","엘티씨","630","7822","7192","6942750","85803650","78860900"
"036800","나이스정보통신","8513","11054","2541","263256450","341818400","78561950"
"211050","인카금융서비스","882","5155","4273","16156800","94469550","78312750"
"071200","인피니트헬스케어","2221","13160","10939","15817450","93984650","78167200"
"127120","디엔에이링크","11120","31518","20398","42262155","120055410","77793255"
"056080","유진로봇","743078","754385","11307","5301989340","5379488830","77499490"
"031330","에스에이엠티","98409","117313","18904","448303435","525664595","77361160"
"024800","유성티엔에스","7274","29513","22239","25185455","102343720","77158265"
"079960","동양이엔피","832","5292","4460","14332900","91107450","76774550"
"130500","GH신소재","6508","21208","14700","33734320","110391340","76657020"
"093640","다믈멀티미디어","7965","26640","18675","32628600","109238655","76610055"
"036090","위지트","55244","116784","61540","68843895","145436595","76592700"
"192410","THQ","60791","87454","26663","172387440","248617820","76230380"
"377450","리파인","6172","11413","5241","89927700","166032000","76104300"
"101390","아이엠","13101","24128","11027","91854910","167762960","75908050"
"050110","캠시스","13435","54062","40627","25085330","100944990","75859660"
"227950","엔투텍","24548","69931","45383","40577170","115093660","74516490"
"086980","쇼박스","93910","106297","12387","569418230","643882600","74464370"
"039860","나노엔텍","7618","19207","11589","48613550","122508990","73895440"
"038010","제일테크노스","11523","23325","11802","71861580","145372540","73510960"
"104480","티케이케미칼","43227","57788","14561","216842675","289240735","72398060"
"250060","모비스","8980","40962","31982","20263665","91543255","71279590"
"330350","위더스제약","1630","8695","7065","16177450","86178550","70001100"
"050090","비케이홀딩스","38701","129159","90458","29971462","99856547","69885085"
"096040","이트론","49612","303383","253771","13497039","82713869","69216830"
"147760","마이크로프랜드","4256","15836","11580","25404000","94589200","69185200"
"060240","룽투코리아","91247","102083","10836","594060860","662594910","68534050"
"038530","골드퍼시픽","44116","125146","81030","37515266","105768981","68253715"
"138080","오이솔루션","2880","5282","2402","81785100","149646550","67861450"
"032080","아즈텍WB","23533","45763","22230","71477960","138703290","67225330"
"048410","현대바이오","59676","61793","2117","1734483600","1801548650","67065050"
"038060","루멘스","35291","82322","47031","49456205","116040280","66584075"
"077360","덕산하이메탈","8271","15349","7078","78176340","144368340","66192000"
"144960","뉴파워프라즈마","976","13411","12435","5205430","71124560","65919130"
"079000","와토스코리아","5840","14574","8734","44066240","109612080","65545840"
"053350","이니텍","8024","22359","14335","37232215","102319595","65087380"
"244460","올리패스","3500","11445","7945","28618110","93642730","65024620"
"277810","레인보우로보틱스","8608","11493","2885","197597450","262156750","64559300"
"045300","성우테크론","11639","22299","10660","70164080","134677060","64512980"
"090150","아이윈","42316","67909","25593","106303995","170563035","64259040"
"277410","인산가","95262","120379","25117","244759520","307413410","62653890"
"036640","HRS","32948","40954","8006","256827330","319055610","62228280"
"036120","SCI평가정보","6148","23099","16951","22488570","84020200","61531630"
"109080","옵티시스","1144","5058","3914","17892000","79383350","61491350"
"318000","KBG","115","7747","7632","925910","61988890","61062980"
"049080","기가레인","17841","45897","28056","39732220","100747495","61015275"
"284620","카이노스메드","25819","47652","21833","70175365","130943155","60767790"
"033100","제룡전기","2443","13948","11505","12631260","72648070","60016810"
"053300","한국정보인증","1670","10669","8999","11132590","71104500","59971910"
"347860","알체라","3638","6391","2753","77851200","137293050","59441850"
"357230","에이치피오","1695","6253","4558","22156200","81486900","59330700"
"376290","씨유테크","3259","11759","8500","22797160","81914630","59117470"
"272110","케이엔제이","11051","14878","3827","162276150","220954750","58678600"
"127710","아시아경제","8788","28282","19494","26298060","84552740","58254680"
"100700","세운메디칼","4121","19163","15042","15820265","73370785","57550520"
"063440","SM Life Design","51267","71982","20715","142249070","199558230","57309160"
"089890","코세스","10868","16123","5255","118098750","175075650","56976900"
"308100","까스텔바작","3468","9025","5557","35110100","91793950","56683850"
"101930","인화정공","2201","5473","3272","37413600","93307500","55893900"
"044780","에이치케이","36235","56549","20314","97089410","152429725","55340315"
"272290","이녹스첨단소재","45502","46667","1165","2242283700","2297321050","55037350"
"227610","아우딘퓨쳐스","23437","55187","31750","41231485","96108520","54877035"
"322780","코퍼스코리아","9575","26706","17131","30407350","85227755","54820405"
"054300","팬스타엔터프라이즈","10886","72141","61255","9673691","64120820","54447129"
"115500","케이씨에스","5750","13730","7980","39233830","93394580","54160750"
"017510","세명전기","833","12892","12059","3744225","57755540","54011315"
"079940","가비아","674","4552","3878","9402450","62922300","53519850"
"014620","성광벤드","19153","24741","5588","184119090","237614600","53495510"
"065500","오리엔트정공","7007","35095","28088","13244620","66680190","53435570"
"286750","나노브릭","987","20550","19563","2669830","55590795","52920965"
"203690","프로스테믹스","9239","28190","18951","25569355","78229935","52660580"
"277070","린드먼아시아","650","10084","9434","3620590","56139330","52518740"
"237750","피앤씨테크","4504","11505","7001","34007290","86303640","52296350"
"054410","케이피티유","1176","8702","7526","8222410","60449570","52227160"
"131100","스카이이앤엠","2703","19350","16647","8503625","60231775","51728150"
"109610","에스와이","50585","65506","14921","172735730","224254890","51519160"
"052710","아모텍","6571","8340","1769","184197200","235270900","51073700"
"065530","와이어블","1354","19010","17656","3935820","54861735","50925915"
"115610","이미지스","12708","33609","20901","30941375","81834965","50893590"
"096690","에이루트","80183","177462","97279","41893520","92453556","50560036"
"023410","유진기업","32957","42784","9827","168957650","219219850","50262200"
"285490","노바텍","1567","2867","1300","60397950","110356750","49958800"
"251630","브이원텍","3450","8335","4885","35012700","84426950","49414250"
"080470","성창오토텍","1509","7799","6290","11710740","60614780","48904040"
"276730","제주맥주","24046","40474","16428","71449030","120301795","48852765"
"263050","유틸렉스","2192","5698","3506","30772250","79592400","48820150"
"041920","메디아나","1666","9651","7985","10201210","58975400","48774190"
"078940","코드네이처","18225","48928","30703","28609895","76930305","48320410"
"131090","시큐브","409","34238","33829","574610","48117545","47542935"
"307930","컴퍼니케이","5807","10694","4887","55607300","102413890","46806590"
"318410","비비씨","2135","5484","3349","30088500","76827450","46738950"
"159010","아스플로","1693","3838","2145","36164400","82418200","46253800"
"039840","디오","4811","6161","1350","165867150","212028950","46161800"
"067770","세진티에스","1938","12406","10468","8479050","54333575","45854525"
"105740","디케이락","1509","5241","3732","18111450","63201150","45089700"
"105330","케이엔더블유","3737","8383","4646","36160500","80706640","44546140"
"091590","남화토건","3746","8487","4741","35128100","79349170","44221070"
"023440","제이스코홀딩스","3166","19813","16647","8308365","51848375","43540010"
"081580","성우전자","8358","20743","12385","29612460","73114340","43501880"
"066130","하츠","8178","12582","4404","80551870","123814930","43263060"
"311390","네오크레마","1794","4285","2491","31156950","74241350","43084400"
"071280","로체시스템즈","7149","14857","7708","40163520","83135610","42972090"
"217480","에스디생명공학","10321","23788","13467","33560425","76520875","42960450"
"049830","승일","7171","10378","3207","93753450","136168650","42415200"
"066980","이엔코퍼레이션","3101","13780","10679","12187890","54446670","42258780"
"045520","크린앤사이언스","1586","4395","2809","23776750","65473150","41696400"
"024810","이화전기","9344","45087","35743","10936025","52534135","41598110"
"232140","와이아이케이","10047","18049","8002","52484920","94056500","41571580"
"153710","옵티팜","5061","8981","3920","53544000","94946900","41402900"
"169330","엠브레인","3972","13101","9129","18034370","59427345","41392975"
"095270","웨이브일렉트로","3816","11992","8176","19217235","60531195","41313960"
"008290","원풍물산","768648","806454","37806","899356325","940607297","41250972"
"287410","제이시스메디칼","119056","124198","5142","989923860","1030106820","40182960"
"050890","쏠리드","32951","38919","5968","217831360","257982260","40150900"
"367000","플래티어","1338","3818","2480","21695250","61676650","39981400"
"036560","영풍정밀","1221","5158","3937","12323550","52070500","39746950"
"094480","갤럭시아머니트리","29384","33655","4271","264419910","303901950","39482040"
"026910","광진실업","1426","8235","6809","7893530","45779810","37886280"
"007820","에스엠코어","6654","12210","5556","45520000","83379180","37859180"
"054180","메디콕스","73625","123828","50203","55654954","93433715","37778761"
"032960","동일기연","1340","4341","3001","17032150","54672400","37640250"
"071670","에이테크솔루션","408","3270","2862","5324400","42831900","37507500"
"039290","인포뱅크","10895","12944","2049","196313300","233406050","37092750"
"290120","대유에이피","945","6516","5571","6260380","43272910","37012530"
"226330","신테카바이오","4511","7315","2804","59938500","96699300","36760800"
"040350","큐로컴","14936","45657","30721","17875040","54500395","36625355"
"052670","제일바이오","9303","24368","15065","22862700","59244705","36382005"
"031510","오스템","12261","27223","14962","29625015","65719240","36094225"
"018290","브이티지엠피","3168","8288","5120","22284100","58180110","35896010"
"111870","KH 전자","39967","97233","57266","24868186","60666094","35797908"
"277880","티에스아이","5014","7952","2938","61872750","97541300","35668550"
"068050","팬엔터테인먼트","4256","11934","7678","19646665","55248755","35602090"
"073010","케이에스피","11484","28898","17414","23325765","58911075","35585310"
"353190","휴럼","13153","31429","18276","25474295","60572180","35097885"
"014970","삼륭물산","1273","6751","5478","8195920","43268440","35072520"
"126640","화신정공","40916","57525","16609","86155880","121028655","34872775"
"100790","미래에셋벤처투자","2781","6867","4086","23696270","58387720","34691450"
"197140","디지캡","4663","12229","7566","21349515","56023985","34674470"
"038950","파인디지털","1710","6854","5144","11517290","46131510","34614220"
"204630","스튜디오산타클로스","5541","8388","2847","66005200","100421600","34416400"
"263600","덕우전자","22157","26390","4233","181171590","215285350","34113760"
"036830","솔브레인홀딩스","2664","3884","1220","74641100","108700700","34059600"
"198080","엔피디","11483","22432","10949","35884240","69777200","33892960"
"065170","비엘팜텍","70880","98106","27226","88902330","122731735","33829405"
"123860","아나패스","5852","7159","1307","154436750","188156300","33719550"
"335890","비올","64532","77423","12891","170395125","204053335","33658210"
"134060","이퓨쳐","269","4827","4558","1981230","35568470","33587240"
"225430","케이엠제약","3657","20261","16604","7417265","41002565","33585300"
"051360","토비스","18459","22028","3569","173345640","206734940","33389300"
"214310","에스엘바이오닉스","2924","10483","7559","12744720","45668485","32923765"
"052220","iMBC","17137","24570","7433","75529955","108155560","32625605"
"253840","수젠텍","12729","15726","2997","140908500","173281150","32372650"
"041460","한국전자인증","33631","37759","4128","277944780","310093940","32149160"
"238120","얼라인드","2074","5137","3063","20955160","52774950","31819790"
"225190","삼양옵틱스","687","2952","2265","9580950","41071300","31490350"
"313760","윌링스","3186","5722","2536","39390650","70607450","31216800"
"049950","미래컴퍼니","473","1735","1262","11694900","42898600","31203700"
"073110","엘엠에스","1244","4702","3458","11138810","42054320","30915510"
"290270","휴네시온","6630","11681","5051","40682570","71534890","30852320"
"058110","멕아이씨에스","7439","12310","4871","47577780","78391700","30813920"
"226360","KH 건설","24981","60321","35340","21724675","52492665","30767990"
"208340","파멥신","5013","10735","5722","26845640","57422380","30576740"
"079190","케스피온","17733","38433","20700","25820415","56234980","30414565"
"048830","엔피케이","13222","26626","13404","30146765","60368090","30221325"
"053280","예스24","8019","11578","3559","67304100","97299180","29995080"
"082800","비보존 헬스케어","23559","50596","27037","25906900","55676295","29769395"
"049180","셀루메드","5349","10524","5175","30657500","60333220","29675720"
"021320","KCC건설","3071","6165","3094","29367130","58976010","29608880"
"208350","지란지교시큐리티","888","6442","5554","4761010","34348690","29587680"
"111710","남화산업","576","3811","3235","5204400","34636000","29431600"
"192390","윈하이텍","25454","32041","6587","111528125","140447235","28919110"
"032300","한국파마","4263","5166","903","145316050","174230400","28914350"
"170030","현대공업","29867","33487","3620","237997530","266873110","28875580"
"038880","아이에이","49390","77867","28477","49431410","78256315","28824905"
"078160","메디포스트","6845","8096","1251","155463950","184202600","28738650"
"115440","우리넷","9603","12242","2639","105341950","134063800","28721850"
"012620","원일특강","1804","3854","2050","25046900","53544950","28498050"
"054630","에이디칩스","11051","83002","71951","4230912","31840436","27609524"
"332290","누보","799228","811349","12121","2996826995","3024384855","27557860"
"222980","한국맥널티","61850","65431","3581","556357520","583758920","27401400"
"131370","알서포트","32234","37473","5239","173562790","200952220","27389430"
"200780","비씨월드제약","702","2959","2257","8514100","35828450","27314350"
"377030","맥스트","5126","6409","1283","108500450","135741950","27241500"
"038460","바이오스마트","34509","39868","5359","168490315","194833310","26342995"
"321550","티움바이오","489","2085","1596","8065650","34347950","26282300"
"205500","액션스퀘어","10863","17015","6152","45829335","71989075","26159740"
"012790","신일제약","41","2575","2534","420600","26464150","26043550"
"207760","미스터블루","2228","5410","3182","17964650","43579390","25614740"
"302430","이노메트리","261","2125","1864","3530000","28884050","25354050"
"241820","피씨엘","8962","9902","940","252481050","277768850","25287800"
"018680","서울제약","123","4157","4034","773080","25995270","25222190"
"331380","포커스에이치엔에스","3928","11930","8002","12242960","37298580","25055620"
"072020","중앙백신","2290","3988","1698","33393000","58365450","24972450"
"023790","동일철강","25954","33192","7238","88452365","113411810","24959445"
"092190","서울바이오시스","13359","16135","2776","121587590","146219860","24632270"
"039560","다산네트웍스","415","4135","3720","2750460","27332060","24581600"
"307280","원바이오젠","10358","24012","13654","18578055","42943190","24365135"
"044480","블루베리 NFT","4495","14045","9550","11425545","35597705","24172160"
"312610","에이에프더블류","101","5006","4905","494335","24491565","23997230"
"048910","대원미디어","1826","3252","1426","30797650","54706050","23908400"
"079170","한창산업","2338","4694","2356","23477010","46995500","23518490"
"263770","유에스티","1661","7365","5704","6806960","30240895","23433935"
"307870","비투엔","2257","10283","8026","6695555","30041090","23345535"
"196450","코아시아옵틱스","12536","20961","8425","33429040","56628950","23199910"
"013310","아진산업","18293","25727","7434","56773630","79810440","23036810"
"131180","딜리","30688","42206","11518","62953480","85961415","23007935"
"263800","데이타솔루션","257030","262068","5038","2161575140","2184504680","22929540"
"073570","WI","67266","83626","16360","94328215","116981350","22653135"
"215360","우리산업","476","1719","1243","8616500","31182750","22566250"
"050960","수산아이앤티","590","2418","1828","7327500","29840500","22513000"
"241690","유니테크노","14616","17242","2626","125833640","147993650","22160010"
"032800","판타지오","3846","34135","30289","2822180","24982084","22159904"
"263020","디케이앤디","3405","9420","6015","12346205","34104360","21758155"
"310870","디와이씨","5555","16122","10567","11492440","33163740","21671300"
"173940","에프엔씨엔터","1133","3304","2171","11080050","32722690","21642640"
"040300","YTN","7056","13320","6264","26036240","47431020","21394780"
"230980","에이트원","15650","32442","16792","19782385","41007300","21224915"
"113810","디젠스","332396","353395","20999","420834955","442007125","21172170"
"192440","슈피겐코리아","243","718","475","10679300","31660000","20980700"
"153490","우리이앤엘","6177","18590","12413","10488655","31463840","20975185"
"173130","오파스넷","25496","29296","3800","148096460","168905240","20808780"
"366030","공구우먼","7738","8304","566","277124400","297880850","20756450"
"064240","홈캐스트","8552","15246","6694","26967935","47714375","20746440"
"014470","부방","35384","41970","6586","114500955","135207555","20706600"
"038870","에코바이오","12506","15184","2678","96219260","116770230","20550970"
"187870","디바이스이엔지","1177","2025","848","27884550","48106200","20221650"
"171120","라이온켐텍","564","3023","2459","4710060","24844490","20134430"
"060310","3S","7030","13185","6155","22851400","42854900","20003500"
"189690","포시에스","7265","9430","2165","65984640","85857940","19873300"
"036690","코맥스","474","4809","4335","2163105","21995085","19831980"
"037460","삼지전자","332","1955","1623","4009850","23590950","19581100"
"311320","지오엘리먼트","2948","3795","847","68593250","88113850","19520600"
"030960","양지사","271","2095","1824","2872900","22347600","19474700"
"102940","코오롱생명과학","1245","1796","551","44235450","63458300","19222850"
"059090","미코","3817","5564","1747","42152750","61357750","19205000"
"080420","모다이노칩","17068","22323","5255","62327080","81468260","19141180"
"065690","파커스","4264","9928","5664","14373455","33267670","18894215"
"052790","액토즈소프트","1825","3386","1561","21748200","40574350","18826150"
"322310","오로스테크놀로지","762","1619","857","16635400","35182400","18547000"
"053080","원방테크","447","2003","1556","5207500","23351950","18144450"
"147830","제룡산업","14766","19799","5033","51774025","69548500","17774475"
"023460","CNH","1291","8706","7415","3098275","20715400","17617125"
"082850","우리바이오","30252","34271","4019","129239415","146731835","17492420"
"347890","엠투아이","1127","3030","1903","10362030","27848270","17486240"
"052460","아이크래프트","5058","9294","4236","20725950","38158970","17433020"
"104540","코렌텍","1403","2802","1399","17439450","34824200","17384750"
"263860","지니언스","7043","8771","1728","71240420","88265000","17024580"
"013810","스페코","50488","52656","2168","351187960","368145020","16957060"
"053700","삼보모터스","187","3383","3196","995240","17943960","16948720"
"290090","트윔","572","1448","876","11168400","28113100","16944700"
"083930","아바코","890","2469","1579","9434200","26125550","16691350"
"049720","고려신용정보","5743","7572","1829","53589260","70080440","16491180"
"900250","크리스탈신소재","3991","17514","13523","4853510","21339510","16486000"
"126340","비나텍","147","572","425","5697650","22142150","16444500"
"027040","서울전자통신","4527","23757","19230","3868931","20263090","16394159"
"363250","진시스템","3445","4809","1364","42220450","58402350","16181900"
"214260","라파스","2029","2463","434","74632050","90754800","16122750"
"048550","SM C&C","72008","75925","3917","312160385","328030590","15870205"
"098120","마이크로컨텍솔","8766","10043","1277","109831750","125471900","15640150"
"217190","제너셈","1876","3609","1733","16802190","32383590","15581400"
"262260","에이프로","2756","3732","976","44677200","60159350","15482150"
"264850","이랜시스","3727","8098","4371","13334380","28791075","15456695"
"214430","아이쓰리시스템","1","749","748","20000","14894500","14874500"
"288980","모아데이타","3911","5015","1104","54135300","68873400","14738100"
"029480","광무","8216","12107","3891","32254975","46940075","14685100"
"083640","인콘","2276","13657","11381","2923415","17475140","14551725"
"122310","제노레이","1153","2502","1349","12427450","26848650","14421200"
"300120","라온피플","358","1460","1102","4693300","19043250","14349950"
"065680","우주일렉트로","234","755","521","6380200","20520800","14140600"
"315640","딥노이드","3057","4260","1203","35899600","49702150","13802550"
"347740","피엔케이피부임상연구센타","1507","2209","702","29837000","43574650","13737650"
"121850","코이즈","62632","66911","4279","200120690","213856495","13735805"
"053980","오상자이엘","321","2267","1946","2260240","15930050","13669810"
"143160","아이디스","351","884","533","9146150","22805400","13659250"
"251370","와이엠티","888","1564","676","18069150","31673350","13604200"
"217330","싸이토젠","981","1209","228","58939100","72473400","13534300"
"128660","피제이메탈","26043","28347","2304","149946190","163448310","13502120"
"115570","스타플렉스","1012","3876","2864","4804380","18301465","13497085"
"288330","브릿지바이오테라퓨틱스","1073","2189","1116","12846500","26237000","13390500"
"214610","미코바이오메드","4188","5925","1737","32187770","45401160","13213390"
"095190","이엠코리아","3947","7582","3635","13912335","26737805","12825470"
"027830","대성창투","5109","9416","4307","15204925","27926985","12722060"
"234100","폴라리스세원","9089","12533","3444","33088855","45551020","12462165"
"081150","티플랙스","143076","144608","1532","828256700","840611210","12354510"
"042040","케이피엠테크","14407","30354","15947","11244934","23590803","12345869"
"275630","에스에스알","655","2668","2013","3975450","16205880","12230430"
"200230","텔콘RF제약","5622","11537","5915","11519390","23700775","12181385"
"138070","신진에스엠","2064","3981","1917","13423930","25601430","12177500"
"110990","디아이티","336","1701","1365","2990620","15155450","12164830"
"400560","하나금융20호스팩","2172","7074","4902","5357935","17507210","12149275"
"260660","알리코제약","3332","4917","1585","24966410","36829530","11863120"
"068790","DMS","2737","4543","1806","17359690","28786740","11427050"
"041910","에스텍파마","938","2143","1205","8800150","20215280","11415130"
"204270","제이앤티씨","2624","4421","1797","16614740","28010650","11395910"
"114840","아이패밀리에스씨","2041","2437","396","60669800","72039500","11369700"
"066700","테라젠이텍스","2308","4466","2158","11858730","22949840","11091110"
"043100","솔고바이오","23737","37438","13701","19074002","30161917","11087915"
"065570","삼영이엔씨","12565","14316","1751","81520710","92601910","11081200"
"320000","윈텍","4170","7917","3747","12259460","23329665","11070205"
"246710","티앤알바이오팹","5087","5543","456","116913650","127947300","11033650"
"351320","에스에이티이엔지","458","3211","2753","1825595","12802320","10976725"
"051390","YW","95","2641","2546","404750","11248255","10843505"
"064800","젬백스링크","7328","13846","6518","12191520","22990775","10799255"
"013120","동원개발","1408","3470","2062","7326250","18105870","10779620"
"021650","한국큐빅","1427","4033","2606","5761945","16269410","10507465"
"034810","해성산업","1038","1815","777","13783100","24091650","10308550"
"094940","푸른기술","6030","7016","986","61336250","71533950","10197700"
"347700","라이프시맨틱스","1702","3016","1314","13322230","23481470","10159240"
"072470","우리산업홀딩스","3091","5283","2192","14363545","24501120","10137575"
"025770","한국정보통신","2587","3827","1240","21154960","31292370","10137410"
"079650","서산","5554","9251","3697","15723720","25832635","10108915"
"361670","삼영에스앤씨","326","1418","1092","3034930","13068110","10033180"
"298870","다올인베스트먼트","6839","9189","2350","28867315","38836550","9969235"
"045510","정원엔시스","9806","14744","4938","19464510","29293140","9828630"
"142210","유니트론텍","6959","8631","1672","41232210","50935410","9703200"
"322510","제이엘케이","3044","4591","1547","18909160","28501460","9592300"
"261780","차백신연구소","1474","2747","1273","10789420","20078040","9288620"
"050760","에스폴리텍","1317","3777","2460","4947255","14107280","9160025"
"100590","머큐리","458","1666","1208","3452380","12565540","9113160"
"052860","아이앤씨","98","2575","2477","359195","9372295","9013100"
"391710","엔에이치스팩21호","7209","10482","3273","19440100","28276205","8836105"
"228850","레이언스","1575","2280","705","19341700","28122150","8780450"
"337930","브랜드엑스코퍼레이션","2054","3070","1016","17717540","26493780","8776240"
"214680","디알텍","61735","69152","7417","103098960","111327935","8228975"
"222420","쎄노텍","21456","25466","4010","42914335","51005155","8090820"
"035620","바른손이앤에이","6289","11999","5710","8787140","16713710","7926570"
"082210","옵트론텍","3511","4624","1113","24324690","32139550","7814860"
"094840","슈프리마에이치큐","6797","7798","1001","53221940","60910410","7688470"
"010170","대한광통신","3600","6871","3271","8507780","16192675","7684895"
"236810","엔비티","2928","3385","457","53057100","60702050","7644950"
"388720","유일로보틱스","51062","51288","226","1192701000","1200277800","7576800"
"317120","라닉스","631","1535","904","5013810","12173780","7159970"
"382800","지앤비에스엔지니어링","2258","2684","426","37916250","45044100","7127850"
"043360","디지아이","3446","5252","1806","13753365","20706560","6953195"
"060260","뉴보텍","80481","85336","4855","103436255","110371320","6935065"
"023600","삼보판지","329","809","480","4458850","10988100","6529250"
"236200","슈프리마","841","1098","257","20839700","27219100","6379400"
"123010","아이윈플러스","31146","35707","4561","42246545","48498600","6252055"
"092870","엑시콘","910","1385","475","11654650","17742050","6087400"
"066900","디에이피","4892","6330","1438","20344575","26374680","6030105"
"066310","큐에스아이","2173","2515","342","36316050","42167700","5851650"
"060480","국일신동","173","1740","1567","643910","6485540","5841630"
"321820","와이더플래닛","3064","3557","493","38398250","43987950","5589700"
"317770","슈프리마아이디","305","606","301","5531550","11019400","5487850"
"035610","솔본","8812","9879","1067","45271560","50726380","5454820"
"049430","코메론","3556","4020","464","42694800","48090650","5395850"
"123840","한일진공","3815","10576","6761","3078557","8451949","5373392"
"221980","케이디켐","21","364","343","319200","5532850","5213650"
"045970","코아시아","2817","3430","613","23645150","28738810","5093660"
"007330","푸른저축은행","808","1220","412","9838600","14917500","5078900"
"023900","풍국주정","904","1185","281","15944300","20882550","4938250"
"024850","피에스엠씨","13040","17214","4174","15359095","20294215","4935120"
"037330","인지디스플레","168","2102","1934","422675","5303710","4881035"
"321260","프로이천","2329","3864","1535","7050360","11657530","4607170"
"052020","에스티큐브","1362","2211","849","7301150","11842050","4540900"
"043710","서울리거","80846","83724","2878","123960140","128354505","4394365"
"032620","유비케어","6163","6801","638","43497140","47869720","4372580"
"138580","비즈니스온","1195","1575","380","13738200","18093050","4354850"
"031310","아이즈비전","4839","5929","1090","19135315","23436370","4301055"
"080720","한국유니온제약","886","1344","458","8132560","12337180","4204620"
"331920","셀레믹스","619","1054","435","5925260","10097130","4171870"
"087010","펩트론","726","1161","435","6898450","11064530","4166080"
"110020","전진바이오팜","1627","2413","786","8247710","12236710","3989000"
"263690","디알젬","265","653","388","2652510","6530890","3878380"
"106190","하이텍팜","369","677","308","4454900","8138750","3683850"
"071850","캐스텍코리아","5685","7015","1330","14388970","17882355","3493385"
"264660","씨앤지하이테크","57","321","264","725450","4087200","3361750"
"004590","한국가구","23765","24195","430","179827040","183120360","3293320"
"014940","오리엔탈정공","2814","3695","881","10318760","13540385","3221625"
"109740","디에스케이","256","708","452","1818080","5035130","3217050"
"258790","소프트캠프","4684","6005","1321","11215555","14337420","3121865"
"359090","씨엔알리서치","15940","17438","1498","33468585","36583760","3115175"
"328380","미래에셋대우스팩3호","367","1580","1213","941710","4043050","3101340"
"047560","이스트소프트","9695","10025","330","124348850","127282950","2934100"
"900270","헝셩그룹","5968","13139","7171","2405045","5296557","2891512"
"023760","한국캐피탈","170","3393","3223","150813","3005083","2854270"
"036030","케이티알파","2323","2748","425","14714470","17433150","2718680"
"052260","현대바이오랜드","721","863","142","12888250","15354900","2466650"
"100030","모바일리더","785","888","103","17230900","19511350","2280450"
"085910","네오티스","24884","25249","365","137073270","139348650","2275380"
"012700","리드코프","2988","3225","237","27420970","29639930","2218960"
"003100","선광","352","383","31","25306800","27506400","2199600"
"005990","매일홀딩스","627","820","193","6765150","8825750","2060600"
"314930","바이오다인","5","77","72","139000","2129650","1990650"
"049470","SGA","5913","7698","1785","6116440","7931100","1814660"
"225530","보광산업","10524","10752","228","85045350","86824290","1778940"
"950220","네오이뮨텍","42939","43067","128","303273840","304913510","1639670"
"060850","영림원소프트랩","7","164","157","69190","1611360","1542170"
"298540","더네이쳐홀딩스","5645","5690","45","192610950","194149700","1538750"
"034950","한국기업평가","0","19","19","0","1524300","1524300"
"073540","에프알텍","56","544","488","175020","1683090","1508070"
"012340","뉴인텍","6943","7425","482","22643020","24150460","1507440"
"062970","피피아이","1488","1954","466","5024170","6510720","1486550"
"088130","동아엘텍","1085","1242","157","10077640","11529020","1451380"
"009780","엠에스씨","3697","3926","229","25172570","26618110","1445540"
"065130","탑엔지니어링","729","935","206","5112720","6548450","1435730"
"130580","나이스디앤비","0","143","143","0","1394020","1394020"
"137940","넥스트아이","24036","25315","1279","25620385","27013550","1393165"
"065650","메디프론","7987","8676","689","17638585","18995505","1356920"
"376190","엘비루셈","557","686","129","5717300","7017900","1300600"
"093920","서원인텍","298","496","198","1930640","3209890","1279250"
"023910","대한약품","423","462","39","12245750","13391450","1145700"
"367480","유안타제8호스팩","0","518","518","0","1144780","1144780"
"070590","한솔인티큐브","6515","6946","431","18875390","19989125","1113735"
"405640","신한제9호스팩","0","486","486","0","1069200","1069200"
"043090","한창바이오텍","12368","12970","602","23174295","24206700","1032405"
"158430","아톤","3699","3747","48","114476250","115457500","981250"
"123750","알톤스포츠","1551","1775","224","7079375","8050720","971345"
"114630","폴라리스우노","181","402","221","762415","1692470","930055"
"039340","한국경제TV","757","864","107","5233940","5973870","739930"
"034940","조아제약","6627","6865","238","22177230","22883290","706060"
"005670","푸드웰","14643","14817","174","114539850","115220630","680780"
"190650","코리아에셋투자증권","390","449","59","4650000","5311450","661450"
"044340","위닉스","2283","2313","30","37080050","37635500","555450"
"066790","씨씨에스","18414","19182","768","13296126","13831305","535179"
"196300","애니젠","770","812","42","8790550","9286700","496150"
"054800","아이디스홀딩스","0","40","40","0","492250","492250"
"017250","인터엠","0","283","283","0","408960","408960"
"355150","교보10호스팩","56","236","180","125160","523955","398795"
"187420","제노포커스","1350","1401","51","8437200","8767870","330670"
"246720","아스타","453","522","69","2265930","2589680","323750"
"222110","팬젠","85","124","39","703930","1019650","315720"
"220180","핸디소프트","540","599","59","2122870","2353600","230730"
"083790","크리스탈지노믹스","3834","3884","50","19575370","19794820","219450"
"387310","대신밸런스제10호스팩","12","57","45","28020","131100","103080"
"335810","프리시젼바이오","279","289","10","2343650","2435680","92030"
"065420","에스아이리소스","37091","37091","0","47550055","47640456","90401"
"106240","파인테크닉스","19772","19831","59","258616550","258692350","75800"
"311690","CJ 바이오사이언스","141","143","2","5151100","5199300","48200"
"404950","DB금융스팩10호","0","2","2","0","4370","4370"
"353070","에이치엠씨제4호스팩","0","1","1","0","2180","2180"
"413630","유진스팩8호","1","0","-1","2190","0","-2190"
"342550","케이비제20호스팩","2","0","-2","4415","0","-4415"
"372290","하나머스트7호스팩","2","0","-2","4450","0","-4450"
"388790","IBKS제16호스팩","3","0","-3","6885","0","-6885"
"353490","미래에셋대우스팩 5호","7","0","-7","15820","0","-15820"
"408920","에스케이증권7호스팩","8","0","-8","18055","0","-18055"
"391060","엔에이치스팩20호","10","0","-10","21700","0","-21700"
"115310","인포바인","1","0","-1","23900","0","-23900"
"900290","GRT","28","0","-28","34050","0","-34050"
"302550","리메드","1459","1459","0","31059450","30990100","-69350"
"386580","한화플러스제2호스팩","34","0","-34","80750","0","-80750"
"332370","아이디피","3071","3054","-17","26389280","26211150","-178130"
"334970","프레스티지바이오로직스","3576","3550","-26","27686330","27466500","-219830"
"039010","현대에이치티","1131","1089","-42","11382550","11034100","-348450"
"200470","에이팩트","8566","8489","-77","55263630","54839100","-424530"
"250930","예선테크","693","429","-264","1299075","797940","-501135"
"049550","잉크테크","111","37","-74","803130","266130","-537000"
"064850","에프앤가이드","137","76","-61","1238590","687460","-551130"
"900070","글로벌에스엠","6148","5434","-714","4967383","4377244","-590139"
"290660","네오펙트","18856","18547","-309","52430270","51803550","-626720"
"067730","로지시스","5857","5757","-100","38592690","37900710","-691980"
"246960","이노테라피","63","2","-61","718700","22800","-695900"
"015710","코콤","1588","1484","-104","10186790","9477840","-708950"
"041520","이라이콤","159","57","-102","1114680","395750","-718930"
"365590","엔에이치스팩18호","425","0","-425","935000","0","-935000"
"058450","일야","91239","93784","2545","106134015","105005125","-1128890"
"032750","삼진","415","271","-144","3337840","2173240","-1164600"
"276040","스코넥","5407","5277","-130","87363000","86056400","-1306600"
"078890","가온미디어","7311","7197","-114","91963750","90475750","-1488000"
"305090","마이크로디지탈","5076","5038","-38","67208200","65648700","-1559500"
"011560","세보엠이씨","4759","4546","-213","34706290","33075560","-1630730"
"065710","서호전기","1226","1144","-82","25188100","23530350","-1657750"
"019010","베뉴지","10419","9696","-723","25365600","23704060","-1661540"
"049960","쎌바이오텍","1541","1438","-103","25087450","23418900","-1668550"
"019540","일지테크","2250","1761","-489","7776380","6048935","-1727445"
"288620","에스퓨얼셀","591","519","-72","14089850","12328600","-1761250"
"356890","싸이버원","5995","5900","-95","80126950","78235900","-1891050"
"373340","유진스팩6호","832","0","-832","1942885","0","-1942885"
"002680","한탑","320342","322130","1788","863876980","861888800","-1988180"
"054780","키이스트","5103","4903","-200","56785500","54732550","-2052950"
"256150","한독크린텍","1633","1461","-172","19952600","17871550","-2081050"
"256940","케이피에스","777","513","-264","6207430","4103000","-2104430"
"223250","드림씨아이에스","210","31","-179","2648650","384550","-2264100"
"170790","파이오링크","748","592","-156","10987050","8721350","-2265700"
"267320","나인테크","17299","16509","-790","53416550","51138065","-2278485"
"900120","씨케이에이치","193498","184869","-8629","52777547","50459343","-2318204"
"238090","앤디포스","1309","1024","-285","10617050","8284360","-2332690"
"234920","자이글","876","217","-659","3107165","766885","-2340280"
"019660","글로본","2681","1902","-779","8488535","6021465","-2467070"
"304840","피플바이오","922","693","-229","10396450","7796200","-2600250"
"056700","신화인터텍","3144","2266","-878","9480185","6819260","-2660925"
"950200","소마젠","616","176","-440","3833520","1091380","-2742140"
"002800","신신제약","1268","790","-478","7579290","4713180","-2866110"
"230360","에코마케팅","27454","27362","-92","539471900","536401000","-3070900"
"291650","압타머사이언스","1412","1151","-261","16793050","13665650","-3127400"
"228760","지노믹트리","275","5","-270","3243400","58500","-3184900"
"333620","엔시스","922","751","-171","17218550","13974150","-3244400"
"234340","세틀뱅크","757","644","-113","20615000","17327950","-3287050"
"201490","미투온","8330","7766","-564","48624560","45225670","-3398890"
"03481K","해성산업1우","338","158","-180","6381600","2967900","-3413700"
"049120","파인디앤씨","3160","1601","-1559","7225520","3649270","-3576250"
"273060","와이즈버즈","2170","84","-2086","3728120","144730","-3583390"
"028080","휴맥스홀딩스","9047","8205","-842","40685095","37068035","-3617060"
"174900","앱클론","2469","2242","-227","38424850","34704050","-3720800"
"036000","예림당","9623","8218","-1405","24515375","20783500","-3731875"
"318010","팜스빌","2552","2246","-306","32487500","28693450","-3794050"
"036180","지더블유바이텍","5529","3348","-2181","9870715","5952425","-3918290"
"024910","경창산업","1494","28","-1466","4096505","76705","-4019800"
"049520","유아이엘","1823","0","-1823","4085135","0","-4085135"
"040910","아이씨디","537","162","-375","5866250","1765800","-4100450"
"046310","백금T&A","7428","6376","-1052","28613865","24509595","-4104270"
"175140","인포마크","767","177","-590","5347870","1222350","-4125520"
"133750","메가엠디","22674","21502","-1172","84288270","80153865","-4134405"
"005160","동국산업","1242","34","-1208","4384130","119845","-4264285"
"228340","동양파일","5030","4133","-897","24574265","20308360","-4265905"
"053060","세동","8596","5218","-3378","10788290","6510740","-4277550"
"304100","솔트룩스","2203","1876","-327","28222500","23943250","-4279250"
"096630","에스코넥","4651","1618","-3033","6897480","2387340","-4510140"
"042420","네오위즈홀딩스","9019","8890","-129","350729800","346217400","-4512400"
"086820","바이오솔루션","1462","1189","-273","23322000","18784450","-4537550"
"154040","솔루에타","6079","4737","-1342","20527865","15981140","-4546725"
"950110","SBI핀테크솔루션즈","842","31","-811","4987050","183190","-4803860"
"049630","재영솔루텍","19598","14385","-5213","18452954","13574112","-4878842"
"171090","선익시스템","7714","7502","-212","152616150","147728850","-4887300"
"037350","성도이엔지","2162","1290","-872","12511720","7425000","-5086720"
"101000","상상인인더스트리","5978","498","-5480","5553956","460431","-5093525"
"011080","형지I&C","20102","15165","-4937","21038470","15844245","-5194225"
"054940","엑사이엔씨","30742","27211","-3531","42881445","37653235","-5228210"
"174880","장원테크","7924","5064","-2860","14606960","9279680","-5327280"
"092130","이크레더블","2590","2305","-285","49071000","43703450","-5367550"
"347000","센코","1026","666","-360","15264200","9867500","-5396700"
"014570","고려제약","682","82","-600","6136430","738540","-5397890"
"191410","육일씨엔에쓰","1588","0","-1588","5474075","0","-5474075"
"007720","대명소노시즌","22366","17984","-4382","28245685","22747795","-5497890"
"148250","알엔투테크놀로지","1532","1037","-495","17087300","11526900","-5560400"
"242040","나무기술","7268","5134","-2134","18818635","13196010","-5622625"
"066590","우수AMS","12655","11278","-1377","50592670","44572865","-6019805"
"003800","에이스침대","929","782","-147","38811100","32734450","-6076650"
"348150","고바이오랩","2114","1752","-362","35574400","29448850","-6125550"
"340440","세림B&G","4048","1533","-2515","9924760","3726750","-6198010"
"372800","아이티아이즈","1589","1148","-441","22355400","16033100","-6322300"
"412930","미래에셋비전스팩1호","2878","0","-2878","6377790","0","-6377790"
"057030","YBM넷","3153","2013","-1140","18322740","11744990","-6577750"
"024940","PN풍년","42137","41699","-438","247229970","240438340","-6791630"
"234690","녹십자웰빙","1278","551","-727","11946800","5122850","-6823950"
"351330","이삭엔지니어링","4914","4348","-566","61094850","54247050","-6847800"
"348350","위드텍","1002","582","-420","17035550","9880350","-7155200"
"352910","오비고","6590","6136","-454","97542700","90103300","-7439400"
"237820","플레이디","1082","70","-1012","7970620","515200","-7455420"
"352480","씨앤씨인터내셔널","848","555","-293","21402400","13891550","-7510850"
"251970","펌텍코리아","740","345","-395","14346150","6695600","-7650550"
"192250","케이사인","197260","195074","-2186","487208000","479430360","-7777640"
"263700","케어랩스","23321","22412","-909","210271280","202360600","-7910680"
"327260","RF머트리얼즈","4864","4247","-617","62421050","54503400","-7917650"
"279600","미디어젠","3420","2817","-603","40863050","32923550","-7939500"
"336570","대신밸런스제8호스팩","2039","323","-1716","9470515","1501950","-7968565"
"068930","디지털대성","1600","666","-934","13748340","5724480","-8023860"
"005710","대원산업","1431","166","-1265","9170520","1059080","-8111440"
"036190","금화피에스시","435","173","-262","14068050","5618600","-8449450"
"238490","힘스","1358","405","-953","12235590","3662960","-8572630"
"083550","케이엠","1871","752","-1119","14472900","5780270","-8692630"
"078070","유비쿼스홀딩스","1466","974","-492","26195400","17425850","-8769550"
"009300","삼아제약","5819","5357","-462","111279650","102505150","-8774500"
"357550","석경에이티","698","186","-512","11996250","3189900","-8806350"
"262840","아이퀘스트","994","12","-982","8960160","108240","-8851920"
"348030","모비릭스","706","174","-532","12059450","2947850","-9111600"
"091340","S&K폴리텍","1872","125","-1747","9785710","651560","-9134150"
"090470","제이스텍","4248","2939","-1309","29917780","20712490","-9205290"
"203400","에이비온","1099","72","-1027","10017860","645160","-9372700"
"289080","SV인베스트먼트","13755","10942","-2813","46032450","36582620","-9449830"
"018620","우진비앤지","178187","175143","-3044","431150030","421616400","-9533630"
"047770","코데즈컴바인","4542","639","-3903","11199585","1575290","-9624295"
"036480","대성미생물","783","127","-656","12053300","1957900","-10095400"
"088390","이녹스","3871","3410","-461","85967500","75870800","-10096700"
"139670","키네마스터","2384","1678","-706","34134050","23980600","-10153450"
"060570","드림어스컴퍼니","4298","2044","-2254","19368405","9167565","-10200840"
"044180","KD","32170","24771","-7399","41716875","31504505","-10212370"
"025440","대성엘텍","17883","3969","-13914","13164720","2919497","-10245223"
"046140","SBS콘텐츠허브","1891","555","-1336","14638030","4290260","-10347770"
"072990","에이치시티","1708","971","-737","23989550","13617950","-10371600"
"039020","이건홀딩스","38772","36797","-1975","213584160","203208790","-10375370"
"059100","아이컴포넌트","7468","6142","-1326","57421260","47019640","-10401620"
"046970","우리로","17016","10994","-6022","29250175","18814870","-10435305"
"199820","제일전기공업","1841","1123","-718","26745500","16283900","-10461600"
"338220","뷰노","1988","1014","-974","21360300","10801250","-10559050"
"241520","DSC인베스트먼트","3163","1207","-1956","17162190","6535600","-10626590"
"115480","씨유메디칼","31905","23117","-8788","38435810","27777975","-10657835"
"119860","다나와","3561","3046","-515","73192100","62504850","-10687250"
"073190","듀오백","5496","1800","-3696","16040905","5299760","-10741145"
"294140","레몬","4333","1869","-2464","19343280","8344640","-10998640"
"069410","엔텔스","3112","1722","-1390","24713210","13702040","-11011170"
"254120","자비스","9001","4024","-4977","20007525","8875590","-11131935"
"093320","케이아이엔엑스","575","369","-206","30971200","19816200","-11155000"
"070300","엑스큐어","3084","25","-3059","11264460","89975","-11174485"
"065150","엠피대산","21893","8769","-13124","18707557","7448510","-11259047"
"045100","한양이엔지","2396","1687","-709","38311850","27029600","-11282250"
"317690","퀀타매트릭스","1882","289","-1593","13513240","2078840","-11434400"
"006140","피제이전자","1963","513","-1450","15593090","4111560","-11481530"
"340360","다보링크","24108","17252","-6856","41301230","29601975","-11699255"
"089010","켐트로닉스","5376","4890","-486","139389500","127275700","-12113800"
"079970","투비소프트","166178","152414","-13764","160392086","148151213","-12240873"
"053590","한국테크놀로지","142949","129126","-13823","120501571","108211824","-12289747"
"012860","모베이스전자","27286","20600","-6686","50618025","38127635","-12490390"
"104460","디와이피엔에프","2814","2472","-342","104129450","91489000","-12640450"
"229000","젠큐릭스","941","82","-859","13930200","1214750","-12715450"
"067080","대화제약","1717","162","-1555","14377050","1351110","-13025940"
"354200","엔젠바이오","1352","203","-1149","15370300","2283750","-13086550"
"226340","본느","27868","23057","-4811","75566540","62475925","-13090615"
"126600","코프라","22512","20552","-1960","159555200","146452460","-13102740"
"314130","지놈앤컴퍼니","888","365","-523","22209100","9094550","-13114550"
"405350","IBKS제17호스팩","5631","0","-5631","13260535","0","-13260535"
"035290","골드앤에스","6089","2478","-3611","22553560","9041440","-13512120"
"131760","파인텍","19560","9699","-9861","26799005","13240790","-13558215"
"042520","한스바이오메드","1211","0","-1211","13575550","0","-13575550"
"089150","케이씨티","21782","20071","-1711","158408330","144574390","-13833940"
"083660","CSA 코스믹","8293","1685","-6608","17747515","3585410","-14162105"
"187790","나노","15415","5668","-9747","22411395","8218930","-14192465"
"900260","로스웰","3174668","3161358","-13310","1387928125","1373695189","-14232936"
"217620","디딤","15768","5269","-10499","21540260","7146995","-14393265"
"046210","파나진","3647","29","-3618","14866475","118435","-14748040"
"039980","리노스","15428","3666","-11762","19423030","4623700","-14799330"
"216050","인크로스","511","120","-391","19461700","4568000","-14893700"
"040420","정상제이엘에스","1962","0","-1962","15000330","0","-15000330"
"123420","위메이드플레이","4444","3916","-528","128439150","113084000","-15355150"
"051490","나라엠앤디","9540","7712","-1828","82778920","67227970","-15550950"
"224060","코디엠","121773","39015","-82758","22958423","7403165","-15555258"
"078860","아이오케이","359232","343718","-15514","369279615","353709715","-15569900"
"019990","에너토크","328179","330653","2474","5219241550","5203650750","-15590800"
"238200","비피도","1848","36","-1812","15900620","307800","-15592820"
"080000","에스엔유","7848","3595","-4253","28759110","13104615","-15654495"
"122350","삼기","12606","8695","-3911","50791970","35058355","-15733615"
"123040","엠에스오토텍","4279","1208","-3071","22631390","6394050","-16237340"
"002230","피에스텍","3921","311","-3610","17636280","1396090","-16240190"
"106520","노블엠앤비","10957","6697","-4260","42542715","25964570","-16578145"
"060280","큐렉소","5791","3663","-2128","45619380","28951850","-16667530"
"021040","대호특수강","68761","49353","-19408","60381250","43336789","-17044461"
"087600","픽셀플러스","1900","120","-1780","18408350","1158020","-17250330"
"161580","필옵틱스","3123","1154","-1969","27755700","10271290","-17484410"
"215790","이노인스트루먼트","24116","15254","-8862","48084930","30449905","-17635025"
"037230","한국팩키지","5566","1255","-4311","22872365","5151790","-17720575"
"168330","내츄럴엔도텍","3682","886","-2796","23607290","5729240","-17878050"
"065950","웰크론","5825","1233","-4592","22900495","4833965","-18066530"
"222810","마이더스AI","41263","25911","-15352","49294785","31158045","-18136740"
"002290","삼일기업공사","29420","25667","-3753","146865565","128660670","-18204895"
"214870","뉴지랩파마","3039","989","-2050","27883550","9090600","-18792950"
"108380","대양전기공업","1614","359","-1255","24508150","5457250","-19050900"
"217730","강스템바이오텍","13218","8037","-5181","49860250","30385795","-19474455"
"227100","에이치앤비디자인","6248","2995","-3253","37458900","17704730","-19754170"
"019770","서연탑메탈","116142","113994","-2148","638103870","618283340","-19820530"
"241770","메카로","1578","0","-1578","20057850","0","-20057850"
"039310","세중","8164","2632","-5532","29565585","9497785","-20067800"
"109960","에이프로젠 H&G","33257","599","-32658","20669768","368535","-20301233"
"241710","코스메카코리아","3287","1926","-1361","49524500","29014150","-20510350"
"018120","진로발효","711","0","-711","20667050","0","-20667050"
"069140","누리플랜","4983","2106","-2877","35875190","15148010","-20727180"
"089140","넥스턴바이오","41022","35907","-5115","160614820","139835375","-20779445"
"007530","영신금속","8111","1327","-6784","24952455","4021685","-20930770"
"092460","한라IMS","8008","4491","-3517","47487430","26495140","-20992290"
"032940","원익","5897","1568","-4329","28777680","7649460","-21128220"
"323230","엠에프엠코리아","16105","0","-16105","21193545","0","-21193545"
"194700","노바렉스","610","71","-539","24150300","2804350","-21345950"
"054620","APS홀딩스","2366","769","-1597","31552400","10205250","-21347150"
"041020","폴라리스오피스","18075","6202","-11873","32844245","11321885","-21522360"
"203450","유니온커뮤니티","8184","2445","-5739","30737290","9210490","-21526800"
"257720","실리콘투","1535","308","-1227","27194700","5425050","-21769650"
"950140","잉글우드랩","6142","3453","-2689","51229560","28784640","-22444920"
"064820","케이프","84777","80602","-4175","448586070","426138970","-22447100"
"050120","ES큐브","10928","6657","-4271","58235760","35611700","-22624060"
"053620","태양","5074","2778","-2296","49968770","27343000","-22625770"
"332570","와이팜","7706","3567","-4139","42322790","19645050","-22677740"
"159910","스킨앤스킨","457674","403357","-54317","186741388","164045588","-22695800"
"098660","에스티오","10288","3611","-6677","35010790","12114945","-22895845"
"261200","덴티스","3424","858","-2566","30637900","7678290","-22959610"
"191420","테고사이언스","1366","0","-1366","23320600","0","-23320600"
"215380","우정바이오","6787","2349","-4438","35493640","12138120","-23355520"
"159580","제로투세븐","34028","31537","-2491","374612400","350749000","-23863400"
"038290","마크로젠","1368","471","-897","37447950","12871250","-24576700"
"260970","에스앤디","1383","182","-1201","28374350","3746550","-24627800"
"297570","알로이스","36012","25414","-10598","84516245","59852160","-24664085"
"037440","희림","17349","14377","-2972","150249350","124759830","-25489520"
"415580","상상인제3호스팩","11799","0","-11799","25611700","0","-25611700"
"084180","EV수성","50019","33487","-16532","79199285","53080790","-26118495"
"017650","대림제지","2545","119","-2426","27426300","1297100","-26129200"
"153460","네이블","5887","2871","-3016","51071580","24816700","-26254880"
"200350","래몽래인","3023","1693","-1330","59236450","32955400","-26281050"
"323280","신영스팩5호","12204","3260","-8944","36416890","9717670","-26699220"
"239610","에이치엘사이언스","689","2","-687","26782600","77850","-26704750"
"270870","뉴트리","1573","184","-1389","30551750","3576750","-26975000"
"091700","파트론","178645","176828","-1817","2096890400","2069549650","-27340750"
"243070","휴온스","3008","2362","-646","127414250","99965400","-27448850"
"255440","야스","2233","122","-2111","29429150","1599800","-27829350"
"078150","HB테크놀러지","64377","53071","-11306","156565370","128718575","-27846795"
"053580","웹케시","5083","4013","-1070","126148200","98030650","-28117550"
"065660","안트로젠","2520","1359","-1161","61206700","33017200","-28189500"
"175250","아이큐어","4294","2025","-2269","54099650","25504100","-28595550"
"067010","이씨에스","10815","4593","-6222","50294695","21383665","-28911030"
"149950","아바텍","2764","782","-1982","40747400","11504100","-29243300"
"216080","제테마","5516","3913","-1603","102081850","72068700","-30013150"
"121600","나노신소재","21325","20895","-430","1516919300","1486756700","-30162600"
"376930","노을","4694","476","-4218","33704540","3421040","-30283500"
"204620","글로벌텍스프리","12362","2902","-9460","39993580","9413340","-30580240"
"036620","감성코퍼레이션","66740","49353","-17387","116085895","85433705","-30652190"
"222040","코스맥스엔비티","8221","3316","-4905","53120900","21415350","-31705550"
"080530","코디","19081","1779","-17302","35165790","3294260","-31871530"
"123570","이엠넷","6158","1014","-5144","38665200","6352620","-32312580"
"086710","선진뷰티사이언스","6036","2364","-3672","53141020","20729240","-32411780"
"006620","동구바이오제약","6244","1902","-4342","46713010","14141200","-32571810"
"128540","에코캡","4846","159","-4687","33857230","1110970","-32746260"
"131030","디에이치피코리아","6346","1900","-4446","47191650","14123870","-33067780"
"299170","더블유에스아이","13080","836","-12244","35541300","2224155","-33317145"
"357580","아모센스","5479","3730","-1749","105639500","71615900","-34023600"
"089230","THE E&M","99381","44500","-54881","62298106","27814159","-34483947"
"950190","미투젠","1825","54","-1771","36482900","1074600","-35408300"
"226950","올릭스","3255","1708","-1547","75208500","39749900","-35458600"
"018700","바른손","30144","21181","-8963","119514870","83840725","-35674145"
"155650","와이엠씨","7037","1994","-5043","50661650","14408950","-36252700"
"109860","동일금속","2160","0","-2160","37386300","0","-37386300"
"007770","한일화학","4487","2641","-1846","91610750","53976450","-37634300"
"208370","셀바스헬스케어","32505","20657","-11848","102815030","64940625","-37874405"
"290740","액트로","5623","828","-4795","45022570","6613830","-38408740"
"071460","위니아","9937","521","-9416","40724215","2143625","-38580590"
"363260","하나금융17호스팩","18256","4632","-13624","52243105","13305680","-38937425"
"058820","CMG제약","44465","32129","-12336","142958530","103251850","-39706680"
"046070","코다코","25691","237","-25454","40271520","369720","-39901800"
"139050","시티랩스","87284","31553","-55731","62555883","22434418","-40121465"
"370090","퓨런티어","5353","3380","-1973","109240750","68919200","-40321550"
"022220","TKG애강","45682","26792","-18890","99030080","57898670","-41131410"
"001540","안국약품","3806","17","-3789","41761650","186150","-41575500"
"211270","AP위성","22112","19579","-2533","355348000","313600850","-41747150"
"317870","엔바이오니아","3261","0","-3261","42286400","0","-42286400"
"038390","레드캡투어","2667","823","-1844","61836450","18980350","-42856100"
"094860","네오리진","120646","76675","-43971","116555470","73697090","-42858380"
"101240","씨큐브","6788","820","-5968","48746490","5886870","-42859620"
"224110","에이텍티앤","35900","32800","-3100","499970200","456774750","-43195450"
"234300","에스트래픽","10632","352","-10280","45044995","1483190","-43561805"
"008470","부스타","21318","14168","-7150","132043400","87513960","-44529440"
"389030","지니너스","11219","6790","-4429","116658100","72108050","-44550050"
"161570","THE MIDONG","57218","26520","-30698","84741980","39564560","-45177420"
"045060","오공","19486","9357","-10129","87172795","41888950","-45283845"
"060900","대한그린파워","65895","23128","-42767","70050275","24764585","-45285690"
"043340","에쎈테크","47538","11143","-36395","59461330","13848990","-45612340"
"072870","메가스터디","6210","2477","-3733","75963750","30161050","-45802700"
"263720","디앤씨미디어","2518","1088","-1430","80937400","34985450","-45951950"
"389140","포바이포","3693","2496","-1197","138961900","92834900","-46127000"
"009520","포스코엠텍","8864","2394","-6470","63639570","17198170","-46441400"
"033560","블루콤","11745","7224","-4521","122483700","75465350","-47018350"
"078140","대봉엘에스","7134","2592","-4542","74030100","26839900","-47190200"
"310200","애니플러스","25805","15006","-10799","112755310","64959640","-47795670"
"082920","비츠로셀","3857","231","-3626","50894800","3044900","-47849900"
"068940","아이씨케이","17172","3446","-13726","60048825","12049295","-47999530"
"021080","에이티넘인베스트","22613","12045","-10568","103356850","54802080","-48554770"
"382480","지아이텍","19510","5803","-13707","69128075","20540660","-48587415"
"900110","이스트아시아홀딩스","548077","388763","-159314","163868150","114931082","-48937068"
"059120","아진엑스텍","50826","47305","-3521","666439150","616343950","-50095200"
"340570","티앤엘","2370","1120","-1250","95641600","44987900","-50653700"
"138690","엘아이에스","192359","163730","-28629","332209660","280914410","-51295250"
"027050","코리아나","69970","59673","-10297","328911070","277470280","-51440790"
"291230","엔피","37203","31889","-5314","370588450","318651740","-51936710"
"021880","메이슨캐피탈","198197","132567","-65630","159492751","106836937","-52655814"
"369370","블리츠웨이","12238","2076","-10162","63782590","10879580","-52903010"
"203650","드림시큐리티","47820","35728","-12092","201593115","147960650","-53632465"
"352770","클리노믹스","5411","392","-5019","58213900","4233600","-53980300"
"297090","씨에스베어링","6634","3201","-3433","104911800","50719900","-54191900"
"007370","진양제약","7714","13","-7701","54284530","90870","-54193660"
"226400","오스테오닉","16134","1060","-15074","58077705","3806110","-54271595"
"317530","캐리소프트","8249","2771","-5478","82000500","27699510","-54300990"
"336060","웨이버스","316208","297006","-19202","843933930","789370140","-54563790"
"129890","앱코","7596","4131","-3465","119240950","64441100","-54799850"
"204020","그리티","25507","8971","-16536","84676595","29868800","-54807795"
"054920","한컴위드","8400","1376","-7024","65547750","10725700","-54822050"
"322180","티라유텍","5379","1036","-4343","68196150","13064250","-55131900"
"048770","TPC","402256","386527","-15729","2145502760","2089991070","-55511690"
"200670","휴메딕스","3152","435","-2717","64895200","8972750","-55922450"
"100130","동국S&C","13995","4058","-9937","80717130","23381480","-57335650"
"042000","카페24","20352","17260","-3092","376490400","319081950","-57408450"
"260930","씨티케이","6979","1541","-5438","73617750","16202950","-57414800"
"044960","이글벳","27881","20906","-6975","222701000","164655590","-58045410"
"413600","키움제6호스팩","67183","46134","-21049","185554010","127368365","-58185645"
"100090","삼강엠앤티","41989","39281","-2708","878700700","820473200","-58227500"
"148150","세경하이테크","4165","1541","-2624","92843350","34486150","-58357200"
"950170","JTC","32373","15345","-17028","110669525","52281365","-58388160"
"091440","텔레필드","20965","3275","-17690","69369905","10821595","-58548310"
"064480","브리지텍","18321","7375","-10946","99607840","40189250","-59418590"
"377630","삼성스팩4호","56245","45445","-10800","300019730","240500240","-59519490"
"298060","에스씨엠생명과학","5886","322","-5564","64497200","3574200","-60923000"
"301300","바이브컴퍼니","5490","3933","-1557","221586100","159344950","-62241150"
"038070","서린바이오","11131","7144","-3987","171470900","109218750","-62252150"
"043610","지니뮤직","23457","11860","-11597","125959590","63649010","-62310580"
"046440","KG모빌리언스","17831","10561","-7270","154707410","91890560","-62816850"
"110790","크리스에프앤씨","2978","1442","-1536","122377850","59332400","-63045450"
"900310","컬러레이","132457","90823","-41634","198032435","134628130","-63404305"
"009620","삼보산업","422375","389971","-32404","800860055","736422930","-64437125"
"042370","비츠로테크","26930","20393","-6537","265418940","200921690","-64497250"
"042600","새로닉스","7362","4832","-2530","187334350","122710100","-64624250"
"024120","KB오토시스","52988","44366","-8622","382350730","316959180","-65391550"
"052330","코텍","7155","1279","-5876","79972850","14255250","-65717600"
"094850","참좋은여행","6886","2179","-4707","96050600","30239400","-65811200"
"001810","무림SP","56094","39398","-16696","213868030","147926275","-65941755"
"900300","오가닉티코스메틱","1086568","967646","-118922","555027163","488927747","-66099416"
"072520","제넨바이오","42635","14200","-28435","98874785","32770115","-66104670"
"067290","JW신약","53631","39374","-14257","246519840","180222375","-66297465"
"037370","EG","8940","3464","-5476","108284350","41969750","-66314600"
"066360","체리부로","98843","54359","-44484","142699330","75921540","-66777790"
"060370","KT서브마린","25827","14723","-11104","154887740","88008630","-66879110"
"026040","제이에스티나","24542","6336","-18206","90319995","23187105","-67132890"
"204840","지엘팜텍","229965","166760","-63205","237243843","168229941","-69013902"
"252500","세화피앤씨","84478","49377","-35101","168692055","98774900","-69917155"
"246690","TS인베스트먼트","51925","25331","-26594","137594225","67571540","-70022685"
"273640","와이엠텍","5301","1602","-3699","102630700","30948450","-71682250"
"138610","나이벡","16498","13250","-3248","375512900","303565200","-71947700"
"319400","현대무벡스","180770","161104","-19666","674331755","601099520","-73232235"
"080580","오킨스전자","10536","7603","-2933","256083650","182155050","-73928600"
"018000","유니슨","125120","92860","-32260","289723650","215304020","-74419630"
"218410","RFHIC","14308","11742","-2566","410985800","336353400","-74632400"
"065370","위세아이텍","8346","2837","-5509","113354100","38469400","-74884700"
"142280","녹십자엠에스","21131","10178","-10953","143869090","68874550","-74994540"
"115960","연우","4500","1409","-3091","109901900","34266900","-75635000"
"220260","켐트로스","28898","21074","-7824","279065290","203345760","-75719530"
"083500","에프엔에스테크","8580","1688","-6892","95105300","18746100","-76359200"
"042940","상지카일룸","861319","808536","-52783","1345987530","1269234070","-76753460"
"164060","이루다","21439","9255","-12184","135610540","58518560","-77091980"
"067900","와이엔텍","9215","3283","-5932","119680000","42586150","-77093850"
"163730","핑거","7987","3180","-4807","128613100","51449900","-77163200"
"011370","서한","80711","35638","-45073","139165290","61417710","-77747580"
"225220","제놀루션","6537","835","-5702","89828300","11439500","-78388800"
"027710","팜스토리","1729174","1722413","-6761","7891762895","7812866525","-78896370"
"060380","동양에스텍","128152","110104","-18048","508635795","429616150","-79019645"
"056190","에스에프에이","22201","20230","-1971","880882050","801723450","-79158600"
"303530","이노뎁","14209","10148","-4061","277698000","198451700","-79246300"
"196490","디에이테크놀로지","101523","85073","-16450","480796575","401330075","-79466500"
"060590","씨티씨바이오","46276","38594","-7682","476910650","397194350","-79716300"
"086890","이수앱지스","23289","13284","-10005","185806270","105993640","-79812630"
"066910","손오공","97512","68430","-29082","267210675","186665615","-80545060"
"033200","모아텍","39743","29378","-10365","303728130","221894520","-81833610"
"222080","씨아이에스","91800","85739","-6061","1239306150","1157286050","-82020100"
"054930","유신","8067","4186","-3881","170893550","88834900","-82058650"
"036670","KCI","9308","816","-8492","90752310","7916800","-82835510"
"108230","톱텍","17989","8169","-9820","153199300","69568820","-83630480"
"365900","브이씨","24808","18817","-5991","360279850","276202800","-84077050"
"054540","삼영엠텍","140190","125470","-14720","800141370","715909170","-84232200"
"006050","국영지앤엠","185593","140332","-45261","350454730","266062185","-84392545"
"030350","드래곤플라이","108806","71170","-37636","245795560","159382045","-86413515"
"340930","유일에너테크","5506","638","-4868","99060900","11470150","-87590750"
"057680","티사이언티픽","48694","23511","-25183","169283405","81671905","-87611500"
"307750","국전약품","16745","5763","-10982","135041120","46627080","-88414040"
"222160","바이옵트로","16476","7248","-9228","160757590","70810810","-89946780"
"189330","씨이랩","4757","211","-4546","95002050","4197100","-90804950"
"101400","엔시트론","104958","9587","-95371","100159565","9155750","-91003815"
"052400","코나아이","46361","42590","-3771","1184940450","1093885400","-91055050"
"053160","프리엠스","37822","27948","-9874","352637880","260431310","-92206570"
"066620","국보디자인","11056","6559","-4497","228652600","135234400","-93418200"
"072770","율호","221467","174472","-46995","444928915","350829420","-94099495"
"104620","노랑풍선","8266","1025","-7241","107951400","13354500","-94596900"
"027360","아주IB투자","58709","34107","-24602","225656050","130921490","-94734560"
"067000","조이시티","27882","14348","-13534","196277900","100966560","-95311340"
"131400","이브이첨단소재","88210","33794","-54416","154826455","59197675","-95628780"
"038500","삼표시멘트","73256","54895","-18361","384185860","288241890","-95943970"
"030190","NICE평가정보","34925","29567","-5358","629715650","533751450","-95964200"
"352700","씨앤투스성진","34856","17469","-17387","195386990","98080090","-97306900"
"026150","특수건설","18024","10042","-7982","221166750","122842650","-98324100"
"198440","고려시멘트","164113","144635","-19478","808323650","709869140","-98454510"
"119830","아이텍","13832","2778","-11054","124204070","24862480","-99341590"
"089850","유비벨록스","7100","968","-6132","115144900","15685250","-99459650"
"084110","휴온스글로벌","5921","2372","-3549","166658100","66860200","-99797900"
"289010","아이스크림에듀","25506","9460","-16046","161837660","59410280","-102427380"
"017480","삼현철강","22289","8904","-13385","171508800","68468600","-103040200"
"064090","에프앤리퍼블릭","37536","11661","-25875","149273830","46000250","-103273580"
"101360","이엔드디","16223","12431","-3792","454021800","347578250","-106443550"
"061040","알에프텍","22787","6112","-16675","145484040","38838920","-106645120"
"232680","라온테크","5970","592","-5378","118808700","11868000","-106940700"
"217600","켐온","111800","75454","-36346","332698675","225625385","-107073290"
"024950","삼천리자전거","10899","691","-10208","114433350","7303750","-107129600"
"089600","나스미디어","5342","1620","-3722","154090250","46582350","-107507900"
"265740","엔에프씨","8018","451","-7567","116139050","6510800","-109628250"
"043220","티에스넥스젠","72820","2475","-70345","113825235","3901275","-109923960"
"014190","원익큐브","83562","51512","-32050","283647745","173380140","-110267605"
"196700","웹스","187477","166141","-21336","923804955","812945790","-110859165"
"054670","대한뉴팜","85486","76550","-8936","1131427100","1020301200","-111125900"
"252990","샘씨엔에스","22359","4184","-18175","138766830","25812730","-112954100"
"062860","티엘아이","29580","16479","-13101","251255360","138060850","-113194510"
"220100","퓨쳐켐","11202","4902","-6300","202132800","88096200","-114036600"
"067280","멀티캠퍼스","4737","2390","-2347","228971350","114911900","-114059450"
"093190","빅솔론","20337","4702","-15635","148266310","34086460","-114179850"
"039420","케이엘넷","77472","46923","-30549","290341895","174647690","-115694205"
"041190","우리기술투자","189500","175767","-13733","1546703780","1430234270","-116469510"
"123410","코리아에프티","55726","22315","-33411","195669380","78402670","-117266710"
"228670","레이","7933","2824","-5109","185412550","65799600","-119612950"
"120240","대정화금","14353","8663","-5690","305151000","184560350","-120590650"
"308080","바이젠셀","5499","311","-5188","128336050","7254750","-121081300"
"045340","토탈소프트","28296","8581","-19715","174430450","53162800","-121267650"
"149980","하이로닉","31901","21642","-10259","362162800","240706550","-121456250"
"339950","아이비김영","117273","82265","-35008","394253945","272157695","-122096250"
"060150","인선이엔티","21939","10851","-11088","241804750","119441500","-122363250"
"185490","아이진","40498","26483","-14015","360499990","236276640","-124223350"
"206640","바디텍메드","33173","25376","-7797","519717500","393523900","-126193600"
"096240","크레버스","4588","486","-4102","141497550","14970900","-126526650"
"091580","상신이디피","10695","2854","-7841","176774250","47130650","-129643600"
"119610","인터로조","11807","7849","-3958","385080900","254814600","-130266300"
"047920","HLB제약","17630","2736","-14894","161626180","25196410","-136429770"
"290720","푸드나무","5912","1390","-4522","179333400","42286200","-137047200"
"063170","서울옥션","67684","62075","-5609","1665245000","1526399100","-138845900"
"103840","우양","38069","11956","-26113","207051370","65002240","-142049130"
"033290","코웰패션","42255","23786","-18469","326524820","184043860","-142480960"
"037760","쎄니트","76411","17759","-58652","188981820","43800790","-145181030"
"085670","뉴프렉스","39544","15501","-24043","239984030","93610170","-146373860"
"043650","국순당","21514","7860","-13654","232589450","84531300","-148058150"
"357880","비트나인","21172","11356","-9816","319202550","171112150","-148090400"
"195940","HK이노엔","14433","10806","-3627","589684800","440331850","-149352950"
"105550","트루윈","57358","19345","-38013","224924610","75529200","-149395410"
"024840","KBI메탈","1508024","1470358","-37666","3756676845","3606228395","-150448450"
"083450","GST","16404","11608","-4796","514722500","362735550","-151986950"
"371950","풍원정밀","27032","19763","-7269","567273600","413455950","-153817650"
"051500","CJ프레시웨이","8081","4400","-3681","340779250","185493950","-155285300"
"179530","애드바이오텍","39064","13051","-26013","235315980","78703360","-156612620"
"309930","오하임아이엔티","74761","43506","-31255","376425040","219669885","-156755155"
"058970","엠로","10521","2054","-8467","197034800","38068800","-158966000"
"086060","진바이오텍","45358","16874","-28484","252383800","93175150","-159208650"
"182360","큐브엔터","20252","10922","-9330","346704450","186912100","-159792350"
"290510","코리아센터","30827","7039","-23788","211254060","48150860","-163103200"
"078020","이베스트투자증권","23331","1716","-21615","176804200","13009730","-163794470"
"047080","한빛소프트","78827","46095","-32732","393758510","228762225","-164996285"
"042510","라온시큐어","101301","57974","-43327","375445130","210025825","-165419305"
"136540","윈스","10834","1338","-9496","188846750","23293450","-165553300"
"140860","파크시스템스","4020","2539","-1481","450520700","283474800","-167045900"
"010240","흥국","112187","91966","-20221","919426750","747477320","-171949430"
"208640","썸에이지","139434","26648","-112786","213968340","40890570","-173077770"
"079370","제우스","11110","5026","-6084","317640350","143481900","-174158450"
"069080","웹젠","13136","5159","-7977","290233700","113856700","-176377000"
"090850","현대이지웰","18322","1878","-16444","198953300","20295700","-178657600"
"035460","기산텔레콤","679150","647701","-31449","3167269135","2985802725","-181466410"
"243840","신흥에스이씨","8503","5766","-2737","564620300","382728700","-181891600"
"317240","TS트릴리온","199911","43916","-155995","233693245","51154550","-182538695"
"253450","스튜디오드래곤","34975","33040","-1935","3007476900","2822197600","-185279300"
"193250","와이제이엠게임즈","140692","80525","-60167","436508890","249919490","-186589400"
"041440","현대에버다임","185167","161348","-23819","1538149870","1349743240","-188406630"
"299660","셀리드","15923","8113","-7810","385507300","197056050","-188451250"
"126700","하이비젼시스템","32027","22692","-9335","650211150","461707950","-188503200"
"270520","지엔원에너지","68135","12196","-55939","231902695","41783030","-190119665"
"041960","코미팜","44226","21857","-22369","377430320","185969850","-191460470"
"317330","덕산테코피아","12658","4545","-8113","299240500","106757100","-192483400"
"086900","메디톡스","5117","3701","-1416","699912800","505796900","-194115900"
"376180","피코그램","14887","4765","-10122","286275550","91167100","-195108450"
"073490","이노와이어리스","6005","909","-5096","231592700","35018350","-196574350"
"054040","한국컴퓨터","56295","16367","-39928","277735220","80899600","-196835620"
"020710","시공테크","64820","39430","-25390","504454890","306464830","-197990060"
"025900","동화기업","8892","6503","-2389","739670800","540876500","-198794300"
"214180","민앤지","12524","1113","-11411","221934500","19853850","-202080650"
"051380","피씨디렉트","11979","2652","-9327","262228600","57683650","-204544950"
"048470","대동스틸","122646","97690","-24956","984491780","779028620","-205463160"
"025550","한국선재","73421","40523","-32898","463338860","256652160","-206686700"
"048530","인트론바이오","35105","23182","-11923","623019600","413667850","-209351750"
"250000","보라티알","20831","6718","-14113","312458800","100409350","-212049450"
"023770","플레이위드","19134","2272","-16862","240482200","28424150","-212058050"
"123330","제닉","53696","22600","-31096","373114340","158193310","-214921030"
"046940","우원개발","47672","10170","-37502","273644710","58160210","-215484500"
"353810","이지바이오","151314","122186","-29128","1044803050","828994860","-215808190"
"041590","플래스크","221342","109315","-112027","436985565","217129120","-219856445"
"100120","뷰웍스","6093","587","-5506","246754100","23843250","-222910850"
"085660","차바이오텍","28317","16238","-12079","524545300","301444700","-223100600"
"189980","흥국에프엔비","91039","39230","-51809","394516205","169552980","-224963225"
"061250","화일약품","152422","83773","-68649","498671165","272264810","-226406355"
"368770","파이버프로","126456","83759","-42697","662922550","435068680","-227853870"
"099750","이지케어텍","9442","4008","-5434","402635500","171945000","-230690500"
"039830","오로라","29390","6852","-22538","301665300","70736500","-230928800"
"373200","하인크코리아","63378","36711","-26667","536702170","305701180","-231000990"
"100660","서암기계공업","62828","24608","-38220","383982830","149295270","-234687560"
"080220","제주반도체","127602","86694","-40908","716755670","481535440","-235220230"
"122450","KMH","32248","5330","-26918","291963630","48041550","-243922080"
"142760","비엘","69015","32931","-36084","472819760","225269080","-247550680"
"016100","리더스코스메틱","111345","47962","-63383","432734990","183483140","-249251850"
"084850","아이티엠반도체","10703","3508","-7195","382424350","125425950","-256998400"
"221840","하이즈항공","553354","516861","-36493","3629181860","3372011330","-257170530"
"290650","엘앤씨바이오","21566","15085","-6481","857037150","599126150","-257911000"
"303030","지니틱스","272171","188622","-83549","855605100","585949180","-269655920"
"194480","데브시스터즈","8150","3498","-4652","483787500","207501600","-276285900"
"033500","동성화인텍","60192","37198","-22994","728879850","450689050","-278190800"
"053260","금강철강","198708","176261","-22447","2268261750","1988822050","-279439700"
"140410","메지온","84663","69815","-14848","1642147650","1357282200","-284865450"
"033310","엠투엔","102850","58419","-44431","663937600","378651940","-285285660"
"024880","케이피에프","250392","207865","-42527","1686882140","1400136170","-286745970"
"267790","배럴","26752","1821","-24931","307835300","20958250","-286877050"
"151910","SBW생명과학","121484","59095","-62389","558548990","271507995","-287040995"
"214270","FSN","60675","14824","-45851","379997480","92924140","-287073340"
"043200","파루","408138","202833","-205305","559472640","272003735","-287468905"
"377220","프롬바이오","31820","2691","-29129","315507860","26584980","-288922880"
"096640","멜파스","1342820","1159773","-183047","2034585685","1739216680","-295369005"
"046120","오르비텍","173056","133973","-39083","1288448630","992241900","-296206730"
"183490","엔지켐생명과학","24499","10971","-13528","536329100","240121250","-296207850"
"013990","아가방컴퍼니","92734","28643","-64091","427216050","130872290","-296343760"
"032500","케이엠더블유","21079","11976","-9103","693435250","393587650","-299847600"
"306620","네온테크","1775478","1714663","-60815","8322938005","8022384925","-300553080"
"023160","태광","43949","16482","-27467","481541100","180594200","-300946900"
"095700","제넥신","27443","19766","-7677","1091363500","785197400","-306166100"
"007390","네이처셀","43060","25180","-17880","737090600","430791600","-306299000"
"038620","위즈코프","232653","38079","-194574","368467525","59652435","-308815090"
"178320","서진시스템","54756","38672","-16084","1051833000","739806550","-312026450"
"136410","아셈스","41872","22650","-19222","678789250","366716800","-312072450"
"101730","위메이드맥스","49780","29718","-20062","788645100","471641600","-317003500"
"015750","성우하이텍","103512","38101","-65411","503818190","185438320","-318379870"
"078130","국일제지","142272","44004","-98268","463008355","142999945","-320008410"
"080160","모두투어","21410","7029","-14381","479844200","157527200","-322317000"
"259630","엠플러스","30189","12868","-17321","561510150","236497400","-325012750"
"092730","네오팜","12875","544","-12331","340430300","14419950","-326010350"
"102710","이엔에프테크놀로지","24538","14956","-9582","876810400","537229650","-339580750"
"005860","한일사료","301507","265150","-36357","2794338320","2454135120","-340203200"
"208140","정다운","301712","193791","-107921","963424535","622681120","-340743415"
"117730","티로보틱스","125904","85245","-40659","1066044080","715860690","-350183390"
"010470","오리콤","113136","67593","-45543","854612870","504008540","-350604330"
"058610","에스피지","49734","29081","-20653","850834800","496878400","-353956400"
"092040","아미코젠","16490","5308","-11182","525027300","168999950","-356027350"
"074430","아미노로직스","206941","59601","-147340","501403130","142968610","-358434520"
"025870","신라에스지","34253","8355","-25898","483168150","116720750","-366447400"
"230240","에치에프알","42061","31166","-10895","1401588050","1031980050","-369608000"
"225570","넥슨게임즈","58866","44048","-14818","1377732400","1005460450","-372271950"
"040160","누리플렉스","81684","35167","-46517","651296890","277557060","-373739830"
"043910","자연과환경","305858","126455","-179403","642870225","263997485","-378872740"
"031860","엔에스엔","225655","32244","-193411","442801735","62928205","-379873530"
"052600","한네트","165022","126477","-38545","1569189790","1188007810","-381181980"
"095500","미래나노텍","444309","404190","-40119","3772162930","3388487030","-383675900"
"069920","아이에스이커머스","98577","61722","-36855","989759630","606077080","-383682550"
"267980","매일유업","13679","8156","-5523","945728300","561969100","-383759200"
"032680","소프트센","269589","134664","-134925","773434070","386925825","-386508245"
"035810","이지홀딩스","591283","537843","-53440","3430097100","3040474130","-389622970"
"150900","파수","42492","7570","-34922","480170050","86007050","-394163000"
"099440","스맥","477580","287309","-190271","1012483520","607124520","-405359000"
"016790","현대사료","4761","1758","-3003","643496100","235294100","-408202000"
"025950","동신건설","36966","22474","-14492","1059691750","638345350","-421346400"
"130740","티피씨글로벌","166873","58611","-108262","650918010","228371265","-422546745"
"247660","나노씨엠에스","25619","9644","-15975","684333100","259788550","-424544550"
"032820","우리기술","1774729","1616016","-158713","4377041430","3947833525","-429207905"
"060250","NHN한국사이버결제","69448","48120","-21328","1424711100","986983700","-437727400"
"001840","이화공영","193748","140472","-53276","1593829250","1151154390","-442674860"
"093520","매커스","52636","11296","-41340","568924500","121376650","-447547850"
"095660","네오위즈","38048","17322","-20726","827987950","377024500","-450963450"
"256840","한국비엔씨","137524","94070","-43454","1428139750","974167000","-453972750"
"270660","에브리봇","30390","19211","-11179","1228538050","772757250","-455780800"
"084990","헬릭스미스","30157","7683","-22474","620431850","157639550","-462792300"
"083650","비에이치아이","229070","151374","-77696","1363553290","896825850","-466727440"
"020180","대신정보통신","386035","72778","-313257","578276955","107456260","-470820695"
"195500","마니커에프앤지","118666","38849","-79817","697170880","221250670","-475920210"
"088800","에이스테크","55239","9102","-46137","573600850","94253450","-479347400"
"017000","신원종합개발","110893","70629","-40264","1310017900","829873600","-480144300"
"357780","솔브레인","3835","1876","-1959","940619000","459340700","-481278300"
"035890","서희건설","446847","194323","-252524","857768545","371103560","-486664985"
"268600","셀리버리","71194","56423","-14771","2326265550","1833844250","-492421300"
"049480","오픈베이스","328902","195264","-133638","1238964105","735906565","-503057540"
"200130","콜마비앤에이치","18047","3258","-14789","615068000","111009950","-504058050"
"294090","이오플로우","25197","2560","-22637","567554400","57841850","-509712550"
"060560","홈센타홀딩스","826083","528373","-297710","1429412585","909377995","-520034590"
"019550","SBI인베스트먼트","425651","115820","-309831","711739110","191597090","-520142020"
"011320","유니크","551747","487794","-63953","4685454110","4164910780","-520543330"
"317850","대모","198115","141543","-56572","2015303020","1492411130","-522891890"
"154030","아시아종묘","515751","446785","-68966","3849935440","3321610830","-528324610"
"067170","오텍","61777","5292","-56485","589315680","50488120","-538827560"
"290380","대유","943976","863219","-80757","6288110150","5740359120","-547751030"
"036890","진성티이씨","181912","137425","-44487","2266431700","1718553050","-547878650"
"383310","에코프로에이치엔","24691","13347","-11344","1201021850","651551100","-549470750"
"039440","에스티아이","38956","11784","-27172","798441200","240641350","-557799850"
"237880","클리오","33265","6319","-26946","691414400","130758650","-560655750"
"361390","제노코","33068","15992","-17076","1090758050","525004350","-565753700"
"008370","원풍","148584","50880","-97704","876490060","302066700","-574423360"
"064550","바이오니아","48802","29955","-18847","1503254850","922552800","-580702050"
"043150","바텍","30504","16234","-14270","1243084000","659123000","-583961000"
"035600","KG이니시스","69631","35192","-34439","1209323050","612212900","-597110150"
"073640","테라사이언스","518198","262902","-255296","1215981810","613205615","-602776195"
"067630","HLB생명과학","79906","19671","-60235","816887550","202391250","-614496300"
"108490","로보티즈","115436","85596","-29840","2460906500","1823341000","-637565500"
"053030","바이넥스","75118","33586","-41532","1161297750","521719550","-639578200"
"039200","오스코텍","35234","10780","-24454","946930850","288183300","-658747550"
"058470","리노공업","29502","25826","-3676","5261680800","4599087300","-662593500"
"206560","덱스터","60949","23003","-37946","1084095550","410691650","-673403900"
"137950","제이씨케미칼","130594","85641","-44953","1872373400","1193277350","-679096050"
"067990","도이치모터스","139487","78395","-61092","1582846700","887477500","-695369200"
"034230","파라다이스","99611","56454","-43157","1636870050","926614300","-710255750"
"084650","랩지노믹스","198310","99006","-99304","1444744360","724942890","-719801470"
"136480","하림","1032466","865001","-167465","4321243210","3601302540","-719940670"
"086450","동국제약","40605","8374","-32231","913954300","187723250","-726231050"
"098460","고영","79191","40427","-38764","1500631850","765093500","-735538350"
"094360","칩스앤미디어","37628","1974","-35654","789210800","41372950","-747837850"
"104200","NHN벅스","101687","42875","-58812","1308435950","553188950","-755247000"
"033170","시그네틱스","380515","88860","-291655","988509505","231419885","-757089620"
"025880","케이씨피드","348795","212816","-135979","1960407050","1196707290","-763699760"
"040610","SG&G","861923","611465","-250458","2602160780","1834786570","-767374210"
"144510","지씨셀","16732","4613","-12119","1087717900","300245200","-787472700"
"377330","이지트로닉스","71578","32642","-38936","1464961400","651829450","-813131950"
"206650","유바이오로직스","70310","24361","-45949","1247711750","432897750","-814814000"
"205470","휴마시스","147553","81717","-65836","1855816550","1026705500","-829111050"
"388050","지투파워","56525","17619","-38906","1218340050","385263450","-833076600"
"063080","컴투스홀딩스","22740","12785","-9955","1932704800","1086350000","-846354800"
"006730","서부T&D","98154","16342","-81812","1049754250","173856550","-875897700"
"046390","삼화네트웍스","451187","229864","-221323","1980116955","1008071420","-972045535"
"030530","원익홀딩스","314571","108853","-205718","1565853795","541765690","-1024088105"
"298380","에이비엘바이오","67116","24557","-42559","1678140500","614263000","-1063877500"
"073560","우리손에프앤지","761416","381305","-380111","2162199595","1056247440","-1105952155"
"143240","사람인에이치알","49216","25140","-24076","2288171450","1167843400","-1120328050"
"166090","하나머티리얼즈","57880","39407","-18473","3774230700","2570466400","-1203764300"
"119500","포메탈","392373","193874","-198499","2368242180","1159120630","-1209121550"
"215200","메가스터디교육","22793","9920","-12873","2167378900","942288900","-1225090000"
"122870","와이지엔터테인먼트","70810","49546","-21264","4111206400","2869118800","-1242087600"
"056090","에디슨INNO","177667","71478","-106189","2153490850","873968950","-1279521900"
"035900","JYP Ent.","82737","61486","-21251","5017382600","3735465900","-1281916700"
"086520","에코프로","68039","52937","-15102","5993851200","4650268000","-1343583200"
"078340","컴투스","36353","22365","-13988","3523392600","2159907500","-1363485100"
"219130","타이거일렉","96748","21304","-75444","1767730000","395915150","-1371814850"
"177350","베셀","282839","130928","-151911","2579538950","1203025580","-1376513370"
"196170","알테오젠","45963","20562","-25401","2630692600","1175799500","-1454893100"
"141080","레고켐바이오","41263","7342","-33921","1772371200","315715750","-1456655450"
"090410","덕신하우징","1226810","754053","-472757","3774817320","2316644105","-1458173215"
"088910","동우팜투테이블","908392","558738","-349654","3919174840","2332645235","-1586529605"
"091990","셀트리온헬스케어","114119","88464","-25655","7138890900","5533576800","-1605314100"
"085370","루트로닉","185904","122550","-63354","5011209700","3334153400","-1677056300"
"006910","보성파워텍","1114711","874871","-239840","8280050170","6473784900","-1806265270"
"028300","HLB","95709","34635","-61074","2900166350","1048697600","-1851468750"
"237690","에스티팜","38405","20307","-18098","3994417000","2112997400","-1881419600"
"121800","비덴트","234875","99396","-135479","3406372300","1443414150","-1962958150"
"041510","에스엠","81647","45947","-35700","5596765000","3141784700","-2454980300"
"057540","옴니시스템","1689698","656355","-1033343","4222545865","1633985210","-2588560655"
"131290","티에스이","89148","49062","-40086","7301048700","3982408000","-3318640700"
"053800","안랩","140154","110841","-29313","16181028500","12823928200","-3357100300"
"293490","카카오게임즈","174035","113976","-60059","10427280600","6841594300","-3585686300"
"066970","엘앤에프","119890","93867","-26023","27303210600","21464620200","-5838590400"
"263750","펄어비스","177094","83519","-93575","11931288100","5589663200","-6341624900"
"048260","오스템임플란트","80259","22853","-57406","9343972400","2665498300","-6678474100"
"036930","주성엔지니어링","470675","116408","-354267","10455666050","2599140500","-7856525550"
"222800","심텍","321612","149143","-172469","16269834800","7535801850","-8734032950"