종목코드,종목명,거래량_매도,거래량_매수,거래량_순매수,거래대금_매도,거래대금_매수,거래대금_순매수
"005930","삼성전자","1435383","1959084","523701","97385486300","132885429000","35499942700"
"006400","삼성SDI","49866","102342","52476","30941871000","63445398000","32503527000"
"000270","기아","166230","425950","259720","13868221700","35531143700","21662922000"
"034220","LG디스플레이","1120442","1955823","835381","19198909300","33551746450","14352837150"
"377300","카카오페이","73012","183826","110814","7916231500","19999680000","12083448500"
"017670","SK텔레콤","100098","302907","202809","5748136900","17414454900","11666318000"
"002900","TYM","5029253","8759050","3729797","14732764920","26043339215","11310574295"
"105560","KB금융","232555","422002","189447","13668883600","24808929300","11140045700"
"005300","롯데칠성","24530","71471","46941","4967348500","14453784500","9486436000"
"012450","한화에어로스페이스","72378","237147","164769","4011767000","13220684400","9208917400"
"035720","카카오","418520","517401","98881","36892820500","45713775000","8820954500"
"329180","현대중공업","13630","76433","62803","1906140000","10585859000","8679719000"
"068270","셀트리온","37950","87304","49354","6587407000","15156826000","8569419000"
"096770","SK이노베이션","65466","106191","40725","13342108000","21629713000","8287605000"
"000210","DL","62949","178233","115284","4084803800","11616583200","7531779400"
"030200","KT","71866","264567","192701","2535739350","9330724950","6794985600"
"047810","한국항공우주","255979","396878","140899","12000320900","18682262100","6681941200"
"034730","SK","30176","54921","24745","7962363000","14447995000","6485632000"
"086280","현대글로비스","34742","63277","28535","7148722500","13007151500","5858429000"
"316140","우리금융지주","735241","1112322","377081","11165670650","16853549450","5687878800"
"001450","현대해상","149161","325741","176580","4649378300","10164022050","5514643750"
"028050","삼성엔지니어링","231516","437154","205638","6054014000","11422881000","5368867000"
"033780","KT&G","43078","107220","64142","3558485700","8857576600","5299090900"
"361610","SK아이이테크놀로지","31373","72391","41018","3931435000","9085109500","5153674500"
"003670","포스코케미칼","58324","96365","38041","7810275000","12921018000","5110743000"
"001120","LX인터내셔널","73358","200751","127393","2890564300","7917220450","5026656150"
"003490","대한항공","150477","310327","159850","4512669550","9311273600","4798604050"
"207940","삼성바이오로직스","11737","17375","5638","9835531000","14548801000","4713270000"
"004170","신세계","4412","22153","17741","1085690500","5448899500","4363209000"
"079550","LIG넥스원","81246","130486","49240","6980959100","11254985500","4274026400"
"000490","대동","1117984","1350217","232233","20060462050","24111065200","4050603150"
"117580","대성에너지","605584","830461","224877","10725999450","14655532500","3929533050"
"002460","화성산업","50321","192802","142481","1179426700","4462450900","3283024200"
"003550","LG","23657","67888","44231","1744074000","5007890800","3263816800"
"402340","SK스퀘어","92785","154554","61769","4784665600","7988186300","3203520700"
"009150","삼성전기","104992","123565","18573","17562493500","20648919500","3086426000"
"032640","LG유플러스","129877","348545","218668","1812219550","4864053400","3051833850"
"353200","대덕전자","119433","214188","94755","3782737550","6778875900","2996138350"
"251270","넷마블","20039","51463","31424","1867746800","4798070300","2930323500"
"012330","현대모비스","51088","65128","14040","10569518500","13477540000","2908021500"
"267260","현대일렉트릭","41201","158489","117288","987248550","3802484400","2815235850"
"248070","솔루엠","23322","132523","109201","594043600","3373781700","2779738100"
"035420","NAVER","148289","157862","9573","41810090000","44558553000","2748463000"
"128940","한미약품","2691","11718","9027","820076500","3564907000","2744830500"
"011170","롯데케미칼","9237","22553","13316","1833595000","4477973500","2644378500"
"259960","크래프톤","26179","36607","10428","6687835500","9312714000","2624878500"
"210540","디와이파워","97735","257797","160062","1537984150","4063881400","2525897250"
"007810","코리아써키트","18139","102278","84139","538688800","3048962250","2510273450"
"000080","하이트진로","100998","163654","62656","3846309900","6250715250","2404405350"
"000150","두산","24299","50961","26662","2184701300","4574885600","2390184300"
"195870","해성디에스","12854","43367","30513","915465600","3083378000","2167912400"
"047050","포스코인터내셔널","118664","205145","86481","2912932650","5031792050","2118859400"
"010130","고려아연","11753","15495","3742","6681076000","8798672000","2117596000"
"005490","POSCO홀딩스","44667","51854","7187","13033096500","15138813000","2105716500"
"204320","만도","59028","97803","38775","3198195100","5295080500","2096885400"
"028260","삼성물산","56373","73325","16952","6539776500","8493886500","1954110000"
"008350","남선알미늄","196274","794578","598304","592655595","2391714845","1799059250"
"383220","F&F","19896","32899","13003","2774056500","4567531000","1793474500"
"009830","한화솔루션","48679","101417","52738","1552979150","3233243550","1680264400"
"011780","금호석유","15470","26083","10613","2392434000","4033826000","1641392000"
"055550","신한지주","183066","222333","39267","7652154450","9283823250","1631668800"
"078930","GS","39693","74512","34819","1784336300","3349309550","1564973250"
"003230","삼양식품","5572","21076","15504","546151000","2034509200","1488358200"
"000810","삼성화재","19792","26877","7085","4051288000","5501224500","1449936500"
"001550","조비","88895","141706","52811","2328143350","3737076750","1408933400"
"030000","제일기획","62145","113544","51399","1636502150","2962936950","1326434800"
"039490","키움증권","7866","21791","13925","735640600","2034009000","1298368400"
"018260","삼성에스디에스","24363","32395","8032","3606423000","4797349000","1190926000"
"336260","두산퓨얼셀","30553","59788","29235","1058220400","2068876150","1010655750"
"267290","경동도시가스","33525","71029","37504","892713450","1886750450","994037000"
"000720","현대건설","59420","81096","21676","2662413200","3633039150","970625950"
"004490","세방전지","2681","14640","11959","196219300","1075629100","879409800"
"111770","영원무역","17043","34480","17437","810244250","1638645800","828401550"
"004000","롯데정밀화학","11153","21168","10015","915594700","1736704200","821109500"
"047040","대우건설","595615","712941","117326","4048941560","4852123590","803182030"
"104700","한국철강","8491","95104","86613","77832650","867588480","789755830"
"005830","DB손해보험","50344","62039","11695","3295566400","4059840600","764274200"
"005385","현대차우","609","8467","7858","57258700","796842900","739584200"
"014830","유니드","13570","19537","5967","1684921000","2403241000","718320000"
"069620","대웅제약","10410","14016","3606","1924875500","2593142500","668267000"
"000990","DB하이텍","50582","60243","9661","3432685500","4088933000","656247500"
"034020","두산에너빌리티","533878","563675","29797","11211359650","11820217750","608858100"
"036570","엔씨소프트","19782","21131","1349","8553498000","9130148000","576650000"
"001390","KG케미칼","45620","59984","14364","1856752000","2421593300","564841300"
"241560","두산밥캣","60871","74470","13599","2514842050","3079529900","564687850"
"033240","자화전자","72408","89416","17008","2378136700","2938186050","560049350"
"017550","수산중공업","1565487","1716977","151490","5723701820","6266938185","543236365"
"013570","디와이","56392","115428","59036","518323160","1051909200","533586040"
"120110","코오롱인더","28750","37127","8377","1800496000","2330163100","529667100"
"005387","현대차2우B","1381","6879","5498","131365300","652753300","521388000"
"018880","한온시스템","71054","116087","45033","806935950","1318018100","511082150"
"006650","대한유화","3130","6274","3144","476813000","956754000","479941000"
"112610","씨에스윈드","22741","31009","8268","1320754400","1798423200","477668800"
"015860","일진홀딩스","13652","96450","82798","77771600","551416550","473644950"
"015230","대창단조","495112","590246","95134","2607288790","3054892230","447603440"
"010820","퍼스텍","554873","662061","107188","2257096455","2695524075","438427620"
"004380","삼익THK","18054","48102","30048","253485600","673632000","420146400"
"069960","현대백화점","10770","16195","5425","812675700","1221777300","409101600"
"017800","현대엘리베이","7271","18371","11100","259416100","655897700","396481600"
"009810","플레이그램","134579","347951","213372","247341195","631245720","383904525"
"006360","GS건설","88148","97209","9061","3710900350","4088075650","377175300"
"395400","SK리츠","9314","61881","52567","65736230","433775950","368039720"
"001040","CJ","4693","8809","4116","404837200","757065900","352228700"
"005305","롯데칠성우","459","4597","4138","38610600","389097600","350487000"
"032560","황금에스티","25865","61796","35931","253026720","601893680","348866960"
"030790","비케이탑스","105000","338665","233665","149953120","479095150","329142030"
"180640","한진칼","17809","23506","5697","1025672200","1353356000","327683800"
"010100","한국프랜지","6020","104950","98930","19036995","333927910","314890915"
"138930","BNK금융지주","120381","157136","36755","948634370","1239617520","290983150"
"097520","엠씨넥스","9062","15735","6673","393733100","684254150","290521050"
"025620","제이준코스메틱","1901435","2060904","159469","2781196525","3071195640","289999115"
"002790","아모레G","50958","56749","5791","2543853650","2829034250","285180600"
"271940","일진하이솔루스","3703","10668","6965","150390550","434184000","283793450"
"003580","HLB글로벌","79626","116192","36566","607097690","883809770","276712080"
"012610","경인양행","49213","87196","37983","359098190","635702110","276603920"
"002100","경농","13269","32054","18785","191831600","466917700","275086100"
"091090","세원이앤씨","104860","383596","278736","101963825","372380468","270416643"
"012280","영화금속","267748","417813","150065","467263420","728980750","261717330"
"012750","에스원","12544","16354","3810","860537200","1120953500","260416300"
"019180","티에이치엔","16594","71837","55243","75664810","325956170","250291360"
"071090","하이스틸","200519","236953","36434","1348671500","1592027770","243356270"
"005690","파미셀","12529","33331","20802","145744950","386715650","240970700"
"013000","세우글로벌","165309","281220","115911","334677355","568243645","233566290"
"004830","덕성","39963","66832","26869","337851360","566599910","228748550"
"111110","호전실업","2833","23549","20716","30116500","248561200","218444700"
"049770","동원F&B","254","1486","1232","44284500","258557500","214273000"
"008060","대덕","5936","32682","26746","47475650","260889480","213413830"
"002220","한일철강","40568","78016","37448","224580210","432052660","207472450"
"005950","이수화학","53008","65832","12824","849237900","1056492650","207254750"
"272210","한화시스템","83820","96738","12918","1340506550","1545965100","205458550"
"293940","신한알파리츠","32018","57878","25860","252979060","455478200","202499140"
"105840","우진","648822","669793","20971","7532836450","7731680650","198844200"
"000910","유니온","28173","54465","26292","212873320","411655300","198781980"
"010050","우리종금","49099","270777","221678","43091600","237797666","194706066"
"007110","일신석재","23408","127815","104407","43390250","236573285","193183035"
"058730","다스코","135309","171729","36420","699244875","883844895","184600020"
"122900","아이마켓코리아","0","17033","17033","0","184166250","184166250"
"027410","BGF","9734","41154","31420","55550050","235085850","179535800"
"035250","강원랜드","61578","67909","6331","1638915000","1810624400","171709400"
"002990","금호건설","3009","19352","16343","31531850","202674950","171143100"
"011930","신성이엔지","27653","115020","87367","52995445","220711185","167715740"
"005880","대한해운","98318","158408","60090","269037910","431969590","162931680"
"133820","화인베스틸","8192","53378","45186","28622335","188543030","159920695"
"417310","코람코더원리츠","9496","34998","25502","59337700","217417020","158079320"
"017940","E1","1863","4985","3122","93565450","250000700","156435250"
"181710","NHN","9141","13467","4326","325550600","479622300","154071700"
"088260","이리츠코크렙","11920","35106","23186","80051650","233072130","153020480"
"023590","다우기술","2775","10077","7302","57779750","209832300","152052550"
"003570","SNT중공업","6870","23604","16734","62858530","214808880","151950350"
"213500","한솔제지","6393","16498","10105","92151000","237251750","145100750"
"029780","삼성카드","19460","23728","4268","646224500","788092750","141868250"
"000500","가온전선","712","5991","5279","18836650","158623800","139787150"
"077970","STX엔진","44349","53339","8990","687793300","827025500","139232200"
"055490","테이팩스","1330","2968","1638","111901600","249511300","137609700"
"298050","효성첨단소재","2208","2502","294","1034587000","1171591000","137004000"
"004100","태양금속","18358","110565","92207","26782500","160707045","133924545"
"064350","현대로템","31701","38697","6996","607272550","740481950","133209400"
"281820","케이씨텍","1844","8087","6243","38541350","169260950","130719600"
"071970","STX중공업","6353","31393","25040","32671480","161912330","129240850"
"026890","스틱인베스트먼트","14975","27362","12387","156436350","285620700","129184350"
"007860","서연","8555","24217","15662","70236270","199164150","128927880"
"011760","현대코퍼레이션","3073","10037","6964","56074850","182722650","126647800"
"000180","성창기업지주","31212","74676","43464","91786290","218383565","126597275"
"011500","한농화성","5591","13403","7812","90614100","216898000","126283900"
"009270","신원","96388","160599","64211","186540325","311065805","124525480"
"047400","유니온머티리얼","12972","54345","41373","38712160","162156970","123444810"
"025560","미래산업","14773","23051","8278","202774350","316831750","114057400"
"023800","인지컨트롤스","13175","22711","9536","154740150","267453750","112713600"
"357120","코람코에너지리츠","16859","32926","16067","118367680","230077840","111710160"
"012030","DB","39097","148643","109546","39304722","149473361","110168639"
"031820","콤텍시스템","18016","126468","108452","17910388","126101188","108190800"
"298020","효성티앤씨","2119","2383","264","858403000","965974000","107571000"
"005680","삼영전자","3462","13152","9690","38368050","144863200","106495150"
"090350","노루페인트","9333","18657","9324","105339400","210248500","104909100"
"002070","비비안","118080","157045","38965","310883965","414451345","103567380"
"002390","한독","1897","6415","4518","43090600","145403350","102312750"
"095570","AJ네트웍스","1367","16619","15252","9141450","110957830","101816380"
"001940","KISCO홀딩스","4006","9504","5498","74125500","175784650","101659150"
"103590","일진전기","108557","125883","17326","631490750","732546600","101055850"
"044380","주연테크","11948","104767","92819","13026385","113610650","100584265"
"020760","일진디스플","39488","88197","48709","79754230","179506505","99752275"
"008600","윌비스","24834","97081","72247","33782235","131808290","98026055"
"02826K","삼성물산우B","379","1251","872","42255000","138939000","96684000"
"014580","태경비케이","40930","59172","18242","211157230","305686830","94529600"
"001420","태원물산","13104","30821","17717","71484530","165905370","94420840"
"039130","하나투어","4666","5813","1147","383317000","476660900","93343900"
"004710","한솔테크닉스","2107","15606","13499","14603560","107536260","92932700"
"002410","범양건영","249681","264876","15195","1666972720","1759577550","92604830"
"001820","삼화콘덴서","1692","3363","1671","93132100","184783300","91651200"
"377190","디앤디플랫폼리츠","73","17092","17019","392740","91715630","91322890"
"009070","KCTC","11775","25717","13942","74057120","161346690","87289570"
"069260","TKG휴켐스","4159","8089","3930","92289550","179554200","87264650"
"003610","방림","15567","37669","22102","60972305","147698020","86725715"
"007340","디티알오토모티브","1139","2260","1121","87144100","173185300","86041200"
"002150","도화엔지니어링","49286","59414","10128","431583170","516716800","85133630"
"037270","YG PLUS","25319","37228","11909","181670990","266684390","85013400"
"015890","태경산업","8476","19870","11394","62919520","147377750","84458230"
"033180","KH 필룩스","87408","124160","36752","196883870","280892055","84008185"
"000970","한국주철관","10462","18674","8212","109274000","193259850","83985850"
"025820","이구산업","27762","46447","18685","126064515","210039210","83974695"
"012160","영흥","23661","101611","77950","25501900","109442400","83940500"
"005320","국동","6807","42598","35791","15702545","98656265","82953720"
"006740","영풍제지","995","8381","7386","11058950","93178900","82119950"
"016740","두올","14422","35812","21390","55273465","137068360","81794895"
"175330","JB금융지주","34851","44100","9249","307496180","388863730","81367550"
"023530","롯데쇼핑","6256","7102","846","591198500","671182000","79983500"
"400760","NH올원리츠","5562","20377","14815","29960300","108976410","79016110"
"192650","드림텍","3992","11397","7405","41774950","119474750","77699800"
"005250","녹십자홀딩스","7681","11107","3426","169354300","245191800","75837500"
"092200","디아이씨","36067","50551","14484","190413610","265392110","74978500"
"026940","부국철강","64477","78377","13900","350526340","425424610","74898270"
"033270","유나이티드제약","12418","14860","2442","372231000","446263550","74032550"
"025890","한국주강","4330","21866","17536","17980395","91717835","73737440"
"018670","SK가스","18284","18969","685","2461455000","2533356000","71901000"
"010040","한국내화","9759","27111","17352","39315495","109165670","69850175"
"093240","형지엘리트","13099","46687","33588","26879675","95455010","68575335"
"012510","더존비즈온","23618","25194","1576","982398700","1049402750","67004050"
"020000","한섬","10999","12870","1871","391833150","457901300","66068150"
"002310","아세아제지","918","2403","1485","40604900","106486100","65881200"
"071055","한국금융지주우","233","1216","983","15153000","79078400","63925400"
"092780","동양피스톤","18971","28636","9665","127060820","190282610","63221790"
"002360","SH에너지화학","238992","277838","38846","353071870","415409985","62338115"
"025540","한국단자","3329","4230","901","232893400","294790200","61896800"
"032830","삼성생명","30841","31796","955","1992621100","2053302400","60681300"
"090080","평화산업","5697","38895","33198","10253720","70114285","59860565"
"004720","팜젠사이언스","2827","10265","7438","22667650","82290130","59622480"
"023810","인팩","1967","7556","5589","19958300","76486300","56528000"
"005740","크라운해태홀딩스","16334","21762","5428","171170350","227367100","56196750"
"073240","금호타이어","26410","39487","13077","111447020","166046945","54599925"
"011300","성안","1393290","1486227","92937","929983450","984414735","54431285"
"298040","효성중공업","5039","6012","973","285443100","339605300","54162200"
"003530","한화투자증권","9835","20547","10712","47001225","98071965","51070740"
"034590","인천도시가스","809","2661","1852","22503700","73501400","50997700"
"000860","강남제비스코","215","2174","1959","5627350","56363000","50735650"
"011810","STX","2714","14221","11507","11912220","62250260","50338040"
"013580","계룡건설","11029","12398","1369","407173650","456323850","49150200"
"036460","한국가스공사","52909","54159","1250","2171789300","2220054400","48265100"
"100250","진양홀딩스","12513","25473","12960","46626660","94466850","47840190"
"012630","HDC","3462","10034","6572","25151490","72925620","47774130"
"024890","대원화성","10108","26371","16263","29585065","77151505","47566440"
"308170","센트랄모텍","789","3331","2542","13985400","59127650","45142250"
"008490","서흥","766","1924","1158","29822250","74856700","45034450"
"183190","아세아시멘트","14923","18104","3181","222116400","267074400","44958000"
"024070","WISCOM","1384","13883","12499","4863615","49042175","44178560"
"000670","영풍","27","92","65","18502000","62624000","44122000"
"012690","모나리자","10757","21957","11200","42714785","86652430","43937645"
"001770","SHD","649","1925","1276","21616050","64556650","42940600"
"051630","진양화학","46969","54035","7066","266387140","308774150","42387010"
"024900","덕양산업","2001","14931","12930","6543380","48555045","42011665"
"004910","조광페인트","893","5740","4847","7556640","48395700","40839060"
"282690","동아타이어","88","3290","3202","1119900","41825400","40705500"
"178920","PI첨단소재","14262","15102","840","685252500","725205750","39953250"
"002630","오리엔트바이오","8851","54043","45192","7465167","45625249","38160082"
"001080","만호제강","441","1746","1305","12141950","48337200","36195250"
"004440","삼일씨엔에스","168","3288","3120","1878300","36521300","34643000"
"330590","롯데리츠","13609","19570","5961","80112720","114463030","34350310"
"002960","한국쉘석유","7","141","134","1781500","35870500","34089000"
"004920","씨아이테크","35450","65336","29886","42041345","75889320","33847975"
"003240","태광산업","15","48","33","15185000","48614000","33429000"
"014440","영보화학","51607","58217","6610","257035000","290338375","33303375"
"003560","IHQ","16510","46043","29533","18507075","51687675","33180600"
"229640","LS전선아시아","3245","7369","4124","26050140","59176630","33126490"
"006120","SK디스커버리","4626","5406","780","195157550","228142950","32985400"
"002780","진흥기업","595704","609405","13701","1602827555","1635653450","32825895"
"000020","동화약품","8812","11387","2575","111597000","143914850","32317850"
"007980","태평양물산","17533","29503","11970","46778170","78566035","31787865"
"085310","엔케이","11029","37576","26547","13050485","43901990","30851505"
"006890","태경케미컬","5699","7595","1896","92754300","123527100","30772800"
"074610","이엔플러스","19599","27382","7783","76515985","106649325","30133340"
"011330","유니켐","5013","27397","22384","6697120","36652710","29955590"
"003300","한일홀딩스","1599","3772","2173","21463300","50667400","29204100"
"071050","한국금융지주","62585","63031","446","4441250700","4469936600","28685900"
"000700","유수홀딩스","4040","8567","4527","25087710","53270840","28183130"
"058850","KTcs","15070","26247","11177","37592085","65247900","27655815"
"000220","유유제약","5937","9578","3641","44495320","72003350","27508030"
"011230","삼화전자","1511","8407","6896","5888765","32692815","26804050"
"102460","이연제약","11470","12375","905","320874550","347542300","26667750"
"004310","현대약품","84009","90553","6544","449861650","475434270","25572620"
"26490K","크라운제과우","2662","4184","1522","45177450","70453800","25276350"
"084870","TBH글로벌","12964","23667","10703","29373590","53320295","23946705"
"003090","대웅","9303","10101","798","281420500","305095550","23675050"
"002880","대유에이텍","13583","33140","19557","16442705","40072365","23629660"
"042700","한미반도체","50153","51781","1628","759962300","783493000","23530700"
"005110","한창","7189","39632","32443","5185303","28638318","23453015"
"029460","케이씨","1786","2825","1039","39140750","62033950","22893200"
"002720","국제약품","2845","6690","3845","17037470","39888930","22851460"
"006390","한일현대시멘트","983","1685","702","31879550","54467750","22588200"
"006405","삼성SDI우","271","342","71","83636000","105734500","22098500"
"001570","금양","5882","10446","4564","26928955","47657845","20728890"
"077500","유니퀘스트","6743","8486","1743","80759200","100961050","20201850"
"019440","세아특수강","1710","2844","1134","29442450","48812950","19370500"
"372910","한컴라이프케어","215","3155","2940","1397980","20445870","19047890"
"003495","대한항공우","14","519","505","530050","19506250","18976200"
"227840","현대코퍼레이션홀딩스","3062","4579","1517","39328400","58246150","18917750"
"192400","쿠쿠홀딩스","9390","10365","975","178447900","196776450","18328550"
"016880","웅진","2734","13140","10406","4637280","22279855","17642575"
"090435","아모레퍼시픽우","355","580","225","26538000","43294000","16756000"
"083420","그린케미칼","8741","10371","1630","85822020","101838740","16016720"
"001795","대한제당우","128879","133055","4176","685521075","700967125","15446050"
"007120","미래아이앤지","24718","60727","36009","10240213","25087095","14846882"
"006110","삼아알미늄","3024","3600","576","76635450","90796100","14160650"
"052690","한전기술","73148","73401","253","5556825000","5570680900","13855900"
"068400","SK렌터카","2774","3970","1196","31349700","44836600","13486900"
"097230","HJ중공업","982","2663","1681","7772810","21104880","13332070"
"014910","성문전자","3597","9067","5470","8712475","21986850","13274375"
"005745","크라운해태홀딩스우","147","1016","869","2217000","15236550","13019550"
"33637K","솔루스첨단소재1우","678","1435","757","11246550","24103500","12856950"
"123700","SJM","3081","5922","2841","13767185","26424830","12657645"
"006490","인스코비","7221","11710","4489","20213815","32680455","12466640"
"002420","세기상사","938","2029","1091","10062250","21767650","11705400"
"000540","흥국화재","2257","5144","2887","9102430","20715770","11613340"
"002210","동성제약","899","2270","1371","7524340","19007620","11483280"
"001140","국보","19545","28718","9173","25020050","36458490","11438440"
"396690","미래에셋글로벌리츠","33437","35670","2233","213954000","225251750","11297750"
"001685","대상우","4222","4786","564","84377900","95467850","11089950"
"003120","일성신약","20","150","130","1703100","12748400","11045300"
"029530","신도리코","253","581","328","8382600","19296150","10913550"
"000680","LS네트웍스","85711","89932","4221","344933770","355756765","10822995"
"081000","일진다이아","1007","1405","398","26378500","36888000","10509500"
"323410","카카오뱅크","644336","644167","-169","26684424800","26694898450","10473650"
"000040","KR모터스","8747","20774","12027","7470372","17762891","10292519"
"010400","우진아이엔에스","632","1980","1348","4972630","15142930","10170300"
"009160","SIMPAC","22729","23891","1162","206058240","216069400","10011160"
"001210","금호전기","5614","10077","4463","12353465","22164170","9810705"
"000320","노루홀딩스","302","1105","803","3713200","13416250","9703050"
"013870","지엠비코리아","500","2107","1607","2939510","12363160","9423650"
"020560","아시아나항공","45561","45980","419","910105700","919188950","9083250"
"009460","한창제지","17715","21882","4167","39084905","48166700","9081795"
"009190","대양금속","29913","31919","2006","135858720","144225390","8366670"
"003650","미창석유","1","102","101","82500","8351100","8268600"
"009970","영원무역홀딩스","4433","4602","169","231708300","239548100","7839800"
"404990","신한서부티엔디리츠","17113","18719","1606","96177120","103965620","7788500"
"002170","삼양통상","71","202","131","4094500","11615000","7520500"
"004150","한솔홀딩스","2746","4707","1961","9762895","16731165","6968270"
"018500","동원금속","6818","13938","7120","6713426","13667930","6954504"
"011390","부산산업","414","476","62","48319500","55273500","6954000"
"058430","포스코스틸리온","1231","1362","131","63990500","70761100","6770600"
"005030","부산주공","648439","680120","31681","454138898","460801637","6662739"
"33626K","두산퓨얼셀1우","311","818","507","3712350","9697900","5985550"
"118000","초록뱀헬스케어","4333","8942","4609","5455340","11225435","5770095"
"078935","GS우","576","732","156","20986550","26748200","5761650"
"004360","세방","633","1100","467","7731350","13458300","5726950"
"000300","대유플러스","44561","48889","4328","55043820","60402890","5359070"
"03473K","SK우","10","33","23","2252000","7416500","5164500"
"000087","하이트진로2우B","15","255","240","329100","5395800","5066700"
"161000","애경케미칼","17080","17534","454","179144300","183644250","4499950"
"090370","메타랩스","9837","15032","5195","8322338","12715465","4393127"
"33637L","솔루스첨단소재2우B","226","466","240","4300750","8689450","4388700"
"005820","원림","4","186","182","91250","4228200","4136950"
"000430","대원강업","6357","7505","1148","21733005","25564700","3831695"
"006200","한국전자홀딩스","20559","22744","2185","37618875","41363130","3744255"
"004140","동방","10703","11761","1058","36566470","40291050","3724580"
"007815","코리아써우","257","568","311","2988100","6526100","3538000"
"000850","화천기공","75","169","94","2683750","6008650","3324900"
"293480","하나제약","273","433","160","5389500","8519250","3129750"
"18064K","한진칼우","49","128","79","1918850","4953400","3034550"
"009680","모토닉","474","794","320","4278450","7158120","2879670"
"005389","현대차3우B","769","803","34","69450800","72280700","2829900"
"000390","삼화페인트","1101","1384","283","10519250","13221560","2702310"
"003830","대한화섬","1","22","21","128000","2811500","2683500"
"35320K","대덕전자1우","935","1098","163","14783900","17315550","2531650"
"38380K","LX홀딩스1우","1","170","169","14650","2471600","2456950"
"023150","MH에탄올","8948","9305","357","105219900","107642450","2422550"
"009415","태영건설우","276","456","180","3386500","5540000","2153500"
"008500","일정실업","167","265","98","3809200","5955800","2146600"
"016580","환인제약","1209","1321","112","21849550","23807150","1957600"
"079430","현대리바트","1224","1355","131","17705350","19645500","1940150"
"094800","맵스리얼티1","3050","3430","380","15129070","17042520","1913450"
"000760","이화산업","0","100","100","0","1850000","1850000"
"317400","자이에스앤디","5582","5777","195","51612240","53430150","1817910"
"357250","미래에셋맵스리츠","5","335","330","25400","1701510","1676110"
"016800","퍼시스","1","44","43","36250","1593950","1557700"
"006220","제주은행","1143","1391","248","7180770","8713960","1533190"
"010770","평화홀딩스","55","397","342","208450","1497830","1289380"
"100220","비상교육","2093","2247","154","16133680","17279860","1146180"
"084670","동양고속","4","54","50","76700","1023600","946900"
"139990","아주스틸","1551","1601","50","25227000","26008800","781800"
"003460","유화증권","6","296","290","15510","760980","745470"
"378850","화승알앤에이","4539","4705","166","20722305","21333500","611195"
"069460","대호에이엘","5799","5997","198","18016625","18528855","512230"
"094280","효성ITX","0","26","26","0","452400","452400"
"078000","텔코웨어","4","23","19","43000","247650","204650"
"002620","제일파마홀딩스","73","83","10","967200","1081800","114600"
"00806K","대덕1우","2","7","5","22550","78050","55500"
"004450","삼화왕관","2","3","1","90350","135400","45050"
"006125","SK디스커버리우","0","1","1","0","34950","34950"
"002355","넥센타이어1우B","0","7","7","0","23485","23485"
"005725","넥센우","1","0","-1","3670","0","-3670"
"155900","바다로19호","5","0","-5","16425","0","-16425"
"001525","동양우","3","0","-3","24840","0","-24840"
"009770","삼정펄프","1","0","-1","30100","0","-30100"
"003475","유안타증권우","10","0","-10","37190","0","-37190"
"004700","조광피혁","1","0","-1","48950","0","-48950"
"096300","베트남개발1","277","0","-277","57338","0","-57338"
"001755","한양증권우","4","0","-4","78600","0","-78600"
"000325","노루홀딩스우","3","0","-3","112900","0","-112900"
"140910","에이리츠","15","0","-15","115500","0","-115500"
"075180","새론오토모티브","20","0","-20","117360","0","-117360"
"012320","경동인베스트","55","50","-5","2081800","1884400","-197400"
"008870","금비","3","0","-3","205700","0","-205700"
"000215","DL우","20","15","-5","819250","611400","-207850"
"039570","HDC랩스","23","0","-23","229260","0","-229260"
"008775","호텔신라우","302","300","-2","22912800","22658600","-254200"
"36328K","티와이홀딩스우","12","0","-12","255600","0","-255600"
"006570","대림통상","150","48","-102","650595","204480","-446115"
"002820","SUN&L","107","13","-94","597270","72430","-524840"
"010420","한솔PNS","31672","31475","-197","69476440","68839205","-637235"
"001270","부국증권","48","22","-26","1207400","549600","-657800"
"007280","한국특강","36807","36475","-332","110718840","109697530","-1021310"
"071320","지역난방공사","38","4","-34","1366700","144100","-1222600"
"069640","한세엠케이","6693","6396","-297","27686740","26421190","-1265550"
"023000","삼원강재","394","0","-394","1310795","0","-1310795"
"058650","세아홀딩스","26","15","-11","3077500","1755000","-1322500"
"143210","핸즈코퍼레이션","274","0","-274","1345810","0","-1345810"
"002200","한국수출포장","463","408","-55","12168850","10710650","-1458200"
"006370","대구백화점","149","0","-149","1568300","0","-1568300"
"008355","남선알미우","58","0","-58","1835700","0","-1835700"
"014990","인디에프","3991","2061","-1930","3907045","2016389","-1890656"
"000480","조선내화","23","0","-23","1894600","0","-1894600"
"004835","덕성우","989","796","-193","10745050","8665250","-2079800"
"001045","CJ우","85","44","-41","4483800","2313700","-2170100"
"009835","한화솔루션우","174","113","-61","6061150","3887600","-2173550"
"044450","KSS해운","5771","5576","-195","68376250","65888850","-2487400"
"286940","롯데정보통신","5828","5840","12","203579450","201048200","-2531250"
"000105","유한양행우","44","0","-44","2556500","0","-2556500"
"010960","삼호개발","6764","6232","-532","35098760","32149090","-2949670"
"134380","미원화학","42","0","-42","2985000","0","-2985000"
"006805","미래에셋증권우","665","133","-532","3768510","751370","-3017140"
"134790","시디즈","58","0","-58","3278000","0","-3278000"
"005720","넥센","748","8","-740","3413485","36205","-3377280"
"097955","CJ제일제당 우","105","87","-18","18638000","15198000","-3440000"
"108675","LX하우시스우","121","2","-119","3529750","58100","-3471650"
"024720","한국콜마홀딩스","1647","1497","-150","36868300","33328150","-3540150"
"001380","SG글로벌","11949","10030","-1919","22845840","19190750","-3655090"
"036530","SNT홀딩스","1098","883","-215","19378300","15401700","-3976600"
"001500","현대차증권","6470","6093","-377","70172800","66110500","-4062300"
"001290","상상인증권","4629","1188","-3441","5578060","1431680","-4146380"
"000590","CS홀딩스","79","15","-64","5386400","1014000","-4372400"
"000725","현대건설우","60","0","-60","4416900","0","-4416900"
"008110","대동전자","4858","4350","-508","40544070","35976750","-4567320"
"091810","티웨이항공","17585","16119","-1466","58075985","53146435","-4929550"
"025530","SJM홀딩스","1366","0","-1366","5281255","0","-5281255"
"001460","BYC","15","3","-12","6815500","1350500","-5465000"
"025000","KPX케미칼","118","15","-103","6372200","807000","-5565200"
"017180","명문제약","2007","515","-1492","7555110","1935310","-5619800"
"017370","우신시스템","7749","6118","-1631","25439935","19809465","-5630470"
"071950","코아스","6353","1154","-5199","7002115","1269400","-5732715"
"004890","동일산업","60","27","-33","10482000","4737000","-5745000"
"085620","미래에셋생명","1834","355","-1479","7280030","1406390","-5873640"
"035000","지투알","1501","610","-891","9920760","4021200","-5899560"
"334890","이지스밸류리츠","4980","4065","-915","30723180","24800200","-5922980"
"214390","경보제약","1577","880","-697","13580100","7508930","-6071170"
"004985","성신양회우","3442","3163","-279","67542800","61254250","-6288550"
"019685","대교우B","2283","6","-2277","6326815","16560","-6310255"
"019175","신풍제약우","128","0","-128","6425600","0","-6425600"
"005800","신영와코루","492","0","-492","6457500","0","-6457500"
"037710","광주신세계","727","550","-177","26837150","20317400","-6519750"
"027970","세하","29294","25943","-3351","51512100","44990620","-6521480"
"00104K","CJ4우(전환)","96","4","-92","7197500","301600","-6895900"
"067830","세이브존I&C","7747","5883","-1864","28400785","21417465","-6983320"
"271980","제일약품","647","376","-271","17131200","9933350","-7197850"
"005960","동부건설","1237","690","-547","16284600","9063800","-7220800"
"338100","NH프라임리츠","4245","2785","-1460","21426870","14034670","-7392200"
"37550L","DL이앤씨2우(전환)","908","732","-176","38928500","31436600","-7491900"
"089470","HDC현대EP","1629","0","-1629","7641510","0","-7641510"
"095720","웅진씽크빅","8072","5404","-2668","23926850","16020945","-7905905"
"013520","화승코퍼레이션","7315","2757","-4558","12879425","4843020","-8036405"
"267850","아시아나IDT","568","127","-441","10639500","2368850","-8270650"
"041650","상신브레이크","2751","680","-2071","11087515","2736820","-8350695"
"004080","신흥","623","126","-497","10455500","2096300","-8359200"
"00279K","아모레G3우(전환)","237","11","-226","9006100","416550","-8589550"
"009140","경인전자","425","136","-289","12634950","3978150","-8656800"
"244920","에이플러스에셋","4925","3720","-1205","35295400","26511130","-8784270"
"003200","일신방직","934","861","-73","117147000","108236000","-8911000"
"004970","신라교역","713","27","-686","9437750","357450","-9080300"
"001620","케이비아이동국실업","13638","1184","-12454","10105285","875545","-9229740"
"002810","삼영무역","3321","2658","-663","47343650","37995450","-9348200"
"014130","한익스프레스","1937","340","-1597","11361720","1980930","-9380790"
"002025","코오롱우","512","6","-506","9495000","111300","-9383700"
"000225","유유제약1우","958","6","-952","9562070","59760","-9502310"
"015260","에이엔피","13714","10038","-3676","36041525","26156345","-9885180"
"000950","전방","377","192","-185","20298300","10206800","-10091500"
"33626L","두산퓨얼셀2우B","1202","523","-679","18127350","7751400","-10375950"
"000050","경방","659","0","-659","10388700","0","-10388700"
"001070","대한방직","214","0","-214","10696900","0","-10696900"
"002450","삼익악기","7863","1464","-6399","13662665","2539125","-11123540"
"120115","코오롱인더우","382","1","-381","11843800","30750","-11813050"
"000230","일동홀딩스","8099","7873","-226","346211800","334267700","-11944100"
"102260","동성케미컬","14641","12353","-2288","72589635","60626400","-11963235"
"058860","KTis","6232","1692","-4540","16477420","4477135","-12000285"
"003547","대신증권2우B","931","64","-867","14052750","969600","-13083150"
"096775","SK이노베이션우","103","1","-102","13221500","128000","-13093500"
"079980","휴비스","3203","1504","-1699","24822200","11656990","-13165210"
"072130","유엔젤","13821","10939","-2882","63822870","50569155","-13253715"
"016590","신대양제지","154","9","-145","14433200","841500","-13591700"
"001510","SK증권","22150","5478","-16672","19218905","4749767","-14469138"
"020120","키다리스튜디오","18480","17222","-1258","206576100","192083950","-14492150"
"950210","프레스티지바이오파마","8178","7408","-770","145223650","130456900","-14766750"
"170900","동아에스티","303","83","-220","21123500","5758100","-15365400"
"092440","기신정기","3436","21","-3415","15566890","94315","-15472575"
"023960","에쓰씨엔지니어링","35613","28948","-6665","89060720","73449845","-15610875"
"003060","에이프로젠제약","33544","12507","-21037","27220641","10169994","-17050647"
"019680","대교","4979","730","-4249","20091105","2937895","-17153210"
"002920","유성기업","25486","21585","-3901","88822460","71097100","-17725360"
"004870","티웨이홀딩스","42302","20631","-21671","34991430","17100876","-17890554"
"014160","대영포장","12084","4099","-7985","27867060","9469890","-18397170"
"015360","예스코홀딩스","500","0","-500","18637500","0","-18637500"
"003070","코오롱글로벌","1601","711","-890","33634000","14859700","-18774300"
"009470","삼화전기","962","243","-719","25242500","6397450","-18845050"
"001880","DL건설","4769","4067","-702","128998250","109916000","-19082250"
"214320","이노션","890","495","-395","43744150","24330750","-19413400"
"001750","한양증권","1563","75","-1488","21402900","1023800","-20379100"
"194370","제이에스코퍼레이션","2987","2100","-887","68767150","48352600","-20414550"
"044820","코스맥스비티아이","1447","0","-1447","20445000","0","-20445000"
"009440","KC그린홀딩스","101680","102584","904","490318710","469756820","-20561890"
"021050","서원","26750","16513","-10237","56333130","34872375","-21460755"
"002020","코오롱","924","146","-778","25575200","4054100","-21521100"
"000155","두산우","407","128","-279","31160400","9619700","-21540700"
"008970","동양철관","49044","33399","-15645","69330505","47153225","-22177280"
"001720","신영증권","398","0","-398","22987600","0","-22987600"
"006840","AK홀딩스","1314","205","-1109","27876100","4345000","-23531100"
"002795","아모레G우","5348","4101","-1247","100961600","76794900","-24166700"
"002030","아세아","155","1","-154","24653000","158500","-24494500"
"072710","농심홀딩스","333","0","-333","24825000","0","-24825000"
"016450","한세예스24홀딩스","3966","361","-3605","27527530","2519630","-25007900"
"004255","NPC우","12109","8547","-3562","83466830","58161410","-25305420"
"350520","이지스레지던스리츠","4269","0","-4269","25383340","0","-25383340"
"068290","삼성출판사","2670","1813","-857","80842950","55142250","-25700700"
"049800","우진플라임","7730","2015","-5715","36251025","9428015","-26823010"
"268280","미원에스씨","162","32","-130","33631500","6634500","-26997000"
"004960","한신공영","5161","3660","-1501","92854700","64373250","-28481450"
"016385","KG스틸우","85","0","-85","28872500","0","-28872500"
"000240","한국앤컴퍼니","6674","4626","-2048","96158050","66419900","-29738150"
"009320","대우부품","21267","8539","-12728","49781240","19965900","-29815340"
"272550","삼양패키징","1320","11","-1309","30372400","251900","-30120500"
"003080","성보화학","36021","29268","-6753","163157860","132795200","-30362660"
"010780","아이에스동서","10409","9872","-537","559216700","528786600","-30430100"
"000140","하이트진로홀딩스","3274","1098","-2176","46177550","15490550","-30687000"
"035510","신세계 I&C","3772","1933","-1839","63065400","32165750","-30899650"
"005810","풍산홀딩스","1534","508","-1026","46350950","15324000","-31026950"
"002320","한진","2788","1810","-978","90383850","58664850","-31719000"
"003280","흥아해운","78879","67689","-11190","232055565","200179185","-31876380"
"107590","미원홀딩스","241","0","-241","33240500","0","-33240500"
"007160","사조산업","5729","5145","-584","318285600","284783900","-33501700"
"900140","엘브이엠씨홀딩스","21341","11866","-9475","75522365","41963820","-33558545"
"004270","남성","71878","61312","-10566","229745040","195860600","-33884440"
"009580","무림P&P","88716","83635","-5081","461352840","427465770","-33887070"
"120030","조선선재","285","0","-285","34463000","0","-34463000"
"100840","SNT에너지","46200","45092","-1108","1004552350","970058500","-34493850"
"000070","삼양홀딩스","1819","1410","-409","156076100","120953300","-35122800"
"011280","태림포장","16278","8101","-8177","71090115","35310850","-35779265"
"011785","금호석유우","666","280","-386","63311900","26649800","-36662100"
"298690","에어부산","25113","8755","-16358","57470115","20032290","-37437825"
"000157","두산2우B","2329","2078","-251","292643000","255155500","-37487500"
"025750","한솔홈데코","44168","23402","-20766","80096355","42406655","-37689700"
"003540","대신증권","8373","6154","-2219","144167400","106024950","-38142450"
"129260","인터지스","21118","10380","-10738","75735525","37164710","-38570815"
"234080","JW생명과학","2785","147","-2638","41697950","2197850","-39500100"
"009410","태영건설","6187","2177","-4010","60886200","21378140","-39508060"
"003555","LG우","967","313","-654","58863300","19123000","-39740300"
"008260","NI스틸","42112","35227","-6885","246050620","205864220","-40186400"
"101140","인바이오젠","24313","8189","-16124","60846120","20505930","-40340190"
"030610","교보증권","8053","2808","-5245","62142270","21682970","-40459300"
"092230","KPX홀딩스","1107","464","-643","70498500","29620200","-40878300"
"008730","율촌화학","1892","18","-1874","42771550","406750","-42364800"
"001630","종근당홀딩스","1050","434","-616","73097800","30202100","-42895700"
"070960","용평리조트","8967","514","-8453","47337970","2708780","-44629190"
"001780","알루코","37243","24954","-12289","137298980","91957135","-45341845"
"053210","스카이라이프","5055","29","-5026","46078400","266040","-45812360"
"017900","광전자","18917","2010","-16907","51277775","5416765","-45861010"
"000815","삼성화재우","386","93","-293","62527500","15070000","-47457500"
"003720","삼영화학","15520","469","-15051","49034150","1486035","-47548115"
"096760","JW홀딩스","12619","1739","-10880","55307045","7586975","-47720070"
"003410","쌍용C&E","60076","54239","-5837","493813390","445992750","-47820640"
"071840","롯데하이마트","2274","209","-2065","53139350","4882000","-48257350"
"003545","대신증권우","3670","502","-3168","56044600","7662100","-48382500"
"063160","종근당바이오","1729","365","-1364","61381350","12948900","-48432450"
"075580","세진중공업","40099","33676","-6423","296474940","247707100","-48767840"
"344820","KCC글라스","3300","2511","-789","205559200","156546600","-49012600"
"012170","아센디오","66339","26714","-39625","83218035","33172300","-50045735"
"001260","남광토건","4776","781","-3995","60783050","9899250","-50883800"
"009420","한올바이오파마","7706","4910","-2796","141524600","90386250","-51138350"
"00088K","한화3우B","3265","0","-3265","51359450","0","-51359450"
"145270","케이탑리츠","37140","1822","-35318","55152070","2714710","-52437360"
"28513K","SK케미칼우","1134","346","-788","76091100","22988000","-53103100"
"009450","경동나비엔","4033","3007","-1026","210874500","157724400","-53150100"
"298000","효성화학","402","162","-240","90450000","36228000","-54222000"
"084690","대상홀딩스","38637","33455","-5182","416658150","362422350","-54235800"
"016610","DB금융투자","9675","1316","-8359","62885670","8544610","-54341060"
"001740","SK네트웍스","75372","64093","-11279","363789145","309375550","-54413595"
"200880","서연이화","11577","3535","-8042","80329760","24482940","-55846820"
"014790","한라","13591","3294","-10297","73728300","17879190","-55849110"
"082640","동양생명","16445","7891","-8554","109616600","52605210","-57011390"
"034300","신세계건설","2340","709","-1631","82835750","25006350","-57829400"
"37550K","DL이앤씨우","2396","757","-1639","84486100","26615050","-57871050"
"033250","체시스","81993","39155","-42838","110187595","52146260","-58041335"
"005500","삼진제약","2764","425","-2339","69134800","10636350","-58498450"
"210980","SK디앤디","2326","250","-2076","66201150","7127900","-59073250"
"003470","유안타증권","19135","2541","-16594","68220940","9040095","-59180845"
"003480","한진중공업홀딩스","300097","295334","-4763","1604640960","1543829905","-60811055"
"011420","갤럭시아에스엠","42840","16672","-26168","101584470","39546605","-62037865"
"078520","에이블씨엔씨","15308","6857","-8451","113762320","50950080","-62812240"
"005430","한국공항","1807","512","-1295","88287950","25060600","-63227350"
"363280","티와이홀딩스","2789","184","-2605","70184900","4632300","-65552600"
"002140","고려산업","133942","126600","-7342","1016582480","950885500","-65696980"
"007590","동방아그로","27732","19764","-7968","228867340","162837020","-66030320"
"322000","현대에너지솔루션","4448","1411","-3037","101733250","32127600","-69605650"
"00680K","미래에셋증권2우B","15798","0","-15798","70011725","0","-70011725"
"084680","이월드","82514","57192","-25322","227886895","157807455","-70079440"
"007690","국도화학","1797","543","-1254","100347200","30213000","-70134200"
"010660","화천기계","46906","25174","-21732","152809720","82452530","-70357190"
"016710","대성홀딩스","6068","4838","-1230","355882600","284054600","-71828000"
"006090","사조오양","7898","1551","-6347","89219800","17238000","-71981800"
"006340","대원전선","278901","240576","-38325","574122940","498732565","-75390375"
"001360","삼성제약","27489","8358","-19131","108821655","33149060","-75672595"
"214420","토니모리","90763","80530","-10233","611279490","534782040","-76497450"
"010640","진양폴리","35298","22824","-12474","218244340","141605590","-76638750"
"088980","맥쿼리인프라","31482","26028","-5454","447100350","370086550","-77013800"
"088790","진도","23214","3756","-19458","92087615","14908265","-77179350"
"002690","동일제강","348685","335292","-13393","1787838030","1710329885","-77508145"
"003520","영진약품","69234","53007","-16227","337296160","258659110","-78637050"
"028100","동아지질","8041","4183","-3858","164443550","85793500","-78650050"
"008770","호텔신라","28679","27676","-1003","2312599600","2233029800","-79569800"
"163560","동일고무벨트","17506","8219","-9287","148171260","67137690","-81033570"
"339770","교촌에프앤비","5238","134","-5104","83349700","2135500","-81214200"
"005750","대림B&Co","20175","10360","-9815","165708700","84418240","-81290460"
"008250","이건산업","11127","4808","-6319","143369400","61786500","-81582900"
"001560","제일연마","10515","2516","-7999","119562150","28634550","-90927600"
"005180","빙그레","2924","1200","-1724","160120400","65855400","-94265000"
"000640","동아쏘시오홀딩스","1699","875","-824","194308000","99963500","-94344500"
"004060","SG세계물산","302274","170012","-132262","223970503","126116513","-97853990"
"035150","백산","56939","48945","-7994","732037550","633704500","-98333050"
"282330","BGF리테일","17887","17405","-482","3357880500","3258591500","-99289000"
"017390","서울가스","585","40","-545","107709500","7370500","-100339000"
"272450","진에어","19599","13930","-5669","351519250","249256500","-102262750"
"018250","애경산업","5996","760","-5236","117716000","14882950","-102833050"
"226320","잇츠한불","43904","40145","-3759","1090113650","986734950","-103378700"
"009200","무림페이퍼","119810","90861","-28949","431294370","326678520","-104615850"
"006060","화승인더","23130","5688","-17442","139532730","34456820","-105075910"
"010955","S-Oil우","2547","840","-1707","158471300","52312700","-106158600"
"005945","NH투자증권우","10626","726","-9900","114401700","7823700","-106578000"
"002870","신풍제지","109026","62397","-46629","249249005","142177995","-107071010"
"026960","동서","10402","6269","-4133","276986950","166976450","-110010500"
"033530","세종공업","30568","16371","-14197","229970600","119714300","-110256300"
"192080","더블유게임즈","6779","4500","-2279","334692250","222223050","-112469200"
"004540","깨끗한나라","76059","52579","-23480","371974790","257254875","-114719915"
"001340","백광산업","41726","21626","-20100","237970040","122951610","-115018430"
"007700","F&F홀딩스","5777","1346","-4431","149966000","34935300","-115030700"
"014530","극동유화","396325","374897","-21428","1888270405","1772217140","-116053265"
"004410","서울식품","1468829","1144309","-324520","506082824","389315448","-116767376"
"101530","해태제과식품","17097","3967","-13130","152657660","35066830","-117590830"
"003350","한국화장품제조","8374","4795","-3579","273727750","155517400","-118210350"
"017960","한국카본","337678","328558","-9120","4607447900","4489145850","-118302050"
"001250","GS글로벌","1714440","1712785","-1655","8018053660","7899343450","-118710210"
"000400","롯데손해보험","83925","23366","-60559","166067595","46308195","-119759400"
"016090","대현","84588","41239","-43349","236190440","115355215","-120835225"
"002760","보락","124033","70701","-53332","277138395","155751575","-121386820"
"007210","벽산","54976","23601","-31375","213933310","92039690","-121893620"
"185750","종근당","3905","2666","-1239","383701700","261642000","-122059700"
"009155","삼성전기우","1420","61","-1359","131622100","5662500","-125959600"
"001800","오리온홀딩스","15451","6870","-8581","228149000","101356850","-126792150"
"051915","LG화학우","4078","3578","-500","1032920000","905498500","-127421500"
"326030","SK바이오팜","26468","25127","-1341","2449511400","2321940000","-127571400"
"284740","쿠쿠홈시스","6278","2586","-3692","218449750","89897800","-128551950"
"005360","모나미","49691","24119","-25572","249480820","119981395","-129499425"
"051905","LG생활건강우","372","104","-268","184161500","51477000","-132684500"
"003690","코리안리","32055","18353","-13702","313953230","180088680","-133864550"
"123890","한국자산신탁","34327","468","-33859","136696760","1867340","-134829420"
"084695","대상홀딩스우","12594","3813","-8781","194589400","59445050","-135144350"
"004980","성신양회","20740","10352","-10388","273435900","136852750","-136583150"
"001520","동양","132076","44853","-87223","207359185","70389010","-136970175"
"300720","한일시멘트","11049","4412","-6637","227986700","90901050","-137085650"
"128820","대성산업","516661","494107","-22554","2935082620","2797780560","-137302060"
"004990","롯데지주","10774","6751","-4023","368678700","230903900","-137774800"
"053690","한미글로벌","10638","529","-10109","145441600","7222400","-138219200"
"139130","DGB금융지주","131139","114998","-16141","1160197460","1017382740","-142814720"
"115390","락앤락","17366","3257","-14109","178823000","33769550","-145053450"
"033920","무학","21597","6050","-15547","203879060","57021260","-146857800"
"031440","신세계푸드","2768","737","-2031","201985000","53974700","-148010300"
"009310","참엔지니어링","167237","53800","-113437","217319250","68844455","-148474795"
"002840","미원상사","878","0","-878","148638000","0","-148638000"
"015020","이스타코","202798","128736","-74062","408507775","258928670","-149579105"
"034310","NICE","9427","430","-8997","158751700","7245950","-151505750"
"001200","유진투자증권","47919","356","-47563","156493430","1161190","-155332240"
"005610","SPC삼립","1801","79","-1722","162914600","7145200","-155769400"
"155660","DSR","56259","33279","-22980","384024880","227374550","-156650330"
"057050","현대홈쇼핑","3039","424","-2615","182111000","25423600","-156687400"
"003160","디아이","42032","24060","-17972","374599510","213933160","-160666350"
"103140","풍산","10246","5219","-5027","329513300","167919600","-161593700"
"018470","조일알미늄","224457","155964","-68493","547511595","380342785","-167168810"
"017040","광명전기","168513","109276","-59237","484385370","313578925","-170806445"
"006880","신송홀딩스","144701","131775","-12926","1708142150","1534383200","-173758950"
"123690","한국화장품","52096","36264","-15832","595823800","415238550","-180585250"
"004840","DRB동일","31930","2491","-29439","195548600","14868240","-180680360"
"034830","한국토지신탁","97672","15131","-82541","215860515","33496075","-182364440"
"001020","페이퍼코리아","416974","351837","-65137","1118958090","934538000","-184420090"
"014820","동원시스템즈","7214","4026","-3188","418616900","232180200","-186436700"
"003780","진양산업","110545","90303","-20242","1085276220","896950840","-188325380"
"093050","LF","17041","7150","-9891","332973450","139394600","-193578850"
"003920","남양유업","501","22","-479","203899000","8964500","-194934500"
"030210","다올투자증권","47733","6138","-41595","224276680","28853690","-195422990"
"119650","KC코트렐","50278","16781","-33497","290529840","94305020","-196224820"
"002270","롯데푸드","604","22","-582","205566500","7467500","-198099000"
"012800","대창","145822","50730","-95092","305695430","106506255","-199189175"
"007570","일양약품","10903","2737","-8166","267502350","67364900","-200137450"
"004770","써니전자","323323","265261","-58062","1121122670","919902135","-201220535"
"004560","현대비앤지스틸","32743","21523","-11220","602182900","400959200","-201223700"
"006660","삼성공조","31038","17780","-13258","469792050","267480850","-202311200"
"264900","크라운제과","43114","25830","-17284","512115100","307318650","-204796450"
"014280","금강공업","29554","8602","-20952","292844230","85196890","-207647340"
"145990","삼양사","3856","169","-3687","217304700","9447500","-207857200"
"003680","한성기업","52849","30248","-22601","489064750","279728880","-209335870"
"006260","LS","13777","10070","-3707","781930800","571484800","-210446000"
"093370","후성","161243","150466","-10777","3125632300","2913461350","-212170950"
"005440","현대그린푸드","30138","6174","-23964","275011720","56424230","-218587490"
"000890","보해양조","265660","42873","-222787","262626703","42209621","-220417082"
"000370","한화손해보험","75586","28025","-47561","352775140","130613920","-222161220"
"241590","화승엔터프라이즈","20964","7875","-13089","355446150","132275850","-223170300"
"066575","LG전자우","4235","366","-3869","247140300","21321500","-225818800"
"090430","아모레퍼시픽","122222","120567","-1655","21345122500","21116461000","-228661500"
"017810","풀무원","15892","2242","-13650","266466200","37683950","-228782250"
"006040","동원산업","2979","2010","-969","711894000","480571500","-231322500"
"004800","효성","6751","3968","-2783","562189700","330368100","-231821600"
"005070","코스모신소재","149111","145237","-3874","8411796200","8177675300","-234120900"
"008420","문배철강","118425","74382","-44043","641524580","401515200","-240009380"
"005010","휴스틸","63352","53477","-9875","1614553950","1374241750","-240312200"
"002350","넥센타이어","82900","47050","-35850","559986470","318952120","-241034350"
"126560","현대퓨처넷","73503","1273","-72230","245723750","4253405","-241470345"
"009900","명신산업","33736","23002","-10734","771576550","526815150","-244761400"
"060980","한라홀딩스","7162","1283","-5879","299157850","53637450","-245520400"
"015590","큐로","934403","439928","-494475","459067190","212071731","-246995459"
"089860","롯데렌탈","29112","23444","-5668","1275050550","1027362500","-247688050"
"003850","보령","31272","11906","-19366","401603950","153200200","-248403750"
"007310","오뚜기","880","334","-546","404156500","153266500","-250890000"
"009290","광동제약","50522","15108","-35414","367948520","110095710","-257852810"
"008700","아남전자","184587","75039","-109548","441555750","179491610","-262064140"
"005090","SGC에너지","15639","10321","-5318","779600900","514222150","-265378750"
"009180","한솔로지스틱스","178865","115566","-63299","751142405","484389095","-266753310"
"005390","신성통상","90850","14665","-76185","320240835","51728220","-268512615"
"001680","대상","34714","23848","-10866","861608550","590069450","-271539100"
"002700","신일전자","160090","42631","-117459","370148995","98535070","-271613925"
"138040","메리츠금융지주","61913","54718","-7195","2323434100","2050381000","-273053100"
"006380","카프로","137900","77280","-60620","654399915","370259085","-284140830"
"280360","롯데제과","2457","179","-2278","306898500","22236500","-284662000"
"001430","세아베스틸지주","30283","14339","-15944","563718150","266737850","-296980300"
"108670","LX하우시스","10062","4869","-5193","576072300","277819600","-298252700"
"003220","대원제약","21875","5005","-16870","393096400","90209950","-302886450"
"005870","휴니드","97739","66342","-31397","939649980","634776960","-304873020"
"000520","삼일제약","69341","34739","-34602","609805350","304455300","-305350050"
"001130","대한제분","2671","1005","-1666","507333500","187242000","-320091500"
"084010","대한제강","28974","14496","-14478","640885600","319989750","-320895850"
"137310","에스디바이오센서","35962","28807","-7155","1681200500","1347742850","-333457650"
"010600","웰바이오텍","229052","41199","-187853","418574325","75269655","-343304670"
"248170","샘표식품","14499","7475","-7024","715502400","368404300","-347098100"
"089590","제주항공","25535","9290","-16245","548409550","199422000","-348987550"
"013700","까뮤이앤씨","220946","84818","-136128","570281165","218846150","-351435015"
"011090","에넥스","208931","56875","-152056","484927825","132140665","-352787160"
"011150","CJ씨푸드","107825","26211","-81614","465212830","112202285","-353010545"
"037560","LG헬로비전","125762","70953","-54809","823548890","463563840","-359985050"
"130660","한전산업","139706","113854","-25852","1926573550","1565403150","-361170400"
"032350","롯데관광개발","100676","77893","-22783","1619623100","1255030900","-364592200"
"006980","우성","25640","14956","-10684","881094750","510147400","-370947350"
"013890","지누스","10484","4682","-5802","673230500","299075900","-374154600"
"010690","화신","135073","92692","-42381","1209848570","830707360","-379141210"
"352820","하이브","36196","34687","-1509","9186089000","8805900500","-380188500"
"000100","유한양행","42230","35914","-6316","2559822100","2177141700","-382680400"
"267270","현대건설기계","56725","47091","-9634","2276989500","1889650100","-387339400"
"013360","일성건설","224016","147779","-76237","1148805215","759206840","-389598375"
"214330","금호에이치티","766212","523142","-243070","1217990115","813755610","-404234505"
"027740","마니커","821901","660722","-161179","1905159875","1498984970","-406174905"
"024090","디씨엠","17622","2863","-14759","488910400","78231400","-410679000"
"348950","제이알글로벌리츠","174569","100124","-74445","1016000400","582298600","-433701800"
"136490","선진","49147","17019","-32128","686397900","235629150","-450768750"
"069730","DSR제강","193512","124972","-68540","1275602740","821128180","-454474560"
"003010","혜인","290139","222137","-68002","1950395110","1484944620","-465450490"
"007460","에이프로젠 MED","605426","309302","-296124","958176065","490351445","-467824620"
"030720","동원수산","53383","16943","-36440","699008200","221481300","-477526900"
"064960","SNT모티브","13061","3199","-9862","640644950","157273600","-483371350"
"036580","팜스코","164710","99373","-65337","1230071810","741348540","-488723270"
"036420","콘텐트리중앙","24393","14078","-10315","1186652850","668378700","-518274150"
"031430","신세계인터내셔날","35096","18552","-16544","1124706550","596161600","-528544950"
"000120","CJ대한통운","18105","13713","-4392","2206535000","1671486500","-535048500"
"365550","ESR켄달스퀘어리츠","118313","40609","-77704","830003580","284649460","-545354120"
"001530","DI동일","31095","8271","-22824","748526400","199806600","-548719800"
"007070","GS리테일","47838","29040","-18798","1408990600","856680950","-552309650"
"004090","한국석유","174909","144822","-30087","3180522900","2620343050","-560179850"
"002710","TCC스틸","108115","63585","-44530","1350869800","789870450","-560999350"
"267250","HD현대","34302","24649","-9653","2004240200","1438127500","-566112700"
"006280","녹십자","12378","9277","-3101","2348859500","1780774000","-568085500"
"138490","코오롱플라스틱","53454","8635","-44819","685532950","111472250","-574060700"
"381970","케이카","84724","63624","-21100","2314479700","1738978200","-575501500"
"003000","부광약품","132722","82985","-49737","1571154700","982535150","-588619550"
"082740","HSD엔진","105114","40901","-64213","1124935550","437109800","-687825750"
"092220","KEC","821670","607150","-214520","2730606155","2017910120","-712696035"
"383800","LX홀딩스","78330","6482","-71848","781160900","64715280","-716445620"
"042660","대우조선해양","71853","44015","-27838","1844161250","1117469250","-726692000"
"097950","CJ제일제당","18883","16994","-1889","7334619500","6606483000","-728136500"
"004370","농심","5299","2890","-2409","1599781500","870516000","-729265500"
"051600","한전KPS","82135","62559","-19576","3197087400","2435642250","-761445150"
"007540","샘표","22963","13097","-9866","1768727400","997920600","-770806800"
"004690","삼천리","7182","266","-6916","812283000","30039000","-782244000"
"003960","사조대림","31152","7560","-23592","1051685400","253976850","-797708550"
"000060","메리츠화재","36007","17646","-18361","1604655900","785234250","-819421650"
"016360","삼성증권","61221","40412","-20809","2432014400","1604588900","-827425500"
"001470","삼부토건","620644","310823","-309821","1658239085","828966745","-829272340"
"001060","JW중외제약","39428","11289","-28139","1187096900","340295600","-846801300"
"000880","한화","45537","16878","-28659","1347378800","499861900","-847516900"
"285130","SK케미칼","15003","8355","-6648","1935352500","1076503000","-858849500"
"145720","덴티움","21683","9393","-12290","1562901400","675581000","-887320400"
"336370","솔루스첨단소재","20367","8073","-12294","1474558500","586275300","-888283200"
"006800","미래에셋증권","243763","132560","-111203","1950546810","1060019130","-890527680"
"088350","한화생명","532072","222629","-309443","1532856735","641428065","-891428670"
"001440","대한전선","3893193","3411446","-481747","7324264325","6424339825","-899924500"
"014710","사조씨푸드","163662","36617","-127045","1163509970","259176640","-904333330"
"010620","현대미포조선","39262","27686","-11576","3246659400","2284589600","-962069800"
"161890","한국콜마","29217","7878","-21339","1355639100","365222200","-990416900"
"079160","CJ CGV","46653","9849","-36804","1276736250","269002450","-1007733800"
"007660","이수페타시스","290182","162365","-127817","2314274460","1302255970","-1012018490"
"102280","쌍방울","13996080","12929773","-1066307","12973175140","11959907734","-1013267406"
"010060","OCI","38258","28912","-9346","4186326500","3165756000","-1020570500"
"011000","진원생명과학","128475","37446","-91029","1451905400","422856550","-1029048850"
"005420","코스모화학","107445","47123","-60322","1851664400","812460600","-1039203800"
"009240","한샘","43812","29036","-14776","3097587100","2052689100","-1044898000"
"042670","현대두산인프라코어","400753","243801","-156952","2687043790","1634079040","-1052964750"
"002240","고려제강","59596","22424","-37172","1694414950","636918800","-1057496150"
"105630","한세실업","101002","60637","-40365","2689710800","1616067700","-1073643100"
"019170","신풍제약","80409","44157","-36252","2381425350","1307125500","-1074299850"
"003030","세아제강지주","14694","7817","-6877","2312381000","1222961500","-1089419500"
"001230","동국제강","144398","85437","-58961","2773696300","1634027350","-1139668950"
"081660","휠라홀딩스","95355","58550","-36805","3083232250","1892239200","-1190993050"
"008930","한미사이언스","26965","3052","-23913","1343442050","151501400","-1191940650"
"023350","한국종합기술","210568","84471","-126097","2019115580","808222150","-1210893430"
"192820","코스맥스","25488","10986","-14502","2137401800","917176600","-1220225200"
"307950","현대오토에버","10742","1865","-8877","1490343500","258442500","-1231901000"
"306200","세아제강","19779","12771","-7008","3613981500","2325688000","-1288293500"
"024110","기업은행","344220","226225","-117995","3900998750","2565869550","-1335129200"
"114090","GKL","97385","8814","-88571","1476895600","134439500","-1342456100"
"294870","HDC현대산업개발","158005","66558","-91447","2362843600","994595800","-1368247800"
"009540","한국조선해양","29140","13507","-15633","2647923900","1228390100","-1419533800"
"008560","메리츠증권","394116","176324","-217792","2620788690","1173566030","-1447222660"
"005850","에스엘","67003","10662","-56341","1801522700","285336600","-1516186100"
"025860","남해화학","378911","260466","-118445","5646540050","3873153250","-1773386800"
"004250","NPC","270189","105800","-164389","3139246050","1223340000","-1915906050"
"011210","현대위아","39879","10337","-29542","2597708800","671996900","-1925711900"
"008040","사조동아원","2223038","1425953","-797085","5192226705","3247617195","-1944609510"
"302440","SK바이오사이언스","94008","79021","-14987","12634858000","10655022500","-1979835500"
"010140","삼성중공업","614890","281908","-332982","3684874830","1686150000","-1998724830"
"011790","SKC","31796","18837","-12959","4919923500","2915191500","-2004732000"
"021240","코웨이","66474","36528","-29946","4680355500","2571869100","-2108486400"
"249420","일동제약","92686","49354","-43332","4874730300","2589606500","-2285123800"
"139480","이마트","42108","24551","-17557","5500560500","3203575500","-2296985000"
"002380","KCC","14616","8040","-6576","5140650500","2821181000","-2319469500"
"010120","LS ELECTRIC","88168","41534","-46634","4443155000","2080763750","-2362391250"
"020150","일진머티리얼즈","59638","31865","-27773","5270937300","2817877200","-2453060100"
"010950","S-Oil","109736","85131","-24605","11593246500","8993739500","-2599507000"
"015760","한국전력","292044","173251","-118793","6515606900","3858427300","-2657179600"
"161390","한국타이어앤테크놀로지","192573","113753","-78820","6781917200","4009847100","-2772070100"
"004430","송원산업","184826","69729","-115097","4965903750","1901896550","-3064007200"
"005940","NH투자증권","372040","67043","-304997","3980218850","718111250","-3262107600"
"001790","대한제당","2322964","1803558","-519406","12997008950","9644313600","-3352695350"
"051910","LG화학","82725","76057","-6668","42979646000","39499816000","-3479830000"
"373220","LG에너지솔루션","85394","73427","-11967","35011405000","30154069000","-4857336000"
"028670","팬오션","1150299","398432","-751867","7955376640","2751132430","-5204244210"
"011200","HMM","539617","335610","-204007","15701849000","9753426800","-5948422200"
"011700","한신기계","1184341","734985","-449356","16425499000","10140964300","-6284534700"
"011070","LG이노텍","58683","40019","-18664","20203531500","13785031000","-6418500500"
"271560","오리온","101661","21264","-80397","9360331400","1958054300","-7402277100"
"004020","현대제철","218951","40828","-178123","9535223700","1778666050","-7756557650"
"066570","LG전자","157599","87049","-70550","18275035500","10097610500","-8177425000"
"086790","하나금융지주","475094","278530","-196564","22062601250","12939144700","-9123456550"
"014680","한솔케미칼","49384","11919","-37465","12095343000","2896270000","-9199073000"
"005380","현대차","144315","91383","-52932","26536827000","16783214500","-9753612500"
"016380","KG스틸","1052566","636738","-415828","25172670950","15077829500","-10094841450"
"375500","DL이앤씨","316311","107251","-209060","17931397200","6087637900","-11843759300"
"005935","삼성전자우","305821","107166","-198655","18387845400","6436669900","-11951175500"
"051900","LG생활건강","31669","11071","-20598","28066883000","9825980000","-18240903000"
"000660","SK하이닉스","700753","413841","-286912","77474403500","45849318000","-31625085500"