종목코드,종목명,거래량_매도,거래량_매수,거래량_순매수,거래대금_매도,거래대금_매수,거래대금_순매수
"247540","에코프로비엠","12565","67219","54654","6363414900","34129643100","27766228200"
"066970","엘앤에프","37233","89910","52677","8467733000","20508117500","12040384500"
"074600","원익QnC","151517","427152","275635","5060261000","14222451600","9162190600"
"048260","오스템임플란트","10713","87896","77183","1246273600","10291976000","9045702400"
"253450","스튜디오드래곤","12321","108074","95753","1058749700","9326729600","8267979900"
"240810","원익IPS","25049","168500","143451","1014088300","6882198150","5868109850"
"222800","심텍","31779","129437","97658","1612935600","6578888250","4965952650"
"005290","동진쎄미켐","87271","203383","116112","3434711600","8023714800","4589003200"
"319660","피에스케이","11955","101054","89099","595614350","5058758200","4463143850"
"166090","하나머티리얼즈","10485","73527","63042","689704800","4830061500","4140356700"
"237690","에스티팜","2080","40455","38375","215417400","4216902400","4001485000"
"096530","씨젠","14120","102835","88715","578174300","4237845500","3659671200"
"183300","코미코","3504","64992","61488","201390100","3772880600","3571490500"
"104830","원익머트리얼즈","11156","96427","85271","434940350","3759466800","3324526450"
"058470","리노공업","2177","19615","17438","386169200","3509239700","3123070500"
"095340","ISC","66348","143482","77134","2554146050","5537536850","2983390800"
"086520","에코프로","17726","49364","31638","1551594200","4338254600","2786660400"
"101160","월덱스","34388","131529","97141","972105050","3730626200","2758521150"
"036890","진성티이씨","15952","234956","219004","203489700","2960209250","2756719550"
"131390","원익피앤이","18745","107179","88434","568842450","3246732600","2677890150"
"041510","에스엠","28866","58525","29659","1975660100","4016840100","2041180000"
"052400","코나아이","2637","80635","77998","66750500","2064534450","1997783950"
"145020","휴젤","3822","19032","15210","488116800","2449713500","1961596700"
"035900","JYP Ent.","71087","101015","29928","4316036800","6137340900","1821304100"
"091990","셀트리온헬스케어","51527","77894","26367","3225502900","4887743000","1662240100"
"036930","주성엔지니어링","82864","154723","71859","1840765800","3442759300","1601993500"
"122870","와이지엔터테인먼트","26374","48942","22568","1528912900","2848886400","1319973500"
"131970","테스나","7422","34391","26969","351140550","1641044300","1289903750"
"064760","티씨케이","2263","10786","8523","326304800","1569418700","1243113900"
"025900","동화기업","10375","25166","14791","862014500","2096721000","1234706500"
"125210","아모그린텍","0","85080","85080","0","1077148600","1077148600"
"063170","서울옥션","7522","48176","40654","186735650","1191562000","1004826350"
"090710","휴림로봇","68111","316728","248617","208413930","1205477615","997063685"
"272290","이녹스첨단소재","8961","27475","18514","440963550","1357120450","916156900"
"102710","이엔에프테크놀로지","2109","25861","23752","75204550","928334900","853130350"
"357780","솔브레인","1045","4445","3400","255017400","1090827800","835810400"
"950130","엑세스바이오","0","52000","52000","0","820784400","820784400"
"241840","에이스토리","7700","35919","28219","218621350","1017572050","798950700"
"084850","아이티엠반도체","1503","23599","22096","53562300","843998500","790436200"
"013030","하이록코리아","472","41754","41282","9030950","795450100","786419150"
"054950","제이브이엠","1631","41525","39894","31445900","802273350","770827450"
"219130","타이거일렉","0","38654","38654","0","720872000","720872000"
"098460","고영","11268","48336","37068","212179450","917280050","705100600"
"078340","컴투스","4408","11661","7253","425906700","1128797300","702890600"
"217820","엔에스","17910","79683","61773","211104600","895643050","684538450"
"060720","KH바텍","3422","36914","33492","69128050","749301350","680173300"
"267980","매일유업","860","10496","9636","58956900","727935500","668978600"
"078350","한양디지텍","1500","38900","37400","26925000","693604250","666679250"
"095700","제넥신","4224","20290","16066","166644700","810783050","644138350"
"222080","씨아이에스","16776","63294","46518","225724250","855216500","629492250"
"090460","비에이치","35723","58688","22965","959808150","1585328000","625519850"
"150900","파수","0","54421","54421","0","621421750","621421750"
"095610","테스","21599","43475","21876","599534300","1209234750","609700450"
"030530","원익홀딩스","8242","128155","119913","40825725","638061250","597235525"
"028300","HLB","28674","47644","18970","867971050","1447660850","579689800"
"348210","넥스틴","54","8290","8236","3792200","581298800","577506600"
"003100","선광","0","8018","8018","0","573558800","573558800"
"000250","삼천당제약","5144","17513","12369","228422000","779294650","550872650"
"025980","아난티","11540","69905","58365","100745430","612700100","511954670"
"243840","신흥에스이씨","4413","12049","7636","293382300","804517300","511135000"
"196170","알테오젠","6527","15232","8705","373255700","873213300","499957600"
"189860","서전기전","23538","63221","39683","288766050","786249500","497483450"
"119610","인터로조","556","15795","15239","18102250","515325850","497223600"
"064290","인텍플러스","2003","20174","18171","53880400","541664850","487784450"
"290670","대보마그네틱","185","10065","9880","8994900","488665350","479670450"
"100090","삼강엠앤티","75089","97327","22238","1569140750","2034881050","465740300"
"052670","제일바이오","0","190825","190825","0","457980000","457980000"
"140670","알에스오토메이션","0","25586","25586","0","453160900","453160900"
"195940","HK이노엔","10068","21049","10981","410919950","861496900","450576950"
"033640","네패스","5939","20264","14325","181620000","622832500","441212500"
"068760","셀트리온제약","3821","8652","4831","345254100","786373100","441119000"
"048410","현대바이오","7179","21653","14474","208241300","628784500","420543200"
"200130","콜마비앤에이치","3807","16093","12286","129369600","549527050","420157450"
"086900","메디톡스","1524","4478","2954","208162200","611746000","403583800"
"023160","태광","10472","46540","36068","114132950","514218150","400085200"
"056190","에스에프에이","15044","24782","9738","596138350","985960900","389822550"
"278280","천보","10112","11423","1311","2815364500","3183879500","368515000"
"060230","소니드","253147","534993","281846","325273425","661519335","336245910"
"118990","모트렉스","1","10325","10324","31850","333581350","333549500"
"078600","대주전자재료","9892","13581","3689","824823500","1133841600","309018100"
"039030","이오테크닉스","12269","15052","2783","1335944000","1642965000","307021000"
"096240","크레버스","2","9925","9923","62100","306391650","306329550"
"067630","HLB생명과학","16255","45994","29739","165704800","471528050","305823250"
"097870","효성오앤비","0","20717","20717","0","295683200","295683200"
"065680","우주일렉트로","0","10914","10914","0","294678000","294678000"
"272110","케이엔제이","0","19337","19337","0","285042200","285042200"
"099190","아이센스","8604","17538","8934","270184150","549120800","278936650"
"019210","와이지-원","4077","33052","28975","38599950","314221040","275621090"
"213420","덕산네오룩스","10093","16552","6459","425084700","699231350","274146650"
"036810","에프에스티","3161","15286","12125","69940800","340775150","270834350"
"215200","메가스터디교육","1764","4556","2792","166511300","434173700","267662400"
"289220","자이언트스텝","77","8873","8796","2290750","263755550","261464800"
"121600","나노신소재","4319","7866","3547","305245400","558739200","253493800"
"007390","네이처셀","9464","24064","14600","161665800","412512550","250846750"
"101490","에스앤에스텍","5732","14520","8788","159115000","406584550","247469550"
"050860","아세아텍","6642","60718","54076","26651935","270241750","243589815"
"222160","바이옵트로","1000","25636","24636","9840000","249780130","239940130"
"143240","사람인에이치알","32674","37791","5117","1531109450","1767420250","236310800"
"089600","나스미디어","265","8377","8112","7624900","242021700","234396800"
"298380","에이비엘바이오","7232","16414","9182","181173700","410988000","229814300"
"187660","에이디엠코리아","0","50000","50000","0","228588680","228588680"
"046390","삼화네트웍스","24897","77427","52530","108727820","335829600","227101780"
"085660","차바이오텍","8200","20229","12029","151908100","375698450","223790350"
"246710","티앤알바이오팹","456","9878","9422","10533500","228241900","217708400"
"032500","케이엠더블유","6156","12752","6596","202190700","419502400","217311700"
"178320","서진시스템","8533","19742","11209","164653750","381930150","217276400"
"084990","헬릭스미스","6905","17113","10208","141379100","352950650","211571550"
"136410","아셈스","1300","14218","12918","21306400","230211200","208904800"
"091700","파트론","31067","48604","17537","363823750","571932050","208108300"
"282880","코윈테크","113","6637","6524","3544200","209959900","206415700"
"064550","바이오니아","4550","11026","6476","139979600","340088850","200109250"
"091120","이엠텍","139","5163","5024","5553050","205437750","199884700"
"039200","오스코텍","11905","19106","7201","317614750","515495150","197880400"
"182400","엔케이맥스","2481","11570","9089","52421100","247183050","194761950"
"038540","상상인","7832","25443","17611","84114450","274323650","190209200"
"101170","우림피티에스","17411","49939","32528","92977610","282225890","189248280"
"366030","공구우먼","41","5000","4959","1471900","179259450","177787550"
"067900","와이엔텍","2","13616","13614","25850","176557450","176531600"
"036620","감성코퍼레이션","0","99000","99000","0","172284605","172284605"
"137400","피엔티","6815","10290","3475","329268350","497004700","167736350"
"022100","포스코 ICT","26769","53334","26565","167075430","333557970","166482540"
"239340","줌인터넷","25713","54014","28301","164108320","330121230","166012910"
"023770","플레이위드","0","13208","13208","0","166009500","166009500"
"046890","서울반도체","8081","20053","11972","109722800","272882450","163159650"
"092040","아미코젠","3255","8202","4947","103611000","262809350","159198350"
"086450","동국제약","16160","23155","6995","363085500","521511000","158425500"
"141080","레고켐바이오","18530","22087","3557","793491900","950245000","156753100"
"008830","대동기어","44675","57639","12964","540253340","687423650","147170310"
"123860","아나패스","0","5574","5574","0","147134250","147134250"
"114810","아이원스","0","14925","14925","0","147118550","147118550"
"256150","한독크린텍","3029","15000","11971","37065850","184147700","147081850"
"051500","CJ프레시웨이","2372","5800","3428","99874900","244977800","145102900"
"082270","젬백스","6698","16622","9924","96997600","241876100","144878500"
"228670","레이","3958","10087","6129","92220900","236091400","143870500"
"121440","골프존뉴딘홀딩스","6911","22301","15390","62816800","203261550","140444750"
"036540","SFA반도체","20089","41216","21127","132201050","272545870","140344820"
"069080","웹젠","6624","12944","6320","145957400","286298000","140340600"
"322780","코퍼스코리아","0","43716","43716","0","140283905","140283905"
"067390","아스트","136","19590","19454","958620","139744280","138785660"
"194480","데브시스터즈","1650","3967","2317","97842500","235778500","137936000"
"058630","엠게임","43","13696","13653","430000","137771650","137341650"
"356860","티엘비","278","3453","3175","11676300","146237850","134561550"
"230240","에치에프알","7889","11799","3910","260227500","394754750","134527250"
"140070","서플러스글로벌","2856","29000","26144","14287015","145617160","131330145"
"218410","RFHIC","5357","9940","4583","153572450","284890800","131318350"
"041830","인바디","1036","5613","4577","29250300","158926050","129675750"
"053030","바이넥스","5714","14036","8322","88237550","217864650","129627100"
"045100","한양이엔지","8","8066","8058","128300","129698950","129570650"
"323990","박셀바이오","2808","5589","2781","127400900","255476300","128075400"
"308100","까스텔바작","0","12500","12500","0","127903450","127903450"
"041190","우리기술투자","10667","26156","15489","86189750","212250720","126060970"
"389140","포바이포","2759","6105","3346","104643500","229185000","124541500"
"078890","가온미디어","72","10010","9938","902600","125376100","124473500"
"299900","위지윅스튜디오","280","3999","3719","9016000","128829150","119813150"
"029960","코엔텍","4338","18227","13889","36340570","153086600","116746030"
"310200","애니플러스","0","26449","26449","0","115680995","115680995"
"179900","유티아이","830","7446","6616","13507100","122926750","109419650"
"006730","서부T&D","5313","15485","10172","56719500","166001300","109281800"
"274090","켄코아에어로스페이스","167","7256","7089","2585250","111741750","109156500"
"380320","삼성머스트스팩5호","1234","23899","22665","6025635","112853230","106827595"
"232140","와이아이케이","25","20425","20400","129880","106609930","106480050"
"053050","지에스이","16055","30055","14000","123088880","228319650","105230770"
"265520","AP시스템","2356","6599","4243","56838800","159515550","102676750"
"089530","에이티세미콘","7138","57150","50012","14305360","116014500","101709140"
"041960","코미팜","8008","19731","11723","68448440","169285940","100837500"
"088800","에이스테크","7069","16727","9658","73326800","173277000","99950200"
"268600","셀리버리","4407","7448","3041","143358850","242921550","99562700"
"058820","CMG제약","20427","51052","30625","65503810","164189520","98685710"
"235980","메드팩토","3896","6970","3074","120874500","218460200","97585700"
"061970","엘비세미콘","5512","13699","8187","65110800","162298550","97187750"
"033500","동성화인텍","56578","63903","7325","685230150","776220250","90990100"
"048770","TPC","20185","35787","15602","102789880","192428290","89638410"
"042000","카페24","3281","8068","4787","60444150","149396650","88952500"
"089030","테크윙","264","4091","3827","5753450","89952700","84199250"
"293780","압타바이오","2955","7255","4300","56448300","139519700","83071400"
"060150","인선이엔티","5179","12649","7470","56921450","139283500","82362050"
"090850","현대이지웰","1132","8628","7496","12267700","93897050","81629350"
"035600","KG이니시스","3212","7778","4566","55747450","135253600","79506150"
"200670","휴메딕스","2","3847","3845","41100","79045650","79004550"
"036800","나이스정보통신","2295","4843","2548","70834800","149512800","78678000"
"060250","NHN한국사이버결제","8821","12581","3760","180932850","258234650","77301800"
"252990","샘씨엔에스","0","12500","12500","0","77060000","77060000"
"215000","골프존","2945","3387","442","511196200","587068800","75872600"
"078130","국일제지","18541","41587","23046","60325575","135718875","75393300"
"051360","토비스","0","8000","8000","0","75255270","75255270"
"018000","유니슨","20773","53094","32321","48099870","123253775","75153905"
"243070","휴온스","1535","3296","1761","64867400","139834300","74966900"
"054620","APS홀딩스","0","5500","5500","0","73500000","73500000"
"187870","디바이스이엔지","0","3068","3068","0","72775750","72775750"
"290510","코리아센터","6497","17071","10574","44516420","117235650","72719230"
"104480","티케이케미칼","9807","24183","14376","49101365","121375150","72273785"
"045390","대아티아이","13227","29655","16428","57220425","128801115","71580690"
"054670","대한뉴팜","0","5356","5356","0","70526850","70526850"
"151910","SBW생명과학","9315","23980","14665","42780385","110429045","67648660"
"146320","비씨엔씨","17429","20209","2780","409996500","476918150","66921650"
"029480","광무","1","17000","16999","4010","66907860","66903850"
"154030","아시아종묘","6488","15025","8537","48329820","111888520","63558700"
"041930","동아화성","21","5528","5507","240450","63446900","63206450"
"206650","유바이오로직스","14681","18125","3444","260442600","322319700","61877100"
"063080","컴투스홀딩스","500","1212","712","42940000","104034100","61094100"
"183490","엔지켐생명과학","3708","6461","2753","80881900","141792750","60910850"
"138080","오이솔루션","1528","3617","2089","43206850","102863700","59656850"
"036010","아비코전자","0","4678","4678","0","59098650","59098650"
"038500","삼표시멘트","7777","18993","11216","40816960","99705620","58888660"
"031980","피에스케이홀딩스","766","5009","4243","10608050","68371900","57763850"
"095660","네오위즈","32","2668","2636","689600","58015800","57326200"
"024840","KBI메탈","48402","72664","24262","118748030","175149885","56401855"
"032190","다우데이타","2530","6391","3861","35081850","88885000","53803150"
"108230","톱텍","4175","10429","6254","35476350","88936800","53460450"
"093320","케이아이엔엑스","21","1001","980","1122900","54095300","52972400"
"258790","소프트캠프","0","22030","22030","0","52811515","52811515"
"317850","대모","16695","21671","4976","189255600","241854720","52599120"
"189690","포시에스","0","5786","5786","0","52517490","52517490"
"275630","에스에스알","0","8631","8631","0","52307600","52307600"
"290270","휴네시온","0","8488","8488","0","52068010","52068010"
"027360","아주IB투자","9102","22315","13213","34833110","85752250","50919140"
"173130","오파스넷","0","8763","8763","0","50562680","50562680"
"013120","동원개발","928","10586","9658","4844460","55306660","50462200"
"299660","셀리드","1434","3502","2068","34685800","84944200","50258400"
"037070","파세코","0","2500","2500","0","48707900","48707900"
"033310","엠투엔","5144","12522","7378","33144150","81054620","47910470"
"105740","디케이락","13","3842","3829","157950","46792400","46634450"
"086040","바이오톡스텍","2449","7785","5336","21871240","68461790","46590550"
"131370","알서포트","5719","14061","8342","30642710","75798710","45156000"
"215100","로보로보","0","4380","4380","0","44457000","44457000"
"114840","아이패밀리에스씨","4508","5971","1463","133738300","177749850","44011550"
"200350","래몽래인","0","2156","2156","0","42147050","42147050"
"036830","솔브레인홀딩스","1078","2536","1458","30125800","71085300","40959500"
"214270","FSN","1","6550","6549","6260","40876410","40870150"
"023410","유진기업","13807","21788","7981","70759010","111620910","40861900"
"234340","세틀뱅크","0","1500","1500","0","40725000","40725000"
"024850","피에스엠씨","0","34564","34564","0","40307590","40307590"
"079960","동양이엔피","193","2525","2332","3329250","43581500","40252250"
"032940","원익","0","8166","8166","0","40143800","40143800"
"336570","대신밸런스제8호스팩","0","8503","8503","0","39315860","39315860"
"300080","플리토","0","1082","1082","0","38917450","38917450"
"192440","슈피겐코리아","2","856","854","87850","37651400","37563550"
"053450","세코닉스","0","3600","3600","0","37559950","37559950"
"214430","아이쓰리시스템","55","1912","1857","1094950","38112400","37017450"
"034230","파라다이스","41474","43645","2171","679832100","716630050","36797950"
"033130","디지틀조선","75","11905","11830","232500","37022455","36789955"
"206560","덱스터","17","2063","2046","298350","36811050","36512700"
"053580","웹케시","0","1481","1481","0","36347550","36347550"
"092190","서울바이오시스","2663","6628","3965","24027140","60317160","36290020"
"077360","덕산하이메탈","0","3825","3825","0","36264210","36264210"
"053260","금강철강","0","3166","3166","0","35918200","35918200"
"021080","에이티넘인베스트","3","7901","7898","13515","35906515","35893000"
"185490","아이진","0","3769","3769","0","33723550","33723550"
"078020","이베스트투자증권","3007","7351","4344","22764580","55751500","32986920"
"065370","위세아이텍","0","2330","2330","0","31760250","31760250"
"115530","씨엔플러스","0","43112","43112","0","31702058","31702058"
"122690","서진오토모티브","14994","23825","8831","57080925","88728385","31647460"
"122640","예스티","277","3998","3721","2319990","33473380","31153390"
"174900","앱클론","0","1900","1900","0","29544350","29544350"
"204270","제이앤티씨","3175","7782","4607","20039490","49463460","29423970"
"219550","디와이디","24733","34707","9974","114759515","144070390","29310875"
"119500","포메탈","0","4834","4834","0","28423920","28423920"
"092070","디엔에프","1010","2243","1233","23334000","51745200","28411200"
"284620","카이노스메드","0","10140","10140","0","27851955","27851955"
"290550","디케이티","10334","12048","1714","143639700","170701600","27061900"
"053350","이니텍","0","5470","5470","0","25439890","25439890"
"076080","웰크론한텍","0","6170","6170","0","25099560","25099560"
"083500","에프엔에스테크","0","2271","2271","0","25016000","25016000"
"144960","뉴파워프라즈마","6","4636","4630","31620","24847070","24815450"
"262840","아이퀘스트","0","2744","2744","0","24696000","24696000"
"086980","쇼박스","31","4015","3984","186000","24412080","24226080"
"256840","한국비엔씨","19070","21217","2147","197453950","221467100","24013150"
"049070","인탑스","1356","2002","646","52913300","76558050","23644750"
"065450","빅텍","3908","7200","3292","27445770","50994000","23548230"
"194700","노바렉스","112","706","594","4430250","27974800","23544550"
"290380","대유","38252","42088","3836","251175240","274419770","23244530"
"108490","로보티즈","2974","3974","1000","62748700","85272150","22523450"
"005710","대원산업","606","4083","3477","3867100","26076160","22209060"
"337930","브랜드엑스코퍼레이션","0","2504","2504","0","21590530","21590530"
"203450","유니온커뮤니티","0","5426","5426","0","20428890","20428890"
"220180","핸디소프트","0","5183","5183","0","20394570","20394570"
"008290","원풍물산","40666","58496","17830","46770210","66101345","19331135"
"066430","와이오엠","447","7804","7357","1138980","20201395","19062415"
"332290","누보","0","4552","4552","0","17024480","17024480"
"006910","보성파워텍","2406","4609","2203","17275080","33507430","16232350"
"084650","랩지노믹스","5628","7780","2152","41200080","56815990","15615910"
"391060","엔에이치스팩20호","1000","8000","7000","2175000","17387980","15212980"
"015750","성우하이텍","20474","23570","3096","99644505","114825660","15181155"
"184230","SGA솔루션즈","0","12232","12232","0","14890650","14890650"
"056080","유진로봇","0","2079","2079","0","14781690","14781690"
"134060","이퓨쳐","0","2000","2000","0","14600000","14600000"
"088910","동우팜투테이블","21","3501","3480","88620","13469640","13381020"
"033170","시그네틱스","0","5000","5000","0","13000000","13000000"
"032820","우리기술","2","5232","5230","4820","12609120","12604300"
"397880","교보11호스팩","81","5782","5701","177795","12680310","12502515"
"396300","세아메카닉스","0","2000","2000","0","12124800","12124800"
"033200","모아텍","982","2564","1582","7544150","19211270","11667120"
"036670","KCI","0","1175","1175","0","11448790","11448790"
"148250","알엔투테크놀로지","5","1005","1000","55500","11292050","11236550"
"067920","이글루","0","1402","1402","0","11175660","11175660"
"041440","현대에버다임","38843","40451","1608","348342290","359364900","11022610"
"032850","비트컴퓨터","20","1191","1171","181800","10979000","10797200"
"256630","포인트엔지니어링","20995","23800","2805","69289420","79887545","10598125"
"094820","일진파워","400","888","488","9220000","19802400","10582400"
"101360","이엔드디","1482","1843","361","41603650","52030850","10427200"
"142760","비엘","1","1500","1499","6740","10366500","10359760"
"073490","이노와이어리스","35","304","269","1349900","11689650","10339750"
"126600","코프라","0","1445","1445","0","10221700","10221700"
"377480","마인즈랩","0","439","439","0","10024850","10024850"
"123040","엠에스오토텍","0","1896","1896","0","10010970","10010970"
"049830","승일","0","772","772","0","9997400","9997400"
"203690","프로스테믹스","0","3642","3642","0","9997290","9997290"
"264660","씨앤지하이테크","0","787","787","0","9994900","9994900"
"052260","현대바이오랜드","0","530","530","0","9491850","9491850"
"101670","코리아에스이","1077","5609","4532","2216640","11644380","9427740"
"053160","프리엠스","0","1001","1001","0","9305090","9305090"
"052020","에스티큐브","1","1601","1600","5270","8605680","8600410"
"404950","DB금융스팩10호","0","3900","3900","0","8549685","8549685"
"900290","GRT","0","6801","6801","0","8283215","8283215"
"048550","SM C&C","0","1863","1863","0","8023490","8023490"
"050120","ES큐브","2500","4000","1500","13275300","21220000","7944700"
"043610","지니뮤직","0","1353","1353","0","7279710","7279710"
"082920","비츠로셀","310","860","550","4092350","11309950","7217600"
"023910","대한약품","1333","1577","244","38519250","45631550","7112300"
"159580","제로투세븐","0","650","650","0","6922500","6922500"
"066130","하츠","0","700","700","0","6880000","6880000"
"009520","포스코엠텍","26","939","913","186640","6742050","6555410"
"251970","펌텍코리아","0","325","325","0","6275500","6275500"
"164060","이루다","0","1000","1000","0","6270000","6270000"
"019590","엠벤처투자","36047","39192","3145","51503880","56930505","5426625"
"054780","키이스트","19","489","470","209950","5461650","5251700"
"377400","하이제6호스팩","0","2194","2194","0","4826800","4826800"
"054050","농우바이오","0","360","360","0","4680000","4680000"
"043220","티에스넥스젠","0","3000","3000","0","4670000","4670000"
"363250","진시스템","0","370","370","0","4487500","4487500"
"258610","케일럼","1167","2117","950","5754630","10182355","4427725"
"092600","앤씨앤","0","1000","1000","0","4265000","4265000"
"286750","나노브릭","0","1500","1500","0","4073420","4073420"
"352770","클리노믹스","0","369","369","0","3984950","3984950"
"400840","하이제7호스팩","0","1796","1796","0","3940870","3940870"
"301300","바이브컴퍼니","48","142","94","1929600","5770500","3840900"
"153460","네이블","85","520","435","736910","4508250","3771340"
"082210","옵트론텍","380","863","483","2622000","5985790","3363790"
"141000","비아트론","0","300","300","0","3323100","3323100"
"059090","미코","16","313","297","176800","3469950","3293150"
"214310","에스엘바이오닉스","0","729","729","0","3158100","3158100"
"079190","케스피온","0","1892","1892","0","2786415","2786415"
"060900","대한그린파워","0","2470","2470","0","2587325","2587325"
"352480","씨앤씨인터내셔널","0","100","100","0","2520000","2520000"
"351330","이삭엔지니어링","189","386","197","2332950","4834650","2501700"
"038390","레드캡투어","0","103","103","0","2378900","2378900"
"200230","텔콘RF제약","0","1001","1001","0","2057045","2057045"
"131090","시큐브","0","1443","1443","0","2034000","2034000"
"226950","올릭스","0","85","85","0","1947750","1947750"
"217270","넵튠","0","102","102","0","1662000","1662000"
"330730","스톤브릿지벤처스","1359","1581","222","10983080","12617800","1634720"
"349720","이베스트스팩5호","0","692","692","0","1520755","1520755"
"290520","신도기연","131","235","104","1853650","3344750","1491100"
"347140","케이프이에스제4호","20","683","663","43600","1484975","1441375"
"200710","에이디테크놀로지","0","80","80","0","1436950","1436950"
"130500","GH신소재","0","271","271","0","1417330","1417330"
"196450","코아시아옵틱스","0","500","500","0","1327500","1327500"
"086670","비엠티","0","102","102","0","1305600","1305600"
"046140","SBS콘텐츠허브","22","185","163","170720","1438510","1267790"
"102120","어보브반도체","0","89","89","0","1233050","1233050"
"042500","링네트","0","190","190","0","1189400","1189400"
"019770","서연탑메탈","0","217","217","0","1186990","1186990"
"040300","YTN","0","292","292","0","1073100","1073100"
"052330","코텍","260","348","88","2899050","3896850","997800"
"121800","비덴트","7000","7020","20","101150000","102136000","986000"
"197140","디지캡","0","212","212","0","973010","973010"
"083790","크리스탈지노믹스","362","539","177","1839790","2741130","901340"
"089010","켐트로닉스","10","42","32","259000","1087700","828700"
"035890","서희건설","5882","6297","415","10885585","11687005","801420"
"205470","휴마시스","212","275","63","2648350","3426700","778350"
"078160","메디포스트","88","122","34","1992200","2756200","764000"
"288620","에스퓨얼셀","16","48","32","379200","1137600","758400"
"032300","한국파마","21","42","21","701300","1399700","698400"
"086890","이수앱지스","128","217","89","1011690","1704220","692530"
"206640","바디텍메드","111","155","44","1744350","2431500","687150"
"065660","안트로젠","48","76","28","1164800","1844900","680100"
"126340","비나텍","22","39","17","847050","1508750","661700"
"065350","신성델타테크","240","287","47","3300000","3960050","660050"
"340570","티앤엘","7","22","15","284200","887700","603500"
"099750","이지케어텍","2","16","14","84700","679200","594500"
"117670","알파홀딩스","34","228","194","100130","669145","569015"
"348150","고바이오랩","59","92","33","990750","1549250","558500"
"033540","파라텍","0","255","255","0","550800","550800"
"060240","룽투코리아","0","80","80","0","520150","520150"
"263050","유틸렉스","57","93","36","806700","1320600","513900"
"273640","와이엠텍","11","37","26","210650","713950","503300"
"216080","제테마","82","107","25","1510050","1979500","469450"
"093190","빅솔론","1701","1719","18","12211280","12636830","425550"
"347860","알체라","35","55","20","750600","1173300","422700"
"126880","제이엔케이히터","26","86","60","174200","579250","405050"
"064850","에프앤가이드","0","43","43","0","389150","389150"
"302430","이노메트리","65","93","28","880950","1262350","381400"
"049950","미래컴퍼니","1","15","14","24550","373000","348450"
"123420","위메이드플레이","13","24","11","371550","697850","326300"
"230980","에이트원","0","252","252","0","320200","320200"
"189330","씨이랩","0","16","16","0","317000","317000"
"079940","가비아","22","45","23","306850","621000","314150"
"025320","시노펙스","190","293","103","552900","853250","300350"
"007680","대원","0","28","28","0","292600","292600"
"056360","코위버","0","31","31","0","280340","280340"
"950190","미투젠","0","14","14","0","279200","279200"
"047080","한빛소프트","4","46","42","20120","227415","207295"
"215360","우리산업","13","24","11","235300","434350","199050"
"353060","에이치엠씨제5호스팩","844","931","87","1837420","2026080","188660"
"348030","모비릭스","0","10","10","0","170150","170150"
"032620","유비케어","177","201","24","1244490","1413860","169370"
"031330","에스에이엠티","27","63","36","119475","275830","156355"
"036710","심텍홀딩스","0","26","26","0","152990","152990"
"037370","EG","15","27","12","180750","327100","146350"
"030520","한글과컴퓨터","2","9","7","42200","188500","146300"
"270520","지엔원에너지","45","86","41","151425","291555","140130"
"095910","에스에너지","34","67","33","130220","257465","127245"
"094970","제이엠티","65","93","28","265200","379440","114240"
"095190","이엠코리아","137","168","31","481555","592410","110855"
"122450","KMH","0","12","12","0","108670","108670"
"119850","지엔씨에너지","23","45","22","110285","215730","105445"
"012340","뉴인텍","0","32","32","0","104375","104375"
"030350","드래곤플라이","0","42","42","0","95040","95040"
"049480","오픈베이스","2465","2465","0","9208850","9297885","89035"
"023900","풍국주정","12","17","5","211800","299950","88150"
"259630","엠플러스","228","233","5","4248950","4337000","88050"
"038870","에코바이오","0","11","11","0","84880","84880"
"079170","한창산업","0","8","8","0","79920","79920"
"124560","태웅로직스","0","7","7","0","67060","67060"
"016250","SGC이테크건설","0","1","1","0","56200","56200"
"064800","젬백스링크","12","44","32","19920","72820","52900"
"094480","갤럭시아머니트리","4","9","5","35680","81130","45450"
"101390","아이엠","0","6","6","0","42480","42480"
"216050","인크로스","0","1","1","0","38150","38150"
"084730","팅크웨어","0","2","2","0","36200","36200"
"205500","액션스퀘어","21","28","7","87990","118640","30650"
"072020","중앙백신","0","2","2","0","29600","29600"
"300120","라온피플","0","2","2","0","26200","26200"
"069510","에스텍","0","3","3","0","25080","25080"
"100590","머큐리","2","5","3","15100","37810","22710"
"037400","우리엔터프라이즈","0","7","7","0","22330","22330"
"171090","선익시스템","0","1","1","0","19500","19500"
"207760","미스터블루","28","30","2","224560","243020","18460"
"012700","리드코프","0","2","2","0","18380","18380"
"082850","우리바이오","0","4","4","0","17160","17160"
"124500","아이티센","0","3","3","0","15570","15570"
"047310","파워로직스","0","2","2","0","15320","15320"
"053980","오상자이엘","0","2","2","0","14040","14040"
"065130","탑엔지니어링","0","2","2","0","14020","14020"
"114450","KPX생명과학","0","2","2","0","12520","12520"
"013310","아진산업","0","4","4","0","12520","12520"
"040610","SG&G","0","4","4","0","11520","11520"
"053700","삼보모터스","0","2","2","0","10650","10650"
"036560","영풍정밀","0","1","1","0","10050","10050"
"011370","서한","36","40","4","62100","69040","6940"
"073540","에프알텍","3","5","2","9330","15520","6190"
"245620","EDGC","0","1","1","0","3735","3735"
"038880","아이에이","2","4","2","2000","4020","2020"
"195990","에이비프로바이오","2","4","2","1822","3658","1836"
"058450","일야","307","306","-1","360325","361610","1285"
"010470","오리콤","13","13","0","97390","98150","760"
"037460","삼지전자","11","11","0","132550","133150","600"
"232680","라온테크","10","10","0","199000","199500","500"
"099410","동방선기","19","19","0","99750","99940","190"
"045520","크린앤사이언스","2","2","0","29800","29900","100"
"060380","동양에스텍","21","21","0","83580","83580","0"
"096640","멜파스","65","65","0","97175","97175","0"
"050110","캠시스","1","0","-1","1860","0","-1860"
"023460","CNH","1","0","-1","2365","0","-2365"
"192250","케이사인","1","0","-1","2440","0","-2440"
"036690","코맥스","1","0","-1","4550","0","-4550"
"388220","하나금융19호스팩","3","0","-3","6675","0","-6675"
"006620","동구바이오제약","1","0","-1","7470","0","-7470"
"307750","국전약품","1","0","-1","8040","0","-8040"
"100790","미래에셋벤처투자","3","2","-1","25590","17040","-8550"
"067170","오텍","2","1","-1","19060","9580","-9480"
"024950","삼천리자전거","3","2","-1","31350","20950","-10400"
"094170","동운아나텍","3","1","-2","18570","6200","-12370"
"072990","에이치시티","4","3","-1","55400","41950","-13450"
"045660","에이텍","1","0","-1","13900","0","-13900"
"099220","SDN","7","0","-7","14415","0","-14415"
"155650","와이엠씨","6","4","-2","43320","28820","-14500"
"049180","셀루메드","3","0","-3","17140","0","-17140"
"340930","유일에너테크","1","0","-1","17950","0","-17950"
"053300","한국정보인증","8","5","-3","53280","33370","-19910"
"208340","파멥신","4","0","-4","20980","0","-20980"
"083930","아바코","6","4","-2","63600","42500","-21100"
"078150","HB테크놀러지","9","0","-9","21660","0","-21660"
"018290","브이티지엠피","4","0","-4","28080","0","-28080"
"130580","나이스디앤비","6","3","-3","58440","29240","-29200"
"047920","HLB제약","4","0","-4","36480","0","-36480"
"038070","서린바이오","3","0","-3","45750","0","-45750"
"086960","한컴MDS","2","0","-2","46000","0","-46000"
"305090","마이크로디지탈","4","0","-4","51800","0","-51800"
"203400","에이비온","6","0","-6","54000","0","-54000"
"201490","미투온","67","57","-10","386590","332410","-54180"
"226340","본느","20","0","-20","54400","0","-54400"
"138690","엘아이에스","1687","1687","0","2940610","2881540","-59070"
"058110","멕아이씨에스","10","0","-10","63700","0","-63700"
"298060","에스씨엠생명과학","6","0","-6","66000","0","-66000"
"354200","엔젠바이오","6","0","-6","68400","0","-68400"
"242040","나무기술","45","18","-27","115650","46230","-69420"
"317690","퀀타매트릭스","10","0","-10","71000","0","-71000"
"229000","젠큐릭스","5","0","-5","74000","0","-74000"
"338220","뷰노","7","0","-7","75250","0","-75250"
"042520","한스바이오메드","7","0","-7","78750","0","-78750"
"046210","파나진","20","0","-20","81700","0","-81700"
"214610","미코바이오메드","11","0","-11","84700","0","-84700"
"304840","피플바이오","8","0","-8","90000","0","-90000"
"109820","진매트릭스","16","0","-16","93760","0","-93760"
"104540","코렌텍","8","0","-8","99200","0","-99200"
"048870","시너지이노베이션","24","0","-24","100080","0","-100080"
"052220","iMBC","34","11","-23","149600","48680","-100920"
"043360","디지아이","25","0","-25","100940","0","-100940"
"054300","팬스타엔터프라이즈","116","0","-116","102892","0","-102892"
"023600","삼보판지","8","0","-8","108800","0","-108800"
"017480","삼현철강","34","19","-15","260440","145540","-114900"
"039860","나노엔텍","19","0","-19","120460","0","-120460"
"065650","메디프론","55","0","-55","121545","0","-121545"
"264450","유비쿼스","11","5","-6","262900","120250","-142650"
"170030","현대공업","19","0","-19","149600","0","-149600"
"340350","SK6호스팩","75","0","-75","167625","0","-167625"
"046440","KG모빌리언스","31","10","-21","267840","87100","-180740"
"311690","CJ 바이오사이언스","5","0","-5","180750","0","-180750"
"151860","KG ETS","19","6","-13","272650","87500","-185150"
"253840","수젠텍","17","0","-17","187850","0","-187850"
"036190","금화피에스시","9","3","-6","291600","97000","-194600"
"058400","KNN","152","5","-147","202160","6680","-195480"
"068790","DMS","32","0","-32","202880","0","-202880"
"044340","위닉스","17","4","-13","274550","65150","-209400"
"094360","칩스앤미디어","10","0","-10","210000","0","-210000"
"104460","디와이피엔에프","8","2","-6","293600","73650","-219950"
"214180","민앤지","15","2","-13","264000","35400","-228600"
"040910","아이씨디","25","4","-21","273750","43650","-230100"
"061040","알에프텍","60","21","-39","380400","133710","-246690"
"072950","빛샘전자","32","0","-32","258560","0","-258560"
"108860","셀바스AI","33","0","-33","262350","0","-262350"
"072870","메가스터디","29","7","-22","353800","85450","-268350"
"156100","엘앤케이바이오","231","218","-13","3234500","2964800","-269700"
"211270","AP위성","41","23","-18","658900","370300","-288600"
"054940","엑사이엔씨","213","0","-213","299125","0","-299125"
"258830","세종메디칼","79","1","-78","319090","4030","-315060"
"225220","제놀루션","24","1","-23","330800","13700","-317100"
"108380","대양전기공업","24","0","-24","363900","0","-363900"
"047560","이스트소프트","31","2","-29","391350","25750","-365600"
"049470","SGA","363","0","-363","373890","0","-373890"
"08537M","루트로닉3우C","10","0","-10","382500","0","-382500"
"361390","제노코","24","12","-12","781200","396050","-385150"
"039560","다산네트웍스","85","22","-63","560840","146020","-414820"
"175250","아이큐어","33","0","-33","415950","0","-415950"
"206400","베노홀딩스","94","9","-85","473200","44695","-428505"
"064820","케이프","89","7","-82","466360","36140","-430220"
"046120","오르비텍","136","76","-60","1000620","557340","-443280"
"241820","피씨엘","17","0","-17","481200","0","-481200"
"032960","동일기연","39","0","-39","488500","0","-488500"
"032580","피델릭스","290","0","-290","504570","0","-504570"
"049080","기가레인","267","41","-226","600750","89870","-510880"
"217330","싸이토젠","9","0","-9","541800","0","-541800"
"010170","대한광통신","273","42","-231","644280","99385","-544895"
"039340","한국경제TV","79","0","-79","547540","0","-547540"
"020400","대동금속","903","903","0","11869100","11270500","-598600"
"078860","아이오케이","585","0","-585","600500","0","-600500"
"039310","세중","177","0","-177","633180","0","-633180"
"098660","에스티오","198","0","-198","675755","0","-675755"
"068050","팬엔터테인먼트","205","19","-186","949060","87805","-861255"
"321260","프로이천","300","0","-300","907500","0","-907500"
"263720","디앤씨미디어","261","230","-31","8381100","7386950","-994150"
"228850","레이언스","84","0","-84","1033200","0","-1033200"
"122350","삼기","280","1","-279","1126520","4020","-1122500"
"276730","제주맥주","399","0","-399","1167075","0","-1167075"
"042420","네오위즈홀딩스","66","34","-32","2551950","1328050","-1223900"
"270870","뉴트리","67","0","-67","1293100","0","-1293100"
"054930","유신","63","0","-63","1310400","0","-1310400"
"091580","상신이디피","170","83","-87","2798050","1369100","-1428950"
"004650","창해에탄올","100","0","-100","1450000","0","-1450000"
"154040","솔루에타","444","0","-444","1492930","0","-1492930"
"038290","마크로젠","55","0","-55","1497700","0","-1497700"
"005160","동국산업","458","33","-425","1616280","116315","-1499965"
"034950","한국기업평가","21","2","-19","1704600","163200","-1541400"
"093920","서원인텍","305","56","-249","1973350","362970","-1610380"
"011040","경동제약","158","0","-158","1619500","0","-1619500"
"076610","해성옵틱스","1729","0","-1729","1643279","0","-1643279"
"048910","대원미디어","111","11","-100","1854400","185300","-1669100"
"900340","윙입푸드","1001","0","-1001","1751750","0","-1751750"
"367480","유안타제8호스팩","2500","1642","-858","5518725","3620610","-1898115"
"169330","엠브레인","426","0","-426","1932910","0","-1932910"
"053270","구영테크","14437","14177","-260","59147015","57129945","-2017070"
"002680","한탑","718","0","-718","2145045","0","-2145045"
"409570","한국제10호스팩","971","0","-971","2179895","0","-2179895"
"052790","액토즈소프트","215","25","-190","2587150","299750","-2287400"
"039010","현대에이치티","247","0","-247","2487450","0","-2487450"
"170790","파이오링크","529","357","-172","7773600","5258850","-2514750"
"059210","메타바이오메드","849","0","-849","2549875","0","-2549875"
"365270","큐라클","624","464","-160","12677000","9817450","-2859550"
"083660","CSA 코스믹","1369","0","-1369","2933585","0","-2933585"
"026040","제이에스티나","814","0","-814","2995755","0","-2995755"
"405350","IBKS제17호스팩","1347","0","-1347","3169045","0","-3169045"
"290090","트윔","164","0","-164","3198950","0","-3198950"
"084110","휴온스글로벌","2965","2840","-125","83428900","80216450","-3212450"
"080530","코디","1791","0","-1791","3301685","0","-3301685"
"405640","신한제9호스팩","5135","3629","-1506","11297970","7993540","-3304430"
"068930","디지털대성","403","7","-396","3448710","60250","-3388460"
"277880","티에스아이","355","50","-305","4348750","613500","-3735250"
"166480","코아스템","269","0","-269","3759200","0","-3759200"
"365900","브이씨","263","0","-263","3783950","0","-3783950"
"419270","신영스팩7호","1772","0","-1772","3988660","0","-3988660"
"228760","지노믹트리","360","0","-360","4247950","0","-4247950"
"340120","하이제5호스팩","2070","0","-2070","4274550","0","-4274550"
"367360","DB금융스팩9호","2000","0","-2000","4384255","0","-4384255"
"353490","미래에셋대우스팩 5호","2000","0","-2000","4500000","0","-4500000"
"344050","신영스팩6호","1999","0","-1999","4522740","0","-4522740"
"192390","윈하이텍","1055","0","-1055","4620440","0","-4620440"
"193250","와이제이엠게임즈","1495","0","-1495","4624280","0","-4624280"
"217730","강스템바이오텍","1248","0","-1248","4729870","0","-4729870"
"040350","큐로컴","3998","0","-3998","4788325","0","-4788325"
"277410","인산가","1882","0","-1882","4791045","0","-4791045"
"353070","에이치엠씨제4호스팩","3000","761","-2239","6525055","1666510","-4858545"
"328380","미래에셋대우스팩3호","2000","0","-2000","5140000","0","-5140000"
"406760","하나금융21호스팩","2780","330","-2450","6116000","724350","-5391650"
"290650","엘앤씨바이오","7950","7764","-186","314277300","308863950","-5413350"
"290720","푸드나무","183","0","-183","5525600","0","-5525600"
"045340","토탈소프트","904","0","-904","5546060","0","-5546060"
"137080","나래나노텍","3173","2773","-400","39651150","34041950","-5609200"
"389030","지니너스","545","0","-545","5738100","0","-5738100"
"143540","영우디에스피","2600","0","-2600","6261000","0","-6261000"
"017000","신원종합개발","531","0","-531","6265800","0","-6265800"
"159010","아스플로","292","0","-292","6286400","0","-6286400"
"263600","덕우전자","783","0","-783","6417010","0","-6417010"
"087600","픽셀플러스","676","0","-676","6521520","0","-6521520"
"413630","유진스팩8호","4683","1650","-3033","10220870","3597000","-6623870"
"044180","KD","5242","0","-5242","6711345","0","-6711345"
"279600","미디어젠","567","0","-567","6726100","0","-6726100"
"196300","애니젠","602","0","-602","6885050","0","-6885050"
"014570","고려제약","783","0","-783","7040570","0","-7040570"
"061250","화일약품","2102","0","-2102","7051055","0","-7051055"
"100130","동국S&C","1442","193","-1249","8322760","1113170","-7209590"
"363260","하나금융17호스팩","2617","0","-2617","7483705","0","-7483705"
"311320","지오엘리먼트","323","0","-323","7509000","0","-7509000"
"115450","HLB테라퓨틱스","1009","103","-906","8476660","873230","-7603430"
"220260","켐트로스","924","131","-793","8873310","1262470","-7610840"
"062860","티엘아이","875","0","-875","7676190","0","-7676190"
"347770","핌스","360","0","-360","7799500","0","-7799500"
"260970","에스앤디","419","0","-419","8738050","0","-8738050"
"033230","인성정보","3120","0","-3120","8928730","0","-8928730"
"064090","에프앤리퍼블릭","2244","0","-2244","9038970","0","-9038970"
"069410","엔텔스","1160","7","-1153","9183130","55560","-9127570"
"322180","티라유텍","740","0","-740","9341900","0","-9341900"
"276040","스코넥","577","0","-577","9405100","0","-9405100"
"353190","휴럼","4965","0","-4965","9606125","0","-9606125"
"001840","이화공영","1156","0","-1156","9652600","0","-9652600"
"393360","신한제8호스팩","4434","0","-4434","9761420","0","-9761420"
"138070","신진에스엠","1515","0","-1515","9761610","0","-9761610"
"377220","프롬바이오","1000","0","-1000","9876130","0","-9876130"
"066900","디에이피","2383","0","-2383","9915585","0","-9915585"
"079970","투비소프트","10281","40","-10241","9968149","39180","-9928969"
"412930","미래에셋비전스팩1호","4522","0","-4522","10038840","0","-10038840"
"221840","하이즈항공","30833","30412","-421","202714910","192467710","-10247200"
"226330","신테카바이오","891","100","-791","11722350","1310000","-10412350"
"217190","제너셈","1178","0","-1178","10545620","0","-10545620"
"073560","우리손에프앤지","3646","0","-3646","10682780","0","-10682780"
"299170","더블유에스아이","4000","0","-4000","10695155","0","-10695155"
"073110","엘엠에스","1200","0","-1200","10729300","0","-10729300"
"317830","에스피시스템스","1005","0","-1005","10830000","0","-10830000"
"391710","엔에이치스팩21호","4120","0","-4120","11104660","0","-11104660"
"222040","코스맥스엔비티","1731","0","-1731","11130420","0","-11130420"
"037350","성도이엔지","1963","0","-1963","11315380","0","-11315380"
"019010","베뉴지","4688","0","-4688","11413755","0","-11413755"
"257720","실리콘투","650","0","-650","11452150","0","-11452150"
"008470","부스타","1907","0","-1907","11796840","0","-11796840"
"343510","하나금융16호스팩","5387","0","-5387","11831775","0","-11831775"
"288330","브릿지바이오테라퓨틱스","1000","0","-1000","12000000","0","-12000000"
"110790","크리스에프앤씨","300","8","-292","12330000","328600","-12001400"
"089970","에이피티씨","872","296","-576","18468850","6201250","-12267600"
"367340","DB금융스팩8호","6538","810","-5728","14254305","1769910","-12484395"
"355150","교보10호스팩","6450","400","-6050","14358220","892000","-13466220"
"136480","하림","3491","315","-3176","14871660","1237710","-13633950"
"415580","상상인제3호스팩","6439","0","-6439","13977700","0","-13977700"
"025880","케이씨피드","2422","0","-2422","14120260","0","-14120260"
"043150","바텍","567","211","-356","22849800","8409900","-14439900"
"267790","배럴","1258","0","-1258","14503500","0","-14503500"
"199820","제일전기공업","1000","0","-1000","14511100","0","-14511100"
"121850","코이즈","4612","0","-4612","14710790","0","-14710790"
"027710","팜스토리","173364","163231","-10133","792621855","777632030","-14989825"
"251630","브이원텍","1500","0","-1500","15250000","0","-15250000"
"136540","윈스","902","9","-893","15683800","156750","-15527050"
"069330","유아이디","5896","601","-5295","17415430","1809010","-15606420"
"105550","트루윈","4167","0","-4167","16252885","0","-16252885"
"241790","오션브릿지","1072","3","-1069","16381750","46250","-16335500"
"044780","에이치케이","6172","0","-6172","16575550","0","-16575550"
"237880","클리오","823","8","-815","16892050","171200","-16720850"
"342550","케이비제20호스팩","7622","0","-7622","16755295","0","-16755295"
"215790","이노인스트루먼트","8675","22","-8653","17282925","43890","-17239035"
"218150","미래생명자원","1763","0","-1763","17242140","0","-17242140"
"088390","이녹스","787","0","-787","17589450","0","-17589450"
"113810","디젠스","15251","0","-15251","18563770","0","-18563770"
"017650","대림제지","1741","0","-1741","18667100","0","-18667100"
"005670","푸드웰","2409","0","-2409","18682980","0","-18682980"
"060260","뉴보텍","15551","0","-15551","20243880","0","-20243880"
"260930","씨티케이","2519","540","-1979","26549650","5641400","-20908250"
"122990","와이솔","1908","16","-1892","21528400","180200","-21348200"
"093520","매커스","2084","0","-2084","22271500","0","-22271500"
"331380","포커스에이치엔에스","7188","0","-7188","22441375","0","-22441375"
"033290","코웰패션","18916","15898","-3018","145757750","123216800","-22540950"
"058610","에스피지","1332","3","-1329","22743950","51800","-22692150"
"160980","싸이맥스","1205","2","-1203","22769550","37900","-22731650"
"088290","이원컴포텍","2753","253","-2500","25167700","2263070","-22904630"
"059100","아이컴포넌트","3000","0","-3000","23018000","0","-23018000"
"321820","와이더플래닛","15928","14095","-1833","198917400","175312600","-23604800"
"083450","GST","1900","1136","-764","59283500","35637300","-23646200"
"078140","대봉엘에스","2326","0","-2326","24050150","0","-24050150"
"092460","한라IMS","4100","0","-4100","24291160","0","-24291160"
"236200","슈프리마","1022","0","-1022","25422700","0","-25422700"
"129890","앱코","1683","0","-1683","26272150","0","-26272150"
"023790","동일철강","7885","0","-7885","26827385","0","-26827385"
"024120","KB오토시스","4054","300","-3754","29189590","2148000","-27041590"
"019990","에너토크","34676","35685","1009","547629950","520395050","-27234900"
"203650","드림시큐리티","6559","0","-6559","27357300","0","-27357300"
"013810","스페코","3942","0","-3942","27529190","0","-27529190"
"189300","인텔리안테크","777","405","-372","62825300","32824200","-30001100"
"123330","제닉","4378","0","-4378","30111160","0","-30111160"
"361570","알비더블유","4228","2636","-1592","82738300","52184600","-30553700"
"067310","하나마이크론","28787","26942","-1845","525567900","494167800","-31400100"
"067280","멀티캠퍼스","829","162","-667","39233400","7620950","-31612450"
"086060","진바이오텍","5771","0","-5771","31882200","0","-31882200"
"140520","대창스틸","7448","0","-7448","32136145","0","-32136145"
"263700","케어랩스","3590","0","-3590","32309000","0","-32309000"
"341160","하나금융15호스팩","13943","0","-13943","32381190","0","-32381190"
"070300","엑스큐어","9546","0","-9546","34392015","0","-34392015"
"306620","네온테크","22733","14335","-8398","101835695","67011620","-34824075"
"220100","퓨쳐켐","6298","4235","-2063","112328150","76635200","-35692950"
"148150","세경하이테크","1650","0","-1650","36750450","0","-36750450"
"009780","엠에스씨","5414","0","-5414","36783820","0","-36783820"
"041920","메디아나","6174","0","-6174","37657740","0","-37657740"
"060590","씨티씨바이오","3656","0","-3656","37741000","0","-37741000"
"095270","웨이브일렉트로","7626","0","-7626","38388510","0","-38388510"
"092870","엑시콘","8027","5000","-3027","102434300","63500000","-38934300"
"317240","TS트릴리온","34453","0","-34453","40358795","0","-40358795"
"067570","엔브이에이치코리아","9140","0","-9140","41138035","0","-41138035"
"014200","광림","35552","16973","-18579","88061640","46421155","-41640485"
"050890","쏠리드","6493","53","-6440","43040890","349820","-42691070"
"115960","연우","2175","378","-1797","52853650","9157150","-43696500"
"067000","조이시티","9490","3240","-6250","66746230","22868980","-43877250"
"042940","상지카일룸","78728","46056","-32672","119151990","74963530","-44188460"
"073640","테라사이언스","30000","9000","-21000","66025000","21580000","-44445000"
"115440","우리넷","4337","3","-4334","47496300","33000","-47463300"
"357230","에이치피오","3682","0","-3682","48007650","0","-48007650"
"115160","휴맥스","10451","4","-10447","48324720","18400","-48306320"
"950140","잉글우드랩","5985","0","-5985","49594000","0","-49594000"
"340360","다보링크","28960","0","-28960","49628750","0","-49628750"
"255220","SG","26000","0","-26000","49633770","0","-49633770"
"332570","와이팜","9296","19","-9277","50846490","104830","-50741660"
"096350","대창솔루션","132979","43746","-89233","74875012","24020995","-50854017"
"208140","정다운","25107","10000","-15107","81790050","30785330","-51004720"
"277810","레인보우로보틱스","2280","5","-2275","51299000","113950","-51185050"
"065710","서호전기","2506","0","-2506","51247600","0","-51247600"
"330860","네패스아크","1303","119","-1184","56411000","5140500","-51270500"
"122310","제노레이","4812","0","-4812","51598900","0","-51598900"
"382840","원준","688","216","-472","75340600","23723000","-51617600"
"204840","지엘팜텍","51348","0","-51348","51767545","0","-51767545"
"071200","인피니트헬스케어","7443","0","-7443","53119840","0","-53119840"
"027050","코리아나","13872","2220","-11652","64538625","10153740","-54384885"
"010240","흥국","10413","3915","-6498","87355380","31767960","-55587420"
"101240","씨큐브","7785","0","-7785","55889260","0","-55889260"
"238120","얼라인드","5470","0","-5470","56094270","0","-56094270"
"003310","대주산업","56417","39687","-16730","280669590","221015625","-59653965"
"051780","큐로홀딩스","89151","0","-89151","60271183","0","-60271183"
"317330","덕산테코피아","2700","0","-2700","63353250","0","-63353250"
"302550","리메드","3004","0","-3004","63624000","0","-63624000"
"041460","한국전자인증","7807","0","-7807","64130600","0","-64130600"
"317870","엔바이오니아","5000","0","-5000","64850000","0","-64850000"
"253590","네오셈","15290","0","-15290","64958950","0","-64958950"
"013720","CBI","27920","0","-27920","65003935","0","-65003935"
"413600","키움제6호스팩","23704","0","-23704","65380440","0","-65380440"
"035810","이지홀딩스","12009","9","-12000","71957730","50310","-71907420"
"140860","파크시스템스","2898","2235","-663","324086300","251126200","-72960100"
"334970","프레스티지바이오로직스","10028","258","-9770","77461920","1989860","-75472060"
"303530","이노뎁","4125","1","-4124","80285800","19400","-80266400"
"104620","노랑풍선","6513","178","-6335","84762950","2322900","-82440050"
"134580","탑코미디어","8239","0","-8239","83095210","0","-83095210"
"377030","맥스트","4881","686","-4195","102128300","14630850","-87497450"
"043910","자연과환경","42622","0","-42622","88632025","0","-88632025"
"196700","웹스","18389","0","-18389","89970350","0","-89970350"
"036200","유니셈","11799","3534","-8265","130674850","39263600","-91411250"
"140410","메지온","15027","10218","-4809","291842250","199037400","-92804850"
"054210","이랜텍","4294","185","-4109","97027500","4116250","-92911250"
"086390","유니테스트","4433","482","-3951","113822200","12377800","-101444400"
"058970","엠로","9688","4075","-5613","179234550","75945250","-103289300"
"035460","기산텔레콤","36665","13799","-22866","168106205","62802595","-105303610"
"353810","이지바이오","15930","20","-15910","107340360","135040","-107205320"
"294090","이오플로우","5163","200","-4963","116224500","4488000","-111736500"
"014620","성광벤드","17403","5630","-11773","167138160","54191750","-112946410"
"336060","웨이버스","42282","0","-42282","113336655","0","-113336655"
"016100","리더스코스메틱","29750","0","-29750","113354260","0","-113354260"
"003380","하림지주","29160","18811","-10349","319656650","206147450","-113509200"
"009620","삼보산업","60594","0","-60594","114059295","0","-114059295"
"137950","제이씨케미칼","11293","3089","-8204","157411500","43199500","-114212000"
"327260","RF머트리얼즈","9000","0","-9000","114887950","0","-114887950"
"307280","원바이오젠","64700","0","-64700","115929500","0","-115929500"
"294570","쿠콘","6463","3878","-2585","303464650","182614900","-120849750"
"241710","코스메카코리아","8584","505","-8079","129062100","7554050","-121508050"
"085670","뉴프렉스","40000","19605","-20395","242343030","119404800","-122938230"
"158430","아톤","4044","0","-4044","125155250","0","-125155250"
"094850","참좋은여행","9556","457","-9099","132343900","6299700","-126044200"
"222980","한국맥널티","14426","0","-14426","128361280","0","-128361280"
"079810","디이엔티","15803","0","-15803","129591740","0","-129591740"
"377450","리파인","15497","6422","-9075","225849150","94032550","-131816600"
"321550","티움바이오","8272","125","-8147","135864950","2058400","-133806550"
"211050","인카금융서비스","7566","0","-7566","138710100","0","-138710100"
"314130","지놈앤컴퍼니","7961","2285","-5676","197997550","56908000","-141089550"
"147760","마이크로프랜드","23942","0","-23942","143257870","0","-143257870"
"299030","하나기술","2551","114","-2437","152388900","6850600","-145538300"
"018310","삼목에스폼","5881","0","-5881","150418550","0","-150418550"
"368770","파이버프로","36933","7956","-28977","195962100","41373630","-154588470"
"298870","다올인베스트먼트","36788","0","-36788","155254705","0","-155254705"
"092730","네오팜","6281","252","-6029","164991700","6627300","-158364400"
"297090","씨에스베어링","13281","3219","-10062","209212400","50666750","-158545650"
"039840","디오","5082","421","-4661","174889550","14526750","-160362800"
"064480","브리지텍","30500","0","-30500","165856900","0","-165856900"
"102370","케이옥션","12409","5810","-6599","314629400","147663350","-166966050"
"307180","아이엘사이언스","42362","0","-42362","171426005","0","-171426005"
"052710","아모텍","6275","0","-6275","175855600","0","-175855600"
"106240","파인테크닉스","13740","5","-13735","178318950","66000","-178252950"
"056090","에디슨INNO","14954","0","-14954","181314200","0","-181314200"
"308080","바이젠셀","7876","0","-7876","183276500","0","-183276500"
"294630","서남","57833","0","-57833","184186385","0","-184186385"
"039440","에스티아이","9154","0","-9154","186108700","0","-186108700"
"080160","모두투어","17112","8332","-8780","381431400","186823000","-194608400"
"100120","뷰웍스","4910","10","-4900","199016300","403150","-198613150"
"119860","다나와","12994","3088","-9906","266447950","63449100","-202998850"
"306040","에스제이그룹","8025","1","-8024","206124850","25650","-206099200"
"138610","나이벡","9358","0","-9358","210576000","0","-210576000"
"079370","제우스","18751","11101","-7650","534374850","317136800","-217238050"
"950220","네오이뮨텍","31176","0","-31176","221114410","0","-221114410"
"099440","스맥","103147","40","-103107","222095650","85350","-222010300"
"230360","에코마케팅","24275","12885","-11390","475725150","253668100","-222057050"
"030190","NICE평가정보","29177","16646","-12531","525840400","300734600","-225105800"
"205100","엑셈","43924","0","-43924","229566410","0","-229566410"
"144510","지씨셀","8155","4582","-3573","529445000","298430800","-231014200"
"068240","다원시스","29877","21990","-7887","898809800","662145300","-236664500"
"065510","휴비츠","27053","5014","-22039","295713350","55056550","-240656800"
"160550","NEW","29558","6041","-23517","309483350","62950700","-246532650"
"297890","HB솔루션","17420","3762","-13658","328051500","72897550","-255153950"
"112040","위메이드","15488","12102","-3386","1218012100","957428900","-260583200"
"298540","더네이쳐홀딩스","8694","904","-7790","294833450","30777900","-264055550"
"182360","큐브엔터","29066","13253","-15813","494413200","226498000","-267915200"
"048530","인트론바이오","31183","15526","-15657","552112500","277401800","-274710700"
"126700","하이비젼시스템","15581","1458","-14123","312821550","29848900","-282972650"
"089980","상아프론테크","13903","6650","-7253","545726600","262234750","-283491850"
"217500","러셀","68000","0","-68000","309721265","0","-309721265"
"383310","에코프로에이치엔","12594","6194","-6400","612314250","301886900","-310427350"
"376180","피코그램","16302","0","-16302","311956250","0","-311956250"
"371950","풍원정밀","18981","2413","-16568","394470250","50197950","-344272300"
"043370","피에이치에이","39965","576","-39389","368013570","5290940","-362722630"
"397500","대신밸런스제11호스팩","146718","0","-146718","390375925","0","-390375925"
"225570","넥슨게임즈","17316","275","-17041","400400100","6337800","-394062300"
"214150","클래시스","61971","41984","-19987","1257955050","862582850","-395372200"
"239890","피엔에이치테크","14134","0","-14134","395675650","0","-395675650"
"376300","디어유","18959","10180","-8779","877948550","472241150","-405707400"
"099430","바이오플러스","15136","0","-15136","412955600","0","-412955600"
"051160","지어소프트","26185","0","-26185","436274600","0","-436274600"
"214450","파마리서치","10946","6061","-4885","983239100","546138500","-437100600"
"083310","엘오티베큠","44268","12085","-32183","640809800","175403600","-465406200"
"099320","쎄트렉아이","11281","1113","-10168","561870100","55494700","-506375400"
"377330","이지트로닉스","25453","0","-25453","515328200","0","-515328200"
"177350","베셀","59875","2197","-57678","545539110","19904820","-525634290"
"017890","한국알콜","46508","0","-46508","559155400","0","-559155400"
"060560","홈센타홀딩스","343547","0","-343547","594658590","0","-594658590"
"149980","하이로닉","54973","0","-54973","612697450","0","-612697450"
"214370","케어젠","6980","1691","-5289","823730700","199406600","-624324100"
"067990","도이치모터스","96635","37897","-58738","1093949200","425113650","-668835550"
"293490","카카오게임즈","89292","77745","-11547","5342196400","4664783900","-677412500"
"287410","제이시스메디칼","132498","47002","-85496","1096429490","390477100","-705952390"
"085370","루트로닉","93171","64701","-28470","2479784450","1773589750","-706194700"
"051370","인터플렉스","48702","0","-48702","801431300","0","-801431300"
"108320","LX세미콘","22364","16218","-6146","2949447200","2144576600","-804870600"
"388050","지투파워","37840","0","-37840","821944650","0","-821944650"
"065420","에스아이리소스","796863","19535","-777328","945112635","26725815","-918386820"
"084370","유진테크","31795","8918","-22877","1378764950","387020600","-991744350"
"251120","바이오에프디엔씨","72556","37296","-35260","1938466900","946185800","-992281100"
"095500","미래나노텍","147086","0","-147086","1231198310","0","-1231198310"
"376980","원티드랩","110657","69954","-40703","3686500700","2356131300","-1330369400"
"067160","아프리카TV","32405","19647","-12758","3506797000","2132631200","-1374165800"
"388720","유일로보틱스","63900","0","-63900","1491388800","0","-1491388800"
"131290","티에스이","32564","13105","-19459","2631233700","1060110100","-1571123600"
"053800","안랩","27615","8152","-19463","3201500600","937054400","-2264446200"
"064260","다날","402457","43110","-359347","3766658360","401085250","-3365573110"
"035760","CJ ENM","45288","17900","-27388","5711932500","2278277900","-3433654600"
"348370","엔켐","57040","15249","-41791","4758766300","1273764100","-3485002200"
"263750","펄어비스","159950","41445","-118505","10669349200","2776820800","-7892528400"