종목코드,종목명,거래량_매도,거래량_매수,거래량_순매수,거래대금_매도,거래대금_매수,거래대금_순매수
"066970","엘앤에프","32040","114201","82161","6125316100","21893224500","15767908400"
"247540","에코프로비엠","9928","49603","39675","3419069900","17177532700","13758462800"
"035900","JYP Ent.","147859","386915","239056","7169628100","18800959300","11631331200"
"122870","와이지엔터테인먼트","68674","232149","163475","4210601400","14304911800","10094310400"
"041510","에스엠","139511","264455","124944","9948063000","18945321600","8997258600"
"091990","셀트리온헬스케어","74632","170841","96209","4705073000","10869853200","6164780200"
"222800","심텍","79287","147619","68332","3815174800","7143234800","3328060000"
"036930","주성엔지니어링","22922","151012","128090","489586600","3265509700","2775923100"
"056190","에스에프에이","27891","96252","68361","1071748100","3703161100","2631413000"
"230360","에코마케팅","13021","154327","141306","239178050","2868887850","2629709800"
"200130","콜마비앤에이치","51286","116620","65334","1887545500","4314731000","2427185500"
"106240","파인테크닉스","138747","321183","182436","1864029800","4274450850","2410421050"
"214150","클래시스","35067","161468","126401","660224750","3056453850","2396229100"
"319660","피에스케이","27230","65527","38297","1313262350","3170607700","1857345350"
"036640","HRS","259","204546","204287","2161730","1718276910","1716115180"
"067990","도이치모터스","343","201220","200877","2898650","1704962830","1702064180"
"298540","더네이쳐홀딩스","56","48614","48558","1922500","1678889350","1676966850"
"034230","파라다이스","54488","151164","96676","932805000","2593874800","1661069800"
"241840","에이스토리","32208","84531","52323","966196000","2545708400","1579512400"
"237880","클리오","9939","71215","61276","237824500","1718199650","1480375150"
"035080","인터파크","77918","293766","215848","486559250","1848135360","1361576110"
"137080","나래나노텍","2830","69790","66960","42620900","1018241550","975620650"
"241710","코스메카코리아","1501","49579","48078","24251250","814766300","790515050"
"213420","덕산네오룩스","24446","42946","18500","988928500","1770424650","781496150"
"049070","인탑스","11596","36223","24627","358430950","1127951800","769520850"
"051500","CJ프레시웨이","5384","24728","19344","205048500","946951150","741902650"
"051370","인터플렉스","52744","95283","42539","946041100","1683578800","737537700"
"095660","네오위즈","11128","41117","29989","261319600","948843200","687523600"
"104480","티케이케미칼","29612","152602","122990","161050190","837512820","676462630"
"054780","키이스트","6000","54335","48335","75448300","682964250","607515950"
"093320","케이아이엔엑스","3","9396","9393","179400","565079600","564900200"
"036540","SFA반도체","106527","190536","84009","699357430","1258334840","558977410"
"090850","현대이지웰","4950","57407","52457","49706950","583789580","534082630"
"046390","삼화네트웍스","11069","131444","120375","47233450","550357930","503124480"
"230240","에치에프알","1891","18181","16290","53818800","516340000","462521200"
"166090","하나머티리얼즈","13890","22528","8638","724500200","1184670200","460170000"
"330860","네패스아크","10","10177","10167","437250","448493050","448055800"
"035760","CJ ENM","9480","12462","2982","1232784600","1623190800","390406200"
"195940","HK이노엔","24625","33688","9063","1040853000","1425252950","384399950"
"376980","원티드랩","3781","16248","12467","115673000","498627450","382954450"
"064550","바이오니아","13438","23848","10410","461466800","818705250","357238450"
"095610","테스","9454","22611","13157","242612850","583731650","341118800"
"054210","이랜텍","12844","31513","18669","227290750","558849900","331559150"
"148150","세경하이테크","4000","17636","13636","96600000","427884150","331284150"
"033290","코웰패션","19728","58349","38621","160098110","473345840","313247730"
"039840","디오","413","9916","9503","13158850","315888700","302729850"
"306040","에스제이그룹","694","12941","12247","16681000","315541300","298860300"
"033500","동성화인텍","7509","36796","29287","75758500","373063450","297304950"
"226950","올릭스","69","10749","10680","1883700","293980700","292097000"
"348370","엔켐","8216","11127","2911","792653600","1077531700","284878100"
"121600","나노신소재","976","6034","5058","54076700","337937400","283860700"
"043650","국순당","0","25880","25880","0","272802000","272802000"
"104830","원익머트리얼즈","4181","11120","6939","150176850","401293650","251116800"
"089970","에이피티씨","5506","19149","13643","101054900","351032300","249977400"
"215200","메가스터디교육","5210","8177","2967","431085300","678423600","247338300"
"225570","넷게임즈","25","12915","12890","421700","219318300","218896600"
"272110","케이엔제이","0","15498","15498","0","210667900","210667900"
"239890","피엔에이치테크","0","8722","8722","0","210007850","210007850"
"246710","티앤알바이오팹","11","5318","5307","397650","191775650","191378000"
"064290","인텍플러스","3","7115","7112","79500","189995650","189916150"
"092070","디엔에프","2000","12900","10900","33469950","217560450","184090500"
"377480","마인즈랩","0","9086","9086","0","182894000","182894000"
"190510","나무가","7680","23697","16017","82650150","254902150","172252000"
"357230","에이치피오","1394","14384","12990","17955100","186085000","168129900"
"129890","앱코","0","10000","10000","0","163250000","163250000"
"089150","케이씨티","0","22594","22594","0","161368440","161368440"
"049960","쎌바이오텍","0","10343","10343","0","157726700","157726700"
"127710","아시아경제","0","46285","46285","0","152074110","152074110"
"041830","인바디","1216","8004","6788","26926450","178026550","151100100"
"183490","엔지켐생명과학","24210","28750","4540","769551750","919779250","150227500"
"214180","민앤지","14","8332","8318","249200","147877900","147628700"
"219130","타이거일렉","0","7450","7450","0","140061100","140061100"
"232680","라온테크","0","3650","3650","0","139678900","139678900"
"039340","한국경제TV","0","20300","20300","0","136992380","136992380"
"032540","TJ미디어","9","19304","19295","65040","133318910","133253870"
"077360","덕산하이메탈","14180","22488","8308","223335550","356351650","133016100"
"335890","비올","5448","60698","55250","12840885","141911335","129070450"
"038110","에코플라스틱","851","50851","50000","2252790","130438075","128185285"
"290550","디케이티","18","9350","9332","245700","127244050","126998350"
"042520","한스바이오메드","1","10000","9999","12250","123717200","123704950"
"058630","엠게임","0","13571","13571","0","120890650","120890650"
"065680","우주일렉트로","1000","5228","4228","26992500","140260400","113267900"
"088390","이녹스","0","5212","5212","0","108752000","108752000"
"285490","노바텍","1571","4525","2954","57448100","165969200","108521100"
"377450","리파인","22235","30938","8703","276614450","383699650","107085200"
"205470","휴마시스","269","5432","5163","5540900","112266400","106725500"
"067280","멀티캠퍼스","0","2505","2505","0","106104450","106104450"
"405350","IBKS제17호스팩","9644","55785","46141","22724210","128707790","105983580"
"177830","파버나인","1037","21648","20611","5316270","109380055","104063785"
"067900","와이엔텍","21","8000","7979","265650","101600000","101334350"
"020710","시공테크","0","16537","16537","0","100744370","100744370"
"150900","파수","7023","18464","11441","60330520","158834270","98503750"
"031330","에스에이엠티","831","24751","23920","3291315","98866015","95574700"
"263750","펄어비스","33327","34288","961","3142339000","3237588600","95249600"
"117670","알파홀딩스","86099","112477","26378","309092290","403538705","94446415"
"097870","효성오앤비","1422","11506","10084","13519590","107105620","93586030"
"085370","루트로닉","61041","65069","4028","1232631000","1325037950","92406950"
"033170","시그네틱스","0","38761","38761","0","92264895","92264895"
"044480","블루베리 NFT","0","23000","23000","0","92116690","92116690"
"102370","케이옥션","0","3500","3500","0","92035400","92035400"
"263020","디케이앤디","277","21606","21329","1223010","92653960","91430950"
"950180","SNK","0","2447","2447","0","90713200","90713200"
"042500","링네트","0","15000","15000","0","90073000","90073000"
"100120","뷰웍스","719","3017","2298","27439900","115850600","88410700"
"031980","피에스케이홀딩스","25237","30807","5570","374901800","460915100","86013300"
"091700","파트론","39972","47090","7118","458022050","541656200","83634150"
"950220","네오이뮨텍(Reg.S)","12337","25169","12832","80002070","163483310","83481240"
"290740","액트로","0","10091","10091","0","82031470","82031470"
"041140","넥슨지티","18","4586","4568","313100","79284150","78971050"
"220100","퓨쳐켐","1505","6443","4938","23226700","99428750","76202050"
"203450","유니온커뮤니티","0","20000","20000","0","74620460","74620460"
"027710","팜스토리","315034","346364","31330","855432950","929976710","74543760"
"115960","연우","1133","4179","3046","27545400","101945750","74400350"
"071280","로체시스템즈","0","14115","14115","0","73174460","73174460"
"092730","네오팜","770","3563","2793","19993950","92581550","72587600"
"170920","엘티씨","0","6077","6077","0","72101350","72101350"
"061970","엘비세미콘","16452","22839","6387","179776400","250312900","70536500"
"155650","와이엠씨","22","10300","10278","148060","69047250","68899190"
"391060","엔에이치스팩20호","9000","39071","30071","18630000","80976970","62346970"
"019210","와이지-원","221","7032","6811","1953280","62838240","60884960"
"337930","브랜드엑스코퍼레이션","23","7556","7533","182620","60182840","60000220"
"072990","에이치시티","11","4001","3990","162800","59539750","59376950"
"023910","대한약품","0","2114","2114","0","59292950","59292950"
"341160","하나금융15호스팩","0","27120","27120","0","57192600","57192600"
"052330","코텍","36","5286","5250","376850","55933600","55556750"
"023410","유진기업","28108","40018","11910","128271250","182641885","54370635"
"053610","프로텍","1398","3055","1657","43445750","94099650","50653900"
"084850","아이티엠반도체","4903","6363","1460","167310400","217649350","50338950"
"236200","슈프리마","0","2000","2000","0","48375000","48375000"
"013810","스페코","3879","11328","7449","24309140","72317960","48008820"
"023160","태광","110","4829","4719","1094280","48106550","47012270"
"104200","NHN벅스","3591","6903","3312","53286350","100151550","46865200"
"409570","한국제10호스팩","11709","31023","19314","24877250","65868760","40991510"
"024060","흥구석유","5469","10508","5039","46952710","87705430","40752720"
"066130","하츠","0","4327","4327","0","39030950","39030950"
"220630","맘스터치","0","5301","5301","0","38227560","38227560"
"317330","덕산테코피아","559","1858","1299","16518450","54262200","37743750"
"060720","KH바텍","10020","11707","1687","216999800","254259050","37259250"
"321820","와이더플래닛","0","2352","2352","0","36889000","36889000"
"260660","알리코제약","0","4619","4619","0","36559760","36559760"
"298870","케이티비네트워크","18352","27000","8648","77473730","113848945","36375215"
"281740","레이크머티리얼즈","0","8000","8000","0","36287265","36287265"
"038390","레드캡투어","1","1425","1424","23650","33912550","33888900"
"043150","바텍","49","998","949","1716250","35328900","33612650"
"232140","와이아이케이","50","6284","6234","269000","33747220","33478220"
"288330","브릿지바이오테라퓨틱스","0","2842","2842","0","33327500","33327500"
"006910","보성파워텍","0","8000","8000","0","33080000","33080000"
"104620","노랑풍선","1","2097","2096","15650","32886250","32870600"
"016790","현대사료","1212","3102","1890","20584850","53227650","32642800"
"243840","신흥에스이씨","3","605","602","162000","32527300","32365300"
"053350","이니텍","0","7000","7000","0","32346535","32346535"
"049430","코메론","0","3154","3154","0","29982030","29982030"
"332710","하나금융14호스팩","0","13894","13894","0","29192400","29192400"
"134580","탑코미디어","0","4000","4000","0","28431490","28431490"
"008290","원풍물산","41250","69481","28231","41846563","68744627","26898064"
"299030","하나기술","0","451","451","0","26744500","26744500"
"277070","린드먼아시아","0","5000","5000","0","26225000","26225000"
"246960","이노테라피","39","2739","2700","379630","26315410","25935780"
"259630","엠플러스","0","1169","1169","0","25802100","25802100"
"058610","에스피지","18","2248","2230","203400","25462350","25258950"
"025770","한국정보통신","0","2865","2865","0","25248100","25248100"
"205500","액션스퀘어","0","6578","6578","0","24544565","24544565"
"263600","덕우전자","0","3194","3194","0","24483190","24483190"
"036890","진성티이씨","5093","7658","2565","45620010","70094820","24474810"
"142760","바이오리더스","0","2499","2499","0","24422620","24422620"
"136540","윈스","429","2045","1616","6327750","30189000","23861250"
"214370","케어젠","52","437","385","3058900","25716100","22657200"
"142210","유니트론텍","2987","6432","3445","20024460","42425790","22401330"
"056080","유진로봇","0","4769","4769","0","21490755","21490755"
"347140","케이프이에스제4호","1","10208","10207","2110","21436800","21434690"
"051380","피씨디렉트","0","1231","1231","0","21357850","21357850"
"054620","APS홀딩스","0","2000","2000","0","21242400","21242400"
"397880","교보11호스팩","0","10000","10000","0","21100000","21100000"
"348150","고바이오랩","72","1343","1271","1169850","21993300","20823450"
"365270","큐라클","111","1459","1348","1703450","22520300","20816850"
"046440","KG모빌리언스","57","2454","2397","491050","21137770","20646720"
"225190","삼양옵틱스","0","1900","1900","0","20574550","20574550"
"044340","위닉스","22","1160","1138","397100","20927900","20530800"
"138070","신진에스엠","0","3343","3343","0","20484820","20484820"
"246690","TS인베스트먼트","0","8097","8097","0","19999260","19999260"
"021650","한국큐빅","47","5449","5402","171900","19997250","19825350"
"071460","위니아딤채","0","5000","5000","0","19695000","19695000"
"080470","성창오토텍","0","2600","2600","0","19452400","19452400"
"069140","누리플랜","0","3100","3100","0","19147930","19147930"
"187790","나노","0","12000","12000","0","19115000","19115000"
"045520","크린앤사이언스","8","1002","994","151600","18975400","18823800"
"131030","디에이치피코리아","0","2500","2500","0","18270000","18270000"
"347700","라이프시맨틱스","0","2000","2000","0","17063340","17063340"
"036560","영풍정밀","0","1946","1946","0","17003630","17003630"
"363250","진시스템","0","1740","1740","0","16842400","16842400"
"065350","신성델타테크","0","1240","1240","0","16695800","16695800"
"026040","제이에스티나","0","5179","5179","0","16511180","16511180"
"262840","아이퀘스트","0","1800","1800","0","16308510","16308510"
"393360","신한제8호스팩","500","8145","7645","1050000","17104500","16054500"
"290670","대보마그네틱","0","319","319","0","15948150","15948150"
"038500","삼표시멘트","23502","26960","3458","108666680","124577060","15910380"
"220260","켐트로스","2","1577","1575","19580","15500490","15480910"
"021320","KCC건설","0","1904","1904","0","15255280","15255280"
"053050","지에스이","89188","91258","2070","560798130","575832410","15034280"
"089010","켐트로닉스","6","545","539","162600","15163100","15000500"
"083650","비에이치아이","112","3371","3259","491785","14834085","14342300"
"052600","한네트","14971","16750","1779","127926540","142232620","14306080"
"036180","지더블유바이텍","0","6330","6330","0","14087700","14087700"
"400560","하나금융20호스팩","0","5898","5898","0","13697550","13697550"
"050960","수산아이앤티","140","1040","900","1890200","14366550","12476350"
"300080","플리토","0","300","300","0","12090000","12090000"
"282880","코윈테크","0","416","416","0","11384100","11384100"
"059090","미코","33","1042","1009","366300","11571000","11204700"
"059100","아이컴포넌트","82","1912","1830","486990","11317080","10830090"
"046110","한일네트웍스","0","1477","1477","0","10545780","10545780"
"349720","이베스트스팩5호","0","5000","5000","0","10500000","10500000"
"019010","베뉴지","0","5000","5000","0","10312500","10312500"
"164060","이루다","0","870","870","0","10005000","10005000"
"017510","세명전기","97","2530","2433","397215","10399270","10002055"
"049470","SGA","0","9803","9803","0","9999060","9999060"
"067570","엔브이에이치코리아","0","2610","2610","0","9996300","9996300"
"042370","비츠로테크","0","1225","1225","0","9996000","9996000"
"017890","한국알콜","0","904","904","0","9989200","9989200"
"005990","매일홀딩스","0","968","968","0","9038230","9038230"
"123040","엠에스오토텍","2000","3682","1682","10960000","19992660","9032660"
"047820","초록뱀미디어","0","3390","3390","0","8551865","8551865"
"003310","대주산업","2972","7494","4522","5332375","13819240","8486865"
"218150","미래생명자원","65920","65780","-140","481466750","489924490","8457740"
"373200","하인크코리아","352","3860","3508","788500","8988785","8200285"
"900110","이스트아시아홀딩스","149557","199246","49689","23921011","32071003","8149992"
"033160","엠케이전자","0","520","520","0","7917000","7917000"
"091580","상신이디피","1","540","539","14650","7848800","7834150"
"025900","동화기업","5012","5080","68","348196400","355985600","7789200"
"038070","서린바이오","37","500","463","599400","8123750","7524350"
"005710","대원산업","14","1202","1188","85170","7296140","7210970"
"059270","해성티피씨","0","999","999","0","7070510","7070510"
"222980","한국맥널티","0","1000","1000","0","7028000","7028000"
"293580","나우IB","0","758","758","0","6979580","6979580"
"045100","한양이엔지","343","777","434","5119650","11548600","6428950"
"317120","라닉스","11","758","747","89870","6413800","6323930"
"065570","삼영이엔씨","0","763","763","0","5980580","5980580"
"024740","한일단조","211","2000","1789","696300","6535000","5838700"
"140070","서플러스글로벌","0","1313","1313","0","5691820","5691820"
"115500","케이씨에스","27","834","807","178470","5611420","5432950"
"318000","한국바이오젠","0","682","682","0","5387800","5387800"
"037950","엘컴텍","87947","87718","-229","134940345","140171370","5231025"
"227100","에이치앤비디자인","395","1120","725","2751310","7944380","5193070"
"216050","인크로스","5","127","122","211000","5365900","5154900"
"277880","티에스아이","1","452","451","11100","4959150","4948050"
"079970","투비소프트","506","3526","3020","809225","5562260","4753035"
"302430","이노메트리","5","343","338","68000","4670450","4602450"
"101400","엔시트론","20120","23118","2998","25198435","29676945","4478510"
"041930","동아화성","0","443","443","0","4426420","4426420"
"094360","칩스앤미디어","0","210","210","0","4295000","4295000"
"299900","위지윅스튜디오","5026","5108","82","166015100","170250200","4235100"
"200350","래몽래인","7000","7260","260","123086400","127293750","4207350"
"053980","오상자이엘","0","600","600","0","4095000","4095000"
"310200","애니플러스","0","839","839","0","3780895","3780895"
"104460","디와이피엔에프","4","106","102","149000","3918100","3769100"
"388220","하나금융19호스팩","0","1712","1712","0","3620880","3620880"
"106190","하이텍팜","1","304","303","11400","3582150","3570750"
"064850","에프앤가이드","0","375","375","0","3562720","3562720"
"331520","교보9호스팩","0","1635","1635","0","3433500","3433500"
"343510","하나금융16호스팩","0","1600","1600","0","3424000","3424000"
"119610","인터로조","0","111","111","0","3407400","3407400"
"367360","DB금융스팩9호","0","1600","1600","0","3400000","3400000"
"114450","KPX생명과학","473","1005","532","3125220","6485750","3360530"
"190650","코리아에셋투자증권","0","280","280","0","3238150","3238150"
"226400","오스테오닉","0","1000","1000","0","3168910","3168910"
"241520","DSC인베스트먼트","0","500","500","0","2850000","2850000"
"388800","유진스팩7호","400","1600","1200","843965","3376000","2532035"
"083790","크리스탈지노믹스","438","852","414","2487760","4847880","2360120"
"040910","아이씨디","135","366","231","1363500","3681300","2317800"
"122990","와이솔","324","537","213","3288600","5473500","2184900"
"092300","현우산업","812","1200","388","4569270","6577280","2008010"
"241820","피씨엘","47","91","44","2023150","3964900","1941750"
"221980","케이디켐","0","120","120","0","1899350","1899350"
"021080","에이티넘인베스트","8","378","370","40400","1934450","1894050"
"216080","제테마","90","179","89","1795850","3619750","1823900"
"353810","이지바이오","14506","14509","3","67017740","68791810","1774070"
"321550","티움바이오","109","216","107","1760550","3509800","1749250"
"025320","시노펙스","0","632","632","0","1659490","1659490"
"206640","바디텍메드","120","237","117","1674000","3323700","1649700"
"261780","차백신연구소","0","200","200","0","1556040","1556040"
"334970","프레스티지바이오로직스","204","406","202","1513680","3036400","1522720"
"185490","아이진","118","235","117","1461200","2959750","1498550"
"035890","서희건설","1276","2209","933","2052335","3514220","1461885"
"308080","바이젠셀","0","55","55","0","1419000","1419000"
"048910","대원미디어","0","81","81","0","1391850","1391850"
"131290","티에스이","3339","3353","14","211295500","212584800","1289300"
"095190","이엠코리아","0","373","373","0","1230015","1230015"
"263050","유틸렉스","67","135","68","1199950","2427250","1227300"
"377030","맥스트","224","250","26","9291900","10483300","1191400"
"032620","유비케어","166","334","168","1106950","2238870","1131920"
"065660","안트로젠","68","115","47","1635450","2760250","1124800"
"086890","이수앱지스","163","327","164","1087210","2196990","1109780"
"377400","하이제6호스팩","0","516","516","0","1088760","1088760"
"126880","제이엔케이히터","0","188","188","0","1044220","1044220"
"039240","경남스틸","0","275","275","0","1016125","1016125"
"043610","지니뮤직","0","197","197","0","951820","951820"
"215360","우리산업","0","53","53","0","948500","948500"
"086980","쇼박스","0","183","183","0","908370","908370"
"201490","미투온","0","159","159","0","862260","862260"
"015710","코콤","0","140","140","0","823200","823200"
"037370","EG","0","69","69","0","802750","802750"
"036190","금화피에스시","17","40","23","535500","1259900","724400"
"072870","메가스터디","29","85","56","354250","1037850","683600"
"009520","포스코엠텍","698","796","98","5046230","5722050","675820"
"030520","한글과컴퓨터","0","32","32","0","624550","624550"
"151860","KG ETS","29","86","57","313200","928800","615600"
"036800","나이스정보통신","13","35","22","359350","967900","608550"
"270520","지엔원에너지","1954","2141","187","4846825","5443130","596305"
"102120","어보브반도체","0","47","47","0","576000","576000"
"089140","넥스턴바이오","4055","4055","0","20776985","21336060","559075"
"123420","선데이토즈","0","22","22","0","540100","540100"
"095910","에스에너지","0","146","146","0","524040","524040"
"105740","디케이락","0","44","44","0","468000","468000"
"032300","한국파마","38","49","11","1331900","1739900","408000"
"020400","대동금속","43","86","43","399470","805390","405920"
"044180","KD","384","770","386","387270","792805","405535"
"173130","오파스넷","112","224","112","394200","798000","403800"
"043340","에쎈테크","363","728","365","397485","800790","403305"
"081150","티플랙스","3397","3397","0","15533065","15916515","383450"
"048550","SM C&C","89","180","91","334195","716670","382475"
"005860","한일사료","7974","7974","0","17086195","17466400","380205"
"255220","SG","0","195","195","0","378300","378300"
"011370","서한","143","386","243","215215","580930","365715"
"143160","아이디스","14","29","15","311500","644000","332500"
"094480","갤럭시아머니트리","17","51","34","164730","494050","329320"
"068930","디지털대성","2096","2132","36","16973900","17292690","318790"
"123860","아나패스","0","13","13","0","311950","311950"
"083930","아바코","21","49","28","227850","531650","303800"
"060240","룽투코리아","0","50","50","0","293970","293970"
"225220","제놀루션","15","38","23","189000","475050","286050"
"200670","휴메딕스","7","20","13","146300","417950","271650"
"200710","에이디테크놀로지","0","14","14","0","259000","259000"
"064820","케이프","35","93","58","155750","413825","258075"
"058400","KNN","0","209","209","0","256095","256095"
"950190","미투젠","0","14","14","0","244350","244350"
"084730","팅크웨어","0","14","14","0","228850","228850"
"200230","텔콘RF제약","0","103","103","0","224020","224020"
"033130","디지틀조선","0","71","71","0","215220","215220"
"367480","유안타제8호스팩","0","100","100","0","210500","210500"
"047080","한빛소프트","8","53","45","39920","250195","210275"
"950130","엑세스바이오","0","12","12","0","209050","209050"
"037460","삼지전자","43","59","16","468700","643250","174550"
"052220","iMBC","0","41","41","0","171805","171805"
"030350","드래곤플라이","0","77","77","0","160185","160185"
"288620","에스퓨얼셀","29","36","7","639900","792450","152550"
"303530","이노뎁","0","8","8","0","148300","148300"
"085670","뉴프렉스","0","30","30","0","141845","141845"
"189330","씨이랩","0","6","6","0","138300","138300"
"181340","이즈미디어","0","11","11","0","128450","128450"
"214870","뉴지랩파마","0","14","14","0","126920","126920"
"073110","엘엠에스","618","618","0","5887620","6013330","125710"
"053300","한국정보인증","29","49","20","182410","306250","123840"
"322310","오로스테크놀로지","0","5","5","0","112500","112500"
"348030","모비릭스","3","9","6","52050","157500","105450"
"046140","SBS콘텐츠허브","0","15","15","0","104380","104380"
"171090","선익시스템","0","6","6","0","101350","101350"
"206400","베노홀딩스","0","19","19","0","86835","86835"
"023770","플레이위드","6","13","7","56820","122130","65310"
"052790","액토즈소프트","5","10","5","59500","119200","59700"
"136480","하림","0","20","20","0","58100","58100"
"012340","뉴인텍","0","15","15","0","51020","51020"
"053580","웹케시","0","2","2","0","46700","46700"
"082800","비보존 헬스케어","0","40","40","0","39120","39120"
"086960","한컴MDS","2","4","2","37000","74050","37050"
"016920","카스","273","273","0","920010","955500","35490"
"138580","비즈니스온","0","3","3","0","33000","33000"
"012700","리드코프","0","4","4","0","32440","32440"
"038870","에코바이오","0","5","5","0","30740","30740"
"078890","가온미디어","20","22","2","244000","268700","24700"
"095500","미래나노텍","0","2","2","0","15260","15260"
"018290","브이티지엠피","0","2","2","0","13820","13820"
"051980","중앙디앤엠","1182","1182","0","550981","564023","13042"
"004590","한국가구","0","2","2","0","11000","11000"
"004780","대륙제관","0","2","2","0","10460","10460"
"067170","오텍","0","1","1","0","10050","10050"
"217730","강스템바이오텍","0","3","3","0","8880","8880"
"078150","HB테크놀러지","0","4","4","0","8800","8800"
"219750","지티지웰니스","391","391","0","488175","496935","8760"
"037330","인지디스플레","0","3","3","0","8160","8160"
"035810","이지홀딩스","0","2","2","0","8000","8000"
"060230","얍엑스","0","6","6","0","7230","7230"
"047310","파워로직스","0","1","1","0","6970","6970"
"005160","동국산업","13","15","2","42535","48930","6395"
"065650","메디프론","1","4","3","2080","8315","6235"
"049180","셀루메드","0","1","1","0","5870","5870"
"144960","뉴파워프라즈마","0","1","1","0","5610","5610"
"066700","테라젠이텍스","0","1","1","0","5150","5150"
"099220","SDN","0","3","3","0","5040","5040"
"074430","아미노로직스","0","2","2","0","3865","3865"
"090710","휴림로봇","0","4","4","0","3805","3805"
"239340","줌인터넷","57","57","0","251295","254555","3260"
"038880","아이에이","2","5","3","2020","5050","3030"
"064800","젬백스링크","0","2","2","0","2940","2940"
"052420","오성첨단소재","0","1","1","0","2260","2260"
"195990","에이비프로바이오","2","5","3","1460","3685","2225"
"088910","동우팜투테이블","20","20","0","64400","66150","1750"
"332370","아이디피","51","51","0","395890","397290","1400"
"054670","대한뉴팜","6","6","0","66900","68200","1300"
"250930","예선테크","212","212","0","399620","400680","1060"
"128660","피제이메탈","20","20","0","119640","120240","600"
"060480","국일신동","116","116","0","400200","400780","580"
"226440","한송네오텍","40","40","0","82400","82900","500"
"001540","안국약품","3","3","0","34050","34500","450"
"056090","유앤아이","1","1","0","21400","21700","300"
"267320","나인테크","7","7","0","24360","24570","210"
"211270","AP위성","0","0","0","0","0","0"
"083660","CSA 코스믹","0","0","0","0","0","0"
"367340","DB금융스팩8호","0","0","0","0","0","0"
"335870","IBKS제12호스팩","0","0","0","0","0","0"
"337450","SK5호스팩","0","0","0","0","0","0"
"340350","SK6호스팩","0","0","0","0","0","0"
"014200","광림","0","0","0","0","0","0"
"355150","교보10호스팩","0","0","0","0","0","0"
"204020","그리티","0","0","0","0","0","0"
"091590","남화토건","0","0","0","0","0","0"
"397500","대신밸런스제11호스팩","0","0","0","0","0","0"
"060380","동양에스텍","0","0","0","0","0","0"
"113810","디젠스","0","0","0","0","0","0"
"353490","미래에셋대우스팩 5호","0","0","0","0","0","0"
"314930","바이오다인","0","0","0","0","0","0"
"086040","바이오톡스텍","0","0","0","0","0","0"
"099390","브레인즈컴퍼니","0","0","0","0","0","0"
"033560","블루콤","0","0","0","0","0","0"
"329560","상상인이안제2호스팩","0","0","0","0","0","0"
"084180","수성이노베이션","0","0","0","0","0","0"
"344050","신영스팩6호","0","0","0","0","0","0"
"333050","신한제6호스팩","0","0","0","0","0","0"
"246720","아스타","0","0","0","0","0","0"
"078860","아이오케이","0","0","0","0","0","0"
"052460","아이크래프트","0","0","0","0","0","0"
"179530","애드바이오텍","0","0","0","0","0","0"
"217480","에스디생명공학","0","0","0","0","0","0"
"060540","에스에이티","0","0","0","0","0","0"
"234300","에스트래픽","0","0","0","0","0","0"
"003800","에이스침대","0","0","0","0","0","0"
"353070","에이치엠씨제4호스팩","0","0","0","0","0","0"
"353060","에이치엠씨제5호스팩","0","0","0","0","0","0"
"071670","에이테크솔루션","0","0","0","0","0","0"
"333620","엔시스","0","0","0","0","0","0"
"138690","엘아이에스","0","0","0","0","0","0"
"036000","예림당","0","0","0","0","0","0"
"045060","오공","0","0","0","0","0","0"
"024800","유성티엔에스","0","0","0","0","0","0"
"263770","유에스티","0","0","0","0","0","0"
"043910","자연과환경","0","0","0","0","0","0"
"054950","제이브이엠","1","1","0","14350","14350","0"
"322510","제이엘케이","0","0","0","0","0","0"
"330990","케이비제19호스팩","0","0","0","0","0","0"
"342550","케이비제20호스팩","0","0","0","0","0","0"
"083550","케이엠","0","0","0","0","0","0"
"126600","코프라","0","0","0","0","0","0"
"065690","파커스","145","145","0","399475","399475","0"
"335810","프리시젼바이오","0","0","0","0","0","0"
"372290","하나머스트7호스팩","0","0","0","0","0","0"
"023760","한국캐피탈","0","0","0","0","0","0"
"256150","한독크린텍","0","0","0","0","0","0"
"064240","홈캐스트","0","0","0","0","0","0"
"305090","마이크로디지탈","1","1","0","14000","13850","-150"
"354200","엔젠바이오","1","1","0","11600","11450","-150"
"114570","지스마트글로벌","3","0","-3","182","0","-182"
"340930","유일에너테크","3","3","0","60600","60400","-200"
"008470","부스타","74","74","0","401080","399600","-1480"
"029480","릭스솔루션","43","43","0","40678","39173","-1505"
"051780","큐로홀딩스","781","781","0","402215","400653","-1562"
"351340","IBKS제13호스팩","1","0","-1","2150","0","-2150"
"007370","진양제약","61","61","0","404430","401990","-2440"
"333430","일승","1","0","-1","2450","0","-2450"
"122350","삼기","12","11","-1","51000","46920","-4080"
"101390","아이엠","1","0","-1","6170","0","-6170"
"212560","네오오토","1","0","-1","7150","0","-7150"
"038620","위즈코프","5","0","-5","8850","0","-8850"
"156100","엘앤케이바이오","1","0","-1","9130","0","-9130"
"338220","뷰노","1","0","-1","10000","0","-10000"
"104540","코렌텍","1","0","-1","10400","0","-10400"
"046210","파나진","4","1","-3","16040","4010","-12030"
"300120","라온피플","2","1","-1","25500","12700","-12800"
"109820","진매트릭스","2","0","-2","13280","0","-13280"
"071200","인피니트헬스케어","2","0","-2","13320","0","-13320"
"039860","나노엔텍","2","0","-2","13440","0","-13440"
"032860","휴먼엔","117","117","0","414280","400725","-13555"
"214610","미코바이오메드","2","0","-2","14600","0","-14600"
"317690","퀀타매트릭스","3","1","-2","24230","8060","-16170"
"263700","케어랩스","2","0","-2","16360","0","-16360"
"122310","제노레이","2","0","-2","19700","0","-19700"
"048870","시너지이노베이션","7","1","-6","24885","3555","-21330"
"304840","피플바이오","2","0","-2","21900","0","-21900"
"230980","에이트원","18","4","-14","30510","6520","-23990"
"099190","아이센스","3","2","-1","78550","52700","-25850"
"073010","케이에스피","17","0","-17","29225","0","-29225"
"253840","수젠텍","2","0","-2","34700","0","-34700"
"192440","슈피겐코리아","21","20","-1","891450","849000","-42450"
"073540","에프알텍","17","1","-16","52020","3060","-48960"
"093190","빅솔론","8","0","-8","49600","0","-49600"
"376190","엘비루셈","7","0","-7","72100","0","-72100"
"263720","디앤씨미디어","46","43","-3","1385300","1311000","-74300"
"034950","한국기업평가","1","0","-1","78000","0","-78000"
"064090","에프앤리퍼블릭","38","0","-38","82735","0","-82735"
"017250","인터엠","73","0","-73","88085","0","-88085"
"115440","우리넷","12","1","-11","106800","8960","-97840"
"100790","미래에셋벤처투자","10","0","-10","99700","0","-99700"
"204620","글로벌텍스프리","31","0","-31","104920","0","-104920"
"215790","이노인스트루먼트","59","1","-58","107380","1820","-105560"
"100590","머큐리","15","0","-15","110400","0","-110400"
"025870","신라에스지","11","0","-11","112400","0","-112400"
"036630","세종텔레콤","234","0","-234","116766","0","-116766"
"010470","오리콤","20","0","-20","118760","0","-118760"
"256630","포인트엔지니어링","40","0","-40","119800","0","-119800"
"242040","나무기술","50","0","-50","124500","0","-124500"
"013120","동원개발","471","445","-26","2259920","2129455","-130465"
"131180","딜리","59","0","-59","131840","0","-131840"
"065770","CS","49","0","-49","132545","0","-132545"
"079940","가비아","11","0","-11","139850","0","-139850"
"024950","삼천리자전거","11","0","-11","141900","0","-141900"
"160980","싸이맥스","10","1","-9","162000","16150","-145850"
"038290","마크로젠","27","21","-6","688100","541550","-146550"
"069410","엔텔스","20","1","-19","157400","7900","-149500"
"087600","픽셀플러스","14","0","-14","149900","0","-149900"
"130580","나이스디앤비","18","0","-18","168120","0","-168120"
"080520","오디텍","24","0","-24","173470","0","-173470"
"031510","오스템","93","0","-93","188875","0","-188875"
"122450","KMH","30","1","-29","216880","7240","-209640"
"049080","기가레인","107","1","-106","220955","2050","-218905"
"053270","구영테크","91","0","-91","260825","0","-260825"
"264450","유비쿼스","14","0","-14","283500","0","-283500"
"388790","IBKS제16호스팩","150","0","-150","322175","0","-322175"
"021880","메이슨캐피탈","677","0","-677","339401","0","-339401"
"119850","지엔씨에너지","175","96","-79","765570","415715","-349855"
"061040","알에프텍","65","1","-64","356850","5500","-351350"
"096870","엘디티","81","0","-81","367385","0","-367385"
"175140","인포마크","50","0","-50","394440","0","-394440"
"332570","와이팜","60","2","-58","452820","15110","-437710"
"175250","아이큐어","35","0","-35","456750","0","-456750"
"039560","다산네트웍스","75","1","-74","471390","6320","-465070"
"265740","엔에프씨","740","700","-40","9546000","9030000","-516000"
"290270","휴네시온","99","0","-99","532620","0","-532620"
"047920","HLB제약","52","0","-52","538200","0","-538200"
"100130","동국S&C","198","93","-105","1059280","504030","-555250"
"273640","와이엠텍","17","0","-17","567600","0","-567600"
"203400","에이비온","57","0","-57","568860","0","-568860"
"396770","엔에이치스팩22호","285","0","-285","599930","0","-599930"
"115450","HLB테라퓨틱스","49","0","-49","605150","0","-605150"
"258830","세종메디칼","127","0","-127","620375","0","-620375"
"011040","경동제약","63","2","-61","658350","20900","-637450"
"137950","제이씨케미칼","76","0","-76","650400","0","-650400"
"227610","아우딘퓨쳐스","434","0","-434","651005","0","-651005"
"079960","동양이엔피","39","0","-39","658050","0","-658050"
"094170","동운아나텍","1000","906","-94","7170400","6497130","-673270"
"023460","CNH","311","3","-308","692255","6645","-685610"
"126340","비나텍","45","25","-20","1693900","940600","-753300"
"208350","지란지교시큐리티","143","0","-143","769940","0","-769940"
"389030","지니너스","123","43","-80","1231000","445050","-785950"
"018310","삼목에스폼","49","0","-49","801250","0","-801250"
"121440","골프존뉴딘홀딩스","1461","1338","-123","11750810","10771760","-979050"
"323230","엠에프엠코리아","772","0","-772","1036090","0","-1036090"
"060570","드림어스컴퍼니","242","0","-242","1072060","0","-1072060"
"066430","와이오엠","2622","2116","-506","6927950","5831915","-1096035"
"226360","KH E&T","10476","8687","-1789","9136024","7932687","-1203337"
"217620","디딤","1049","0","-1049","1208410","0","-1208410"
"001840","이화공영","246","0","-246","1255910","0","-1255910"
"214310","에스엘바이오닉스","398","0","-398","1339025","0","-1339025"
"038060","루멘스","1187","0","-1187","1364605","0","-1364605"
"093920","서원인텍","270","42","-228","1667820","259570","-1408250"
"217270","넵튠","200","125","-75","3950000","2452150","-1497850"
"014570","고려제약","180","0","-180","1504480","0","-1504480"
"052860","아이앤씨","449","0","-449","1535580","0","-1535580"
"006920","모헨즈","344","0","-344","1619780","0","-1619780"
"101330","모베이스","472","0","-472","1756950","0","-1756950"
"317850","대모","370","0","-370","1798200","0","-1798200"
"080010","이상네트웍스","303","55","-248","2250430","403150","-1847280"
"171010","램테크놀러지","276","0","-276","2012040","0","-2012040"
"042600","새로닉스","100","0","-100","2055000","0","-2055000"
"377330","이지트로닉스","910","800","-110","15916050","13760000","-2156050"
"013030","하이록코리아","133","0","-133","2175050","0","-2175050"
"065150","엠피대산","3316","0","-3316","2493799","0","-2493799"
"168330","내츄럴엔도텍","436","0","-436","2551800","0","-2551800"
"089600","나스미디어","134","37","-97","3704000","1023050","-2680950"
"260970","에스앤디","144","0","-144","2764800","0","-2764800"
"114120","크루셜텍","2578","0","-2578","3026720","0","-3026720"
"253590","네오셈","971","0","-971","3059240","0","-3059240"
"367460","유안타제7호스팩","1446","0","-1446","3097210","0","-3097210"
"228850","레이언스","286","0","-286","3246550","0","-3246550"
"250060","모비스","1640","0","-1640","3653660","0","-3653660"
"038010","제일테크노스","622","0","-622","3666860","0","-3666860"
"130740","티피씨글로벌","1007","0","-1007","3679180","0","-3679180"
"119860","다나와","4531","4353","-178","101662100","97960250","-3701850"
"106520","노블엠앤비","893","0","-893","3873120","0","-3873120"
"189690","포시에스","447","0","-447","4020980","0","-4020980"
"082210","옵트론텍","575","2","-573","4078910","14160","-4064750"
"207760","미스터블루","534","31","-503","4346570","250810","-4095760"
"018680","서울제약","650","0","-650","4424160","0","-4424160"
"208370","셀바스헬스케어","1594","0","-1594","5051785","0","-5051785"
"035200","프럼파스트","1017","0","-1017","5440120","0","-5440120"
"079810","디이엔티","1000","0","-1000","5667030","0","-5667030"
"038530","골드퍼시픽","5280","0","-5280","6016140","0","-6016140"
"299170","더블유에스아이","2460","0","-2460","6123090","0","-6123090"
"118990","모트렉스","1031","0","-1031","6144760","0","-6144760"
"128540","에코캡","636","0","-636","6225160","0","-6225160"
"079190","EMW","5242","14","-5228","6661400","22400","-6639000"
"177350","베셀","6120","4548","-1572","29124775","22362655","-6762120"
"251970","펌텍코리아","936","539","-397","16457050","9636150","-6820900"
"400840","하이제7호스팩","8178","4664","-3514","17173815","9794400","-7379415"
"226340","본느","3039","0","-3039","7517175","0","-7517175"
"035620","바른손이앤에이","5661","0","-5661","7631820","0","-7631820"
"222040","코스맥스엔비티","1317","0","-1317","7930880","0","-7930880"
"016100","리더스코스메틱","3492","0","-3492","8339715","0","-8339715"
"017480","삼현철강","1404","0","-1404","8353800","0","-8353800"
"225330","씨엠에스에듀","1731","500","-1231","11770800","3406040","-8364760"
"182360","큐브엔터","2935","2468","-467","57330000","48793950","-8536050"
"050890","쏠리드","1421","41","-1380","8878510","257070","-8621440"
"302550","리메드","400","0","-400","8660000","0","-8660000"
"054300","팬스타엔터프라이즈","10375","0","-10375","8748116","0","-8748116"
"159580","제로투세븐","1973","979","-994","17699790","8888910","-8810880"
"027050","코리아나","5275","2929","-2346","21569535","12039835","-9529700"
"205100","엑셈","2480","0","-2480","9705755","0","-9705755"
"366330","신한제7호스팩","5001","0","-5001","10452095","0","-10452095"
"125210","아모그린텍","1000","0","-1000","10600000","0","-10600000"
"023900","풍국주정","664","37","-627","11292600","640250","-10652350"
"109610","에스와이","3075","8","-3067","10846525","28680","-10817845"
"011080","형지I&C","9171","0","-9171","10984330","0","-10984330"
"034810","해성산업","1003","40","-963","12340950","495500","-11845450"
"347740","피엔케이피부임상연구센타","682","0","-682","12276000","0","-12276000"
"290090","트윔","618","0","-618","12420650","0","-12420650"
"014620","성광벤드","1730","0","-1730","13442210","0","-13442210"
"022220","정산애강","7024","0","-7024","13700665","0","-13700665"
"086710","선진뷰티사이언스","736","0","-736","13915550","0","-13915550"
"078140","대봉엘에스","1550","0","-1550","14169030","0","-14169030"
"014190","원익큐브","4523","0","-4523","14207245","0","-14207245"
"404950","DB금융스팩10호","6822","0","-6822","14349550","0","-14349550"
"078940","코드네이처","7012","0","-7012","14384630","0","-14384630"
"096040","이트론","44001","0","-44001","15760753","0","-15760753"
"039440","에스티아이","3305","2319","-986","56450250","39844050","-16606200"
"075970","동국알앤에스","4085","0","-4085","16921985","0","-16921985"
"108860","셀바스AI","2358","0","-2358","18148070","0","-18148070"
"086670","비엠티","1692","0","-1692","18377000","0","-18377000"
"148250","알엔투테크놀로지","2126","500","-1626","24122950","5729100","-18393850"
"090150","아이윈","7692","0","-7692","18868480","0","-18868480"
"336060","유안타제5호스팩","5976","0","-5976","19020720","0","-19020720"
"052260","현대바이오랜드","2396","1191","-1205","40348250","20330150","-20018100"
"317530","캐리소프트","2000","0","-2000","20258300","0","-20258300"
"294140","레몬","4000","0","-4000","20929850","0","-20929850"
"314130","지놈앤컴퍼니","1068","136","-932","27950250","3566250","-24384000"
"126700","하이비젼시스템","1232","11","-1221","24943600","221700","-24721900"
"225530","보광산업","3858","0","-3858","25563370","0","-25563370"
"290720","푸드나무","1668","628","-1040","41201650","15603050","-25598600"
"276040","스코넥","1000","0","-1000","25800000","0","-25800000"
"078160","메디포스트","2605","1208","-1397","50742200","24087000","-26655200"
"121800","비덴트","1744","6","-1738","27152000","92450","-27059550"
"243070","휴온스","4487","3829","-658","196017650","168183700","-27833950"
"101360","이엔드디","1486","274","-1212","34165350","6317800","-27847550"
"032850","비트컴퓨터","3368","161","-3207","29456440","1435170","-28021270"
"215100","로보로보","5000","1270","-3730","40100000","10007600","-30092400"
"089530","에이티세미콘","25223","0","-25223","30529315","0","-30529315"
"052300","초록뱀컴퍼니","29901","0","-29901","30943410","0","-30943410"
"186230","그린플러스","2248","0","-2248","31599200","0","-31599200"
"340570","티앤엘","833","0","-833","31891800","0","-31891800"
"206560","덱스터","1813","109","-1704","34540600","2088950","-32451650"
"267980","매일유업","2264","1758","-506","151553500","118019900","-33533600"
"199820","제일전기공업","2500","0","-2500","35025000","0","-35025000"
"357550","석경에이티","2450","0","-2450","37310300","0","-37310300"
"068050","팬엔터테인먼트","8796","315","-8481","39043665","1413885","-37629780"
"225590","패션플랫폼","19193","1093","-18100","40785650","2299920","-38485730"
"099750","이지케어텍","1010","48","-962","40955700","1970550","-38985150"
"307280","원바이오젠","22000","0","-22000","39212500","0","-39212500"
"239610","에이치엘사이언스","1400","0","-1400","39306100","0","-39306100"
"063170","서울옥션","1910","0","-1910","39983800","0","-39983800"
"287410","제이시스메디칼","29473","24139","-5334","228427910","187557740","-40870170"
"260930","씨티케이","4854","977","-3877","51350100","10471650","-40878450"
"137940","넥스트아이","34247","0","-34247","43240580","0","-43240580"
"096240","청담러닝","4622","3272","-1350","151914950","107839950","-44075000"
"006730","서부T&D","15851","10699","-5152","139338510","94096400","-45242110"
"229000","젠큐릭스","3788","0","-3788","47363900","0","-47363900"
"204270","제이앤티씨","9501","1884","-7617","60766550","12029370","-48737180"
"067310","하나마이크론","45991","42852","-3139","830845650","781041800","-49803850"
"078020","이베스트투자증권","8840","1871","-6969","66006130","13979960","-52026170"
"092870","엑시콘","15302","11318","-3984","200717300","148634000","-52083300"
"099430","바이오플러스","5200","3163","-2037","133473650","81266150","-52207500"
"041920","메디아나","7568","0","-7568","52934800","0","-52934800"
"080720","한국유니온제약","5245","0","-5245","53415860","0","-53415860"
"053800","안랩","4320","3528","-792","292630700","238960600","-53670100"
"031860","엔에스엔","40647","64","-40583","54545070","82080","-54462990"
"257720","실리콘투","3049","0","-3049","56452400","0","-56452400"
"311320","지오엘리먼트","2730","0","-2730","59648900","0","-59648900"
"297090","씨에스베어링","5048","107","-4941","61139850","1325050","-59814800"
"297890","HB솔루션","6297","2798","-3499","109146750","48912300","-60234450"
"199800","툴젠","1187","0","-1187","60903700","0","-60903700"
"382840","원준","690","20","-670","65289800","1902000","-63387800"
"085910","네오티스","14404","2000","-12404","74256970","10435000","-63821970"
"058110","멕아이씨에스","7236","0","-7236","63932580","0","-63932580"
"051360","토비스","33088","26295","-6793","325980550","258020780","-67959770"
"068240","다원시스","15273","12762","-2511","425461100","356785150","-68675950"
"092190","서울바이오시스","8463","1919","-6544","88831550","20115550","-68716000"
"183300","코미코","4918","3559","-1359","252859000","183464200","-69394800"
"196700","웹스","12750","0","-12750","69430040","0","-69430040"
"131370","알서포트","17408","6169","-11239","107802260","37999390","-69802870"
"030530","원익홀딩스","21379","5395","-15984","96760755","24413015","-72347740"
"033310","엠투엔","15391","3232","-12159","96722730","20161470","-76561260"
"151910","나노스","25371","5509","-19862","97899905","21047400","-76852505"
"143240","사람인에이치알","2769","730","-2039","104968500","27702350","-77266150"
"290510","코리아센터","15684","3119","-12565","96590770","19217300","-77373470"
"000440","중앙에너비스","3033","1","-3032","77909750","26100","-77883650"
"108230","톱텍","12576","3126","-9450","103507560","25579390","-77928170"
"029960","코엔텍","12361","2485","-9876","98887940","19877760","-79010180"
"022100","포스코 ICT","35554","21451","-14103","201086440","121148310","-79938130"
"179290","엠아이텍","24546","12634","-11912","168629240","87678830","-80950410"
"142280","녹십자엠에스","10130","1130","-9000","91822110","10217720","-81604390"
"084110","휴온스글로벌","3410","703","-2707","103016250","21203300","-81812950"
"027360","아주IB투자","27537","5597","-21940","103400440","20924205","-82476235"
"241790","오션브릿지","32651","26666","-5985","489454000","405876500","-83577500"
"376290","씨유테크","12444","0","-12444","83735920","0","-83735920"
"032190","다우데이타","7976","1425","-6551","104322050","18599300","-85722750"
"089980","상아프론테크","8649","6431","-2218","342662850","256766200","-85896650"
"131390","원익피앤이","4401","1143","-3258","117138550","30276300","-86862250"
"317240","TS트릴리온","108669","36834","-71835","131279815","44164520","-87115295"
"045390","대아티아이","36064","17391","-18673","170029175","81866505","-88162670"
"245620","EDGC","22000","507","-21493","91129145","2080845","-89048300"
"372800","아이티아이즈","6244","0","-6244","90433900","0","-90433900"
"138080","오이솔루션","4447","877","-3570","120769700","23805150","-96964550"
"214450","파마리서치","13746","12551","-1195","1172730700","1075638100","-97092600"
"025980","아난티","35222","24669","-10553","324606590","226744990","-97861600"
"352480","씨앤씨인터내셔널","13545","9000","-4545","310981050","207315400","-103665650"
"064260","다날","10662","142","-10520","105637170","1394170","-104243000"
"234340","세틀뱅크","4007","0","-4007","105185850","0","-105185850"
"276730","제주맥주","36050","8","-36042","107705730","25360","-107680370"
"382480","지아이텍","5271","0","-5271","109184750","0","-109184750"
"047560","이스트소프트","7916","4","-7912","111446450","55600","-111390850"
"299660","셀리드","4256","887","-3369","141439450","29305200","-112134250"
"052400","코나아이","6102","1238","-4864","148498150","30146200","-118351950"
"051160","지어소프트","7524","0","-7524","118891800","0","-118891800"
"018000","유니슨","62531","11954","-50577","147247255","28093645","-119153610"
"265520","AP시스템","7111","1400","-5711","153538900","30208400","-123330500"
"110790","크리스에프앤씨","6846","3855","-2991","285257100","160614700","-124642400"
"169330","엠브레인","10617","0","-10617","126041050","0","-126041050"
"035600","KG이니시스","9523","2231","-7292","165170500","38596800","-126573700"
"015750","성우하이텍","32858","6491","-26367","160050650","31579790","-128470860"
"347000","센코","9115","0","-9115","128869050","0","-128869050"
"025550","한국선재","29862","0","-29862","136365465","0","-136365465"
"347860","알체라","5433","12","-5421","137480950","302750","-137178200"
"306620","네온테크","35155","0","-35155","144715580","0","-144715580"
"094820","일진파워","8956","0","-8956","147410550","0","-147410550"
"083450","GST","4593","10","-4583","148325450","323250","-148002200"
"078130","국일제지","50813","10457","-40356","187298345","38571850","-148726495"
"289220","자이언트스텝","3626","104","-3522","155102050","4457900","-150644150"
"121850","코이즈","25548","0","-25548","150975370","0","-150975370"
"041960","코미팜","23624","4858","-18766","194379260","39885330","-154493930"
"294630","서남","49673","251","-49422","155704075","794375","-154909700"
"084370","유진테크","10595","7029","-3566","465131250","309525950","-155605300"
"054450","텔레칩스","8850","0","-8850","156586950","0","-156586950"
"114840","아이패밀리에스씨","8706","2074","-6632","207175900","49707550","-157468350"
"042000","카페24","9834","2003","-7831","197865900","40086400","-157779500"
"036810","에프에스티","9717","2014","-7703","201605450","41753600","-159851850"
"058820","CMG제약","63097","12513","-50584","200589355","39773430","-160815925"
"189300","인텔리안테크","2447","388","-2059","193409200","30777500","-162631700"
"323990","박셀바이오","7171","1957","-5214","233052450","63016800","-170035650"
"053030","바이넥스","16956","3358","-13598","214716050","42551950","-172164100"
"088800","에이스테크","20728","4291","-16437","218470800","44992550","-173478250"
"228670","레이","15904","8019","-7885","355076900","179730200","-175346700"
"348210","넥스틴","3528","313","-3215","194182100","17244900","-176937200"
"268600","셀리버리","8729","2872","-5857","267294700","87749700","-179545000"
"149980","하이로닉","17698","0","-17698","185402450","0","-185402450"
"290650","엘앤씨바이오","9093","2804","-6289","284783150","87742750","-197040400"
"382800","지앤비에스엔지니어링","15000","3000","-12000","259857650","52454800","-207402850"
"086900","메디톡스","4723","2923","-1800","550255500","341038100","-209217400"
"038540","상상인","29980","8054","-21926","289606680","78273600","-211333080"
"084650","랩지노믹스","9529","1","-9528","212744900","22300","-212722600"
"073490","이노와이어리스","5445","3","-5442","213161750","117500","-213044250"
"301300","바이브컴퍼니","5868","385","-5483","230074200","15175950","-214898250"
"086520","에코프로","16770","13856","-2914","1240084500","1025089200","-214995300"
"048530","인트론바이오","17702","5187","-12515","306513150","89659350","-216853800"
"010170","대한광통신","112260","2","-112258","219831290","3895","-219827395"
"222080","씨아이에스","28208","11007","-17201","365966400","142530850","-223435550"
"086450","동국제약","14296","3185","-11111","288696900","64456600","-224240300"
"041190","우리기술투자","33505","6953","-26552","282665730","58229220","-224436510"
"222160","바이옵트로","27584","0","-27584","229511670","0","-229511670"
"003380","하림지주","30344","7019","-23325","299012820","69107470","-229905350"
"069080","웹젠","24776","15023","-9753","589203700","357193950","-232009750"
"082270","젬백스","20470","5165","-15305","311265250","78148400","-233116850"
"194700","노바렉스","6193","125","-6068","243085000","5027050","-238057950"
"058970","엠로","23287","8696","-14591","381436200","140889950","-240546250"
"235980","메드팩토","8756","1715","-7041","302253100","59122300","-243130800"
"083310","엘오티베큠","16996","17","-16979","244093550","243150","-243850400"
"079370","제우스","9817","0","-9817","248454150","0","-248454150"
"036830","솔브레인홀딩스","9470","587","-8883","268678600","16595600","-252083000"
"080160","모두투어","18532","7297","-11235","448200350","176429850","-271770500"
"347770","핌스","12263","230","-12033","293385800","5466500","-287919300"
"206650","유바이오로직스","20481","8191","-12290","488619000","194445050","-294173950"
"383310","에코프로에이치엔","7590","1669","-5921","384031400","84408200","-299623200"
"256840","한국비엔씨","26524","6551","-19973","411141700","100578150","-310563550"
"084990","헬릭스미스","21093","4130","-16963","389666150","76369750","-313296400"
"067630","HLB생명과학","48599","17904","-30695","497986200","183116900","-314869300"
"085660","차바이오텍","24599","4695","-19904","400570100","76237350","-324332750"
"060150","인선이엔티","37863","2810","-35053","394473450","29486750","-364986700"
"030190","NICE평가정보","23777","3784","-19993","438583050","69963900","-368619150"
"000250","삼천당제약","13006","2365","-10641","455291950","83046800","-372245150"
"363260","하나금융17호스팩","176491","0","-176491","376856545","0","-376856545"
"078340","컴투스","13958","10496","-3462","1522069700","1144784400","-377285300"
"140860","파크시스템스","3908","604","-3304","454486000","70171200","-384314800"
"145020","휴젤","5446","2760","-2686","797862300","405504400","-392357900"
"376300","디어유","47195","38744","-8451","2267684600","1859444050","-408240550"
"007390","네이처셀","34573","7442","-27131","527810450","113250250","-414560200"
"060250","NHN한국사이버결제","41580","23766","-17814","987854700","564984900","-422869800"
"092040","아미코젠","18844","1994","-16850","475083850","50191250","-424892600"
"003100","선광","7000","0","-7000","425718800","0","-425718800"
"042420","네오위즈홀딩스","17520","8781","-8739","856345150","429969350","-426375800"
"136410","아셈스","31295","0","-31295","430933450","0","-430933450"
"353590","오토앤","29001","0","-29001","432768000","0","-432768000"
"036200","유니셈","41528","3921","-37607","479736750","46071450","-433665300"
"182400","엔케이맥스","35971","7176","-28795","546812300","109175950","-437636350"
"095340","ISC","25491","10228","-15263","742381350","297802050","-444579300"
"046890","서울반도체","44249","9479","-34770","586770600","126031650","-460738950"
"141080","레고켐바이오","16716","5694","-11022","703080050","240179850","-462900200"
"114810","아이원스","51068","267","-50801","467668640","2444390","-465224250"
"357780","솔브레인","3605","1379","-2226","817407500","312568500","-504839000"
"272290","이녹스첨단소재","34950","22779","-12171","1476859800","965085700","-511774100"
"140410","메지온","4098","909","-3189","661666600","146765700","-514900900"
"178320","서진시스템","19882","4243","-15639","665286500","142037200","-523249300"
"294090","이오플로우","27575","312","-27263","534041050","6099600","-527941450"
"057880","피에이치씨","312558","2","-312556","532236340","3315","-532233025"
"094850","참좋은여행","39625","2469","-37156","583266750","36496350","-546770400"
"086390","유니테스트","41595","20629","-20966","1086552000","539106950","-547445050"
"089030","테크윙","40262","9239","-31023","728239500","166274900","-561964600"
"196170","알테오젠","25497","14354","-11143","1315316500","742336000","-572980500"
"078600","대주전자재료","9435","2891","-6544","827226100","253637400","-573588700"
"098460","고영","39658","8686","-30972","737772600","162256400","-575516200"
"102710","이엔에프테크놀로지","21296","1130","-20166","616953600","32895550","-584058050"
"048410","현대바이오","43143","24419","-18724","1366779550","774703200","-592076350"
"218410","RFHIC","24970","3469","-21501","693780750","96479900","-597300850"
"068760","셀트리온제약","10577","3305","-7272","911212100","286339500","-624872600"
"361570","알비더블유","41369","6317","-35052","775348800","118022700","-657326100"
"032500","케이엠더블유","26215","3485","-22730","810641450","107676850","-702964600"
"215000","골프존","5820","828","-4992","847313900","121065100","-726248800"
"136510","에디슨EV","28714","0","-28714","743941550","0","-743941550"
"290380","대유","140266","7267","-132999","791392110","40392000","-751000110"
"294570","쿠콘","15910","986","-14924","811173600","50364900","-760808700"
"240810","원익IPS","27769","7396","-20373","1047241400","278942600","-768298800"
"278280","천보","6842","4059","-2783","1949212500","1160222200","-788990300"
"100090","삼강엠앤티","53044","3067","-49977","865427400","50102200","-815325200"
"253450","스튜디오드래곤","41969","32408","-9561","3627163800","2808884700","-818279100"
"293780","압타바이오","38836","2754","-36082","897741400","64047150","-833694250"
"101490","에스앤에스텍","35525","2927","-32598","1005786700","83058750","-922727950"
"237690","에스티팜","16122","6110","-10012","1554749100","588984600","-965764500"
"096530","씨젠","49105","29646","-19459","2475384850","1494844800","-980540050"
"039200","오스코텍","39752","4464","-35288","1181491150","132496600","-1048994550"
"064760","티씨케이","12382","2368","-10014","1412656000","270316400","-1142339600"
"039030","이오테크닉스","18826","7370","-11456","1900310000","745751000","-1154559000"
"108320","LX세미콘","16066","5389","-10677","1804904000","604975300","-1199928700"
"101160","월덱스","55093","8020","-47073","1423178800","206515000","-1216663800"
"095700","제넥신","30121","2603","-27518","1352466150","117107050","-1235359100"
"074600","원익QnC","68197","17549","-50648","1740216650","450055000","-1290161650"
"293490","카카오게임즈","97167","78544","-18623","6819137000","5520579900","-1298557100"
"194480","데브시스터즈","25198","2401","-22797","1458184000","138760900","-1319423100"
"078350","한양디지텍","108553","13188","-95365","1519175650","184830900","-1334344750"
"028300","HLB","64173","18135","-46038","1900735250","535363600","-1365371650"
"091120","이엠텍","85575","50804","-34771","3618034400","2157023300","-1461011100"
"058470","리노공업","11892","3449","-8443","2069728600","601321800","-1468406800"
"144510","지씨셀","23602","1199","-22403","1585366500","80725800","-1504640700"
"067000","조이시티","207383","9584","-197799","1700200200","78910790","-1621289410"
"160550","NEW","198658","25021","-173637","2016510700","253631000","-1762879700"
"090460","비에이치","103000","7892","-95108","1953920100","150357100","-1803563000"
"298380","에이비엘바이오","80391","5582","-74809","2013715050","139454750","-1874260300"
"033640","네패스","107687","40250","-67437","3138143900","1176543500","-1961600400"
"137400","피엔티","58523","8855","-49668","2334732350","353205100","-1981527250"
"005290","동진쎄미켐","82456","15620","-66836","2767857300","525048200","-2242809100"
"131970","테스나","183150","135059","-48091","8870253150","6538130400","-2332122750"
"067160","아프리카TV","45392","26378","-19014","6142526700","3592964000","-2549562700"
"112040","위메이드","34442","7205","-27237","3495579100","728522200","-2767056900"
"063080","컴투스홀딩스","29580","7168","-22412","3844708900","939103300","-2905605600"
"251120","바이오에프디엔씨","229239","16241","-212998","6194995800","467084100","-5727911700"