종목코드,종목명,거래량_매도,거래량_매수,거래량_순매수,거래대금_매도,거래대금_매수,거래대금_순매수
"005930","삼성전자","2183928","2673756","489828","159739201691","195751679791","36012478100"
"402340","SK스퀘어","222871","448584","225713","12335286700","24859505900","12524219200"
"086790","하나금융지주","414678","648637","233959","21006104200","32832711600","11826607400"
"009150","삼성전기","144681","210437","65756","23899415000","34806195500","10906780500"
"207940","삼성바이오로직스","10722","24821","14099","8261389000","19107647000","10846258000"
"012330","현대모비스","60333","103594","43261","13599053463","23344036463","9744983000"
"055550","신한지주","507992","708860","200868","20590174300","28710408550","8120234250"
"090430","아모레퍼시픽","51013","90551","39538","9640988500","17134847000","7493858500"
"105560","KB금융","315826","425410","109584","19631282000","26496164300","6864882300"
"011070","LG이노텍","71563","92720","21157","22354227500","29014752000","6660524500"
"034020","두산중공업","714939","1069730","354791","13295142850","19882098500","6586955650"
"323410","카카오뱅크","511588","647553","135965","24390372000","30791066600","6400694600"
"033780","KT&G","83153","155186","72033","6679373300","12456435300","5777062000"
"005935","삼성전자우","338051","423772","85721","22512011400","28257034000","5745022600"
"316140","우리금융지주","962976","1338316","375340","13938339500","19334876150","5396536650"
"329180","현대중공업","35961","87523","51562","3660541300","8895470800","5234929500"
"000080","하이트진로","334809","460981","126172","12307477400","16926997000","4619519600"
"003550","LG","116890","177166","60276","8869884800","13434632900","4564748100"
"003220","대원제약","642712","841961","199249","12795834300","16768666950","3972832650"
"137310","에스디바이오센서","152508","225535","73027","7971953300","11749209000","3777255700"
"011780","금호석유","31099","54637","23538","4931002500","8688346000","3757343500"
"028670","팬오션","2134538","2694162","559624","13807963170","17397751810","3589788640"
"032640","LG유플러스","217246","488274","271028","2838311300","6386198350","3547887050"
"015760","한국전력","130332","285851","155519","2911199200","6397774300","3486575100"
"001120","LX인터내셔널","93853","205218","111365","2601539650","5646647250","3045107600"
"047810","한국항공우주","142296","234487","92191","4787516450","7829701800","3042185350"
"008770","호텔신라","51163","86491","35328","4145546900","7002194400","2856647500"
"018260","삼성에스디에스","26946","47528","20582","3730825000","6571490500","2840665500"
"117580","대성에너지","2012057","2271858","259801","23722938650","26557471600","2834532950"
"204320","만도","94332","148980","54648","4402089150","6947095700","2545006550"
"294870","HDC현대산업개발","88886","244706","155820","1390377500","3849007350","2458629850"
"010140","삼성중공업","1093516","1529190","435674","6093363780","8501200130","2407836350"
"005880","대한해운","1359752","2155591","795839","3691217505","5824536590","2133319085"
"028260","삼성물산","82160","101733","19573","8984738000","11106164000","2121426000"
"105630","한세실업","43654","137201","93547","961923150","3014646800","2052723650"
"069620","대웅제약","15003","26945","11942","2471877500","4429764000","1957886500"
"005940","NH투자증권","80091","240520","160429","932713650","2804691900","1871978250"
"249420","일동제약","1854786","1899992","45206","77939575450","79776287550","1836712100"
"161890","한국콜마","117630","154308","36678","5387171900","7120244600","1733072700"
"016360","삼성증권","101203","141053","39850","4249171050","5916784500","1667613450"
"161390","한국타이어앤테크놀로지","255949","303626","47677","8926395050","10593196300","1666801250"
"078930","GS","34636","75209","40573","1387741300","3011641550","1623900250"
"017670","SK텔레콤","176608","205582","28974","9658510600","11248897800","1590387200"
"011790","SKC","31420","41853","10433","4159275500","5543188500","1383913000"
"089860","롯데렌탈","34624","70140","35516","1303065300","2627925750","1324860450"
"097950","CJ제일제당","17153","20500","3347","6537929500","7788870000","1250940500"
"008350","남선알미늄","176506","687535","511029","412936870","1620580260","1207643390"
"008560","메리츠증권","1025419","1204837","179418","6404862680","7560205210","1155342530"
"004090","한국석유","1048697","1118435","69738","19125051100","20215530350","1090479250"
"120110","코오롱인더","73932","90703","16771","4532283300","5558278100","1025994800"
"006400","삼성SDI","76439","78278","1839","41286977000","42309373000","1022396000"
"055490","테이팩스","11102","24462","13360","848435800","1865274700","1016838900"
"361610","SK아이이테크놀로지","79662","88209","8547","9602940000","10602991500","1000051500"
"285130","SK케미칼","19267","27084","7817","2366603000","3324549500","957946500"
"000100","유한양행","25346","42413","17067","1420138000","2375806800","955668800"
"008040","사조동아원","2496147","3216616","720469","3202126140","4121122695","918996555"
"014530","극동유화","393986","622527","228541","1585137395","2497315350","912177955"
"068270","셀트리온","107515","112637","5122","17335028500","18193946500","858918000"
"020000","한섬","14168","38770","24602","496010150","1353939900","857929750"
"128940","한미약품","4702","7787","3085","1215818500","2015088500","799270000"
"241560","두산밥캣","40625","61834","21209","1509870800","2299547950","789677150"
"036420","제이콘텐트리","35068","48667","13599","1991412300","2754607000","763194700"
"001040","CJ","11674","20621","8947","965185600","1701838800","736653200"
"006110","삼아알미늄","66165","91982","25817","1867608500","2603223300","735614800"
"363280","티와이홀딩스","4863","32740","27877","124783400","842865800","718082400"
"047040","대우건설","260119","381722","121603","1481334160","2169951550","688617390"
"112610","씨에스윈드","25330","37707","12377","1291941200","1921758000","629816800"
"001440","대한전선","906080","1329581","423501","1298402585","1903178060","604775475"
"004430","송원산업","56330","85365","29035","1151957900","1740916850","588958950"
"012750","에스원","10847","19145","8298","745551600","1313799500","568247900"
"001780","알루코","535597","666460","130863","2140880990","2676151600","535270610"
"348950","제이알글로벌리츠","64235","164023","99788","344835620","878873120","534037500"
"326030","SK바이오팜","45572","52403","6831","3582912800","4115723800","532811000"
"006800","미래에셋증권","343616","404051","60435","3035752940","3566640250","530887310"
"005180","빙그레","1724","11537","9813","91384100","611824800","520440700"
"139130","DGB금융지주","89236","142004","52768","837972640","1331151950","493179310"
"020150","일진머티리얼즈","47599","52926","5327","4376985100","4867115900","490130800"
"009900","명신산업","64640","85434","20794","1514892150","2000570000","485677850"
"003090","대웅","12277","27566","15289","358351400","805263200","446911800"
"004690","삼천리","670","5021","4351","68555300","507876500","439321200"
"051905","LG생활건강우","1504","2259","755","861088000","1297360000","436272000"
"267290","경동도시가스","29071","47226","18155","688676650","1113364250","424687600"
"128820","대성산업","384420","478252","93832","1772313900","2189965020","417651120"
"004370","농심","5893","7136","1243","1912666000","2312136500","399470500"
"001230","동국제강","151476","177148","25672","2350331000","2742663600","392332600"
"005250","녹십자홀딩스","25122","40606","15484","597648750","967029850","369381100"
"009240","한샘","23725","28862","5137","1720502000","2082845300","362343300"
"259960","크래프톤","60417","61793","1376","16670266000","17016788000","346522000"
"025820","이구산업","897136","977871","80735","3978602995","4323561985","344958990"
"003350","한국화장품제조","2879","15055","12176","82866600","427804650","344938050"
"033920","무학","106848","136825","29977","1182921550","1517618350","334696800"
"013360","일성건설","201589","297204","95615","696888495","1023479610","326591115"
"010130","고려아연","6374","6995","621","3354034000","3677894000","323860000"
"020120","키다리스튜디오","51240","71833","20593","809647950","1129977600","320329650"
"000210","DL","15561","20833","5272","939668200","1258653900","318985700"
"012800","대창","378733","540561","161828","734111285","1052292415","318181130"
"003490","대한항공","195542","206503","10961","5826918050","6145094350","318176300"
"004990","롯데지주","17511","28080","10569","503343400","806701950","303358550"
"006650","대한유화","9043","10662","1619","1546168500","1824671500","278503000"
"185750","종근당","4637","7248","2611","445962900","696253100","250290200"
"003850","보령제약","19089","38969","19880","238136000","487069900","248933900"
"013890","지누스","6125","9433","3308","439277500","675619900","236342400"
"010050","우리종금","304664","570483","265819","265918328","497674093","231755765"
"001550","조비","45200","55764","10564","953440950","1181038050","227597100"
"013570","디와이","255621","284450","28829","2178578170","2393542390","214964220"
"001500","현대차증권","4694","24181","19487","51403300","266324650","214921350"
"025540","한국단자","2952","6480","3528","172668500","375945500","203277000"
"000520","삼일제약","23373","44459","21086","201726610","385280120","183553510"
"002780","진흥기업","75119","160437","85318","157282675","335425430","178142755"
"010820","퍼스텍","879281","922705","43424","3863011555","4033496910","170485355"
"013700","까뮤이앤씨","125267","203248","77981","279384370","449706540","170322170"
"018470","조일알미늄","229065","293810","64745","513920855","660082235","146161380"
"226320","잇츠한불","17778","24805","7027","372953200","517079900","144126700"
"272450","진에어","36586","45001","8415","640922850","784765550","143842700"
"017390","서울가스","1598","2366","768","309096000","452559500","143463500"
"006120","SK디스커버리","3073","6502","3429","123784250","261088250","137304000"
"030200","KT","133774","137989","4215","4266592200","4403802850","137210650"
"336260","두산퓨얼셀","65432","69269","3837","2349307100","2484774000","135466900"
"002790","아모레G","43447","46136","2689","2096297750","2229556500","133258750"
"005690","파미셀","24319","35434","11115","267384300","390042000","122657700"
"000220","유유제약","263239","275837","12598","2157996710","2277870560","119873850"
"004920","씨아이테크","34011","150377","116366","35587230","154178170","118590940"
"074610","이엔플러스","351278","369052","17774","1440073480","1554206850","114133370"
"298000","효성화학","2187","2593","406","617912500","728173000","110260500"
"090435","아모레퍼시픽우","1459","2819","1360","113132500","218960800","105828300"
"069260","휴켐스","19670","24531","4861","423589600","528300600","104711000"
"005500","삼진제약","2604","6681","4077","65432200","167453600","102021400"
"071090","하이스틸","37333","71710","34377","107527300","206334275","98806975"
"033270","유나이티드제약","8848","10969","2121","402336150","499480100","97143950"
"003280","흥아해운","623984","660588","36604","1822836420","1918760110","95923690"
"086280","현대글로비스","34177","34722","545","5812775000","5904178000","91403000"
"011390","부산산업","1053","1903","850","95591000","171938600","76347600"
"008110","대동전자","36578","42899","6321","409552000","479422100","69870100"
"251270","넷마블","58279","58951","672","5835917000","5905230400","69313400"
"000490","대동","32100","38263","6163","360710250","429223350","68513100"
"014790","한라","10177","23302","13125","53646640","121977420","68330780"
"000155","두산우","1991","2913","922","138752700","203559800","64807100"
"001530","DI동일","279","564","285","63324500","127528500","64204000"
"001520","동양","91291","134796","43505","127012705","187964860","60952155"
"079160","CJ CGV","74744","76737","1993","1919167300","1975983300","56816000"
"068400","SK렌터카","8087","13491","5404","83570200","138654300","55084100"
"192820","코스맥스","31125","31768","643","2798115200","2853112400","54997200"
"00088K","한화3우B","464","4117","3653","6854650","60931650","54077000"
"017370","우신시스템","15431","30878","15447","51842145","103546770","51704625"
"00680K","미래에셋증권2우B","1093","12490","11397","4905185","56069000","51163815"
"008250","이건산업","23054","27865","4811","239270500","289750950","50480450"
"006220","제주은행","27654","35279","7625","170739930","217538940","46799010"
"210980","SK디앤디","2552","4125","1573","74240750","120080300","45839550"
"009140","경인전자","3365","5049","1684","97832400","142978050","45145650"
"139990","아주스틸","5243","8110","2867","80494450","124692800","44198350"
"003520","영진약품","74216","82848","8632","349991675","390471005","40479330"
"004020","현대제철","120286","121266","980","4692448600","4732305650","39857050"
"012610","경인양행","11421","17847","6426","71577830","111427250","39849420"
"096760","JW홀딩스","4238","14945","10707","15576295","54658055","39081760"
"071840","롯데하이마트","4236","5890","1654","96290400","134082550","37792150"
"002795","아모레G우","1147","3281","2134","20155450","57317100","37161650"
"081000","일진다이아","5702","7204","1502","145226900","181297950","36071050"
"011090","에넥스","110497","132419","21922","194654725","230678575","36023850"
"027410","BGF","7544","14373","6829","38608340","73139930","34531590"
"009420","한올바이오파마","18222","19981","1759","332244400","365454700","33210300"
"002100","경농","26037","28469","2432","321508750","354538000","33029250"
"009155","삼성전기우","41","396","355","3728900","35988900","32260000"
"001070","대한방직","491","1136","645","24167650","56215100","32047450"
"094800","맵스리얼티1","10651","17452","6801","49208845","80524050","31315205"
"002210","동성제약","4969","9057","4088","38944730","70160750","31216020"
"002690","동일제강","17135","27466","10331","48946040","78638145","29692105"
"021240","코웨이","33038","33483","445","2311596700","2341069800","29473100"
"002450","삼익악기","11993","28545","16552","21190310","50505805","29315495"
"001290","상상인증권","38254","62995","24741","44493940","73303420","28809480"
"002760","보락","21596","37139","15543","40477580","69286835","28809255"
"006040","동원산업","564","693","129","122923000","150979000","28056000"
"097955","CJ제일제당 우","144","316","172","23480000","51368000","27888000"
"090370","메타랩스","49765","78196","28431","46733577","73447789","26714212"
"030720","동원수산","8526","11387","2861","79574200","105186550","25612350"
"023800","인지컨트롤스","2529","4399","1870","33781600","58853050","25071450"
"008730","율촌화학","2856","3791","935","71027850","94501150","23473300"
"024720","한국콜마홀딩스","19248","20303","1055","414313000","437344500","23031500"
"396690","미래에셋글로벌리츠","97","4117","4020","551340","23413520","22862180"
"322000","현대에너지솔루션","9398","10335","937","201581000","222184750","20603750"
"101140","인바이오젠","16432","23844","7412","43392330","62925395","19533065"
"375500","DL이앤씨","25880","26049","169","3159602000","3178379500","18777500"
"003495","대한항공우","257","772","515","9496900","28037000","18540100"
"014710","사조씨푸드","5821","9169","3348","31406430","49219470","17813040"
"005389","현대차3우B","812","1015","203","70998700","88787600","17788900"
"007160","사조산업","3804","4113","309","183789850","200484350","16694500"
"002990","금호건설","11283","12754","1471","114591550","129870350","15278800"
"007815","코리아써우","38","1551","1513","379620","15355410","14975790"
"002310","아세아제지","3577","3913","336","164216350","178958400","14742050"
"155900","바다로19호","4","4712","4708","12460","14609695","14597235"
"034830","한국토지신탁","60861","67755","6894","136332395","150414750","14082355"
"009810","플레이그램","84851","91045","6194","187728955","201504105","13775150"
"002960","한국쉘석유","90","143","53","22472000","35889000","13417000"
"129260","인터지스","13043","17054","4011","42536855","55406180","12869325"
"195870","해성디에스","23088","23495","407","1151083300","1163463350","12380050"
"011230","삼화전자","18491","21408","2917","78315280","90365055","12049775"
"025560","미래산업","3378","4290","912","43167550","54991950","11824400"
"044820","코스맥스비티아이","2883","3665","782","38922650","49825750","10903100"
"000910","유니온","45876","47440","1564","316178970","326719580","10540610"
"078520","에이블씨엔씨","9402","10893","1491","63884830","74383420","10498590"
"006390","한일현대시멘트","1079","1428","349","31020350","40982800","9962450"
"122900","아이마켓코리아","9711","10703","992","96722770","106565650","9842880"
"092200","디아이씨","22880","24824","1944","113942630","123106335","9163705"
"395400","SK리츠","248","1659","1411","1534970","10269320","8734350"
"004870","티웨이홀딩스","74341","85843","11502","54720896","63250185","8529289"
"091810","티웨이항공","120145","123357","3212","418821030","427130340","8309310"
"009180","한솔로지스틱스","46634","49185","2551","161908805","169869750","7960945"
"004255","NPC우","18555","20576","2021","84143925","91330410","7186485"
"002170","삼양통상","193","320","127","10938200","18064100","7125900"
"008775","호텔신라우","126","224","98","9099500","16074100","6974600"
"002200","한국수출포장","204","509","305","4646950","11560300","6913350"
"069640","한세엠케이","11764","13334","1570","46701850","52952505","6250655"
"404990","신한서부티엔디리츠","215","1465","1250","1061685","7236900","6175215"
"005960","동부건설","2330","2759","429","30953050","36645450","5692400"
"009970","영원무역홀딩스","1165","1267","102","53974600","58850200","4875600"
"019490","하이트론","67213","71202","3989","210290580","214955625","4665045"
"044450","KSS해운","63795","63917","122","778742750","783101350","4358600"
"153360","하이골드3호","0","1266","1266","0","3418200","3418200"
"039570","HDC랩스","1449","1761","312","14913300","18239350","3326050"
"338100","NH프라임리츠","841","1483","642","4046475","7137220","3090745"
"000430","대원강업","7142","8220","1078","22623765","25547130","2923365"
"084680","이월드","86926","89017","2091","202009235","204855435","2846200"
"013870","지엠비코리아","2792","3317","525","14808330","17586650","2778320"
"009070","KCTC","26607","26982","375","148060830","150822610","2761780"
"005745","크라운해태홀딩스우","1373","1566","193","17652300","20184950","2532650"
"066575","LG전자우","3856","3894","38","227036000","229323000","2287000"
"011760","현대코퍼레이션","2648","2758","110","41408500","43653150","2244650"
"357120","코람코에너지리츠","5040","5367","327","32905480","35124650","2219170"
"35320K","대덕전자1우","607","778","171","7995600","10198500","2202900"
"03473K","SK우","20","30","10","3953500","5929000","1975500"
"00279K","아모레G3우(전환)","0","49","49","0","1783600","1783600"
"001529","동양3우B","0","30","30","0","1500000","1500000"
"007610","선도전기","20567","21021","454","57538425","58635720","1097295"
"078000","텔코웨어","64","157","93","646400","1563760","917360"
"000500","가온전선","1981","2024","43","46635950","47530050","894100"
"037710","광주신세계","37","42","5","6420500","7213000","792500"
"089590","제주항공","39524","39769","245","848525600","849235150","709550"
"011810","STX","13777","13791","14","53108495","53495875","387380"
"084695","대상홀딩스우","623","642","19","6836600","7117200","280600"
"003830","대한화섬","1","3","2","124500","375000","250500"
"023000","삼원강재","14","80","66","42000","236000","194000"
"010145","삼성중공우","0","1","1","0","188500","188500"
"001755","한양증권우","1","7","6","18350","125400","107050"
"001560","제일연마","2","4","2","17360","34840","17480"
"000995","DB하이텍1우","0","0","0","0","0","0"
"001065","JW중외제약우","0","0","0","0","0","0"
"001745","SK네트웍스우","0","0","0","0","0","0"
"001515","SK증권우","0","0","0","0","0","0"
"014285","금강공업우","0","0","0","0","0","0"
"004545","깨끗한나라우","0","0","0","0","0","0"
"008355","남선알미우","0","0","0","0","0","0"
"090355","노루페인트우","0","0","0","0","0","0"
"000325","노루홀딩스우","0","0","0","0","0","0"
"005257","녹십자홀딩스2우","0","0","0","0","0","0"
"005965","동부건설우","0","0","0","0","0","0"
"001527","동양2우B","0","0","0","0","0","0"
"001525","동양우","0","0","0","0","0","0"
"00499K","롯데지주우","0","0","0","0","0","0"
"145995","삼양사우","0","0","0","0","0","0"
"000075","삼양홀딩스우","0","0","0","0","0","0"
"009770","삼정펄프","0","0","0","0","0","0"
"014915","성문전자우","0","0","0","0","0","0"
"005800","신영와코루","0","0","0","0","0","0"
"009275","신원우","0","0","0","0","0","0"
"007575","일양약품우","0","0","0","0","0","0"
"002787","진흥기업2우B","0","0","0","0","0","0"
"002785","진흥기업우B","0","0","0","0","0","0"
"00781K","코리아써키트2우B","0","0","0","0","0","0"
"003075","코오롱글로벌우","0","0","0","0","0","0"
"004105","태양금속우","0","0","0","0","0","0"
"000145","하이트진로홀딩스우","0","0","0","0","0","0"
"152550","한국ANKOR유전","0","0","0","0","0","0"
"000885","한화우","0","0","0","0","0","0"
"003535","한화투자증권우","0","0","0","0","0","0"
"000547","흥국화재2우B","0","0","0","0","0","0"
"000545","흥국화재우","0","0","0","0","0","0"
"168490","한국패러랠","2","0","-2","4395","0","-4395"
"004365","세방우","1","0","-1","7020","0","-7020"
"096300","베트남개발1","90","0","-90","14582","0","-14582"
"004415","서울식품우","4","0","-4","16120","0","-16120"
"002355","넥센타이어1우B","7","0","-7","22485","0","-22485"
"006570","대림통상","17","6","-11","63660","22170","-41490"
"001270","부국증권","2","0","-2","47400","0","-47400"
"012170","아센디오","281984","284784","2800","343189720","343055460","-134260"
"010400","우진아이엔에스","27","2","-25","183220","13460","-169760"
"071950","코아스","17066","16933","-133","18140755","17944565","-196190"
"000760","이화산업","13","0","-13","208550","0","-208550"
"003300","한일홀딩스","232","214","-18","2812500","2599550","-212950"
"293480","하나제약","383","366","-17","7131650","6785100","-346550"
"33626L","두산퓨얼셀2우B","35","0","-35","484350","0","-484350"
"000087","하이트진로2우B","74","49","-25","1501750","997150","-504600"
"33626K","두산퓨얼셀1우","1075","1029","-46","12428200","11915150","-513050"
"18064K","한진칼우","22","0","-22","714600","0","-714600"
"143210","핸즈코퍼레이션","275","108","-167","1340555","524805","-815750"
"00806K","대덕1우","81","0","-81","821350","0","-821350"
"004450","삼화왕관","24","0","-24","1087550","0","-1087550"
"120030","조선선재","142","131","-11","14934000","13819000","-1115000"
"001685","대상우","69","3","-66","1171150","51150","-1120000"
"163560","동일고무벨트","192","26","-166","1318800","177060","-1141740"
"016800","퍼시스","38","6","-32","1371200","216350","-1154850"
"000480","조선내화","16","0","-16","1249000","0","-1249000"
"000105","유한양행우","29","6","-23","1613700","334800","-1278900"
"007540","샘표","104","74","-30","4356800","3070100","-1286700"
"001140","국보","154295","154713","418","233068115","231756855","-1311260"
"000590","CS홀딩스","134","114","-20","8975700","7616400","-1359300"
"001340","백광산업","27875","27561","-314","122437885","121038690","-1399195"
"058650","세아홀딩스","15","1","-14","1505700","101000","-1404700"
"002820","SUN&L","299","4","-295","1432795","19060","-1413735"
"003475","유안타증권우","405","4","-401","1467795","14345","-1453450"
"005725","넥센우","427","0","-427","1486280","0","-1486280"
"000215","DL우","54","12","-42","1985500","440400","-1545100"
"005305","롯데칠성우","29","8","-21","2144500","588700","-1555800"
"009680","모토닉","1300","1100","-200","11589470","9794730","-1794740"
"004700","조광피혁","42","4","-38","2090600","198800","-1891800"
"005820","원림","172","75","-97","3707600","1609700","-2097900"
"134790","시디즈","37","1","-36","2172500","58200","-2114300"
"377190","디앤디플랫폼리츠","413","3","-410","2217830","16140","-2201690"
"006090","사조오양","1830","1609","-221","18343990","16068110","-2275880"
"067830","세이브존I&C","1624","817","-807","4917165","2459490","-2457675"
"010770","평화홀딩스","1033","343","-690","3858670","1280825","-2577845"
"034590","인천도시가스","104","4","-100","2786000","106700","-2679300"
"006370","대구백화점","519","246","-273","5110340","2420980","-2689360"
"005720","넥센","649","0","-649","2692525","0","-2692525"
"001080","만호제강","228","110","-118","5116900","2419400","-2697500"
"36328K","티와이홀딩스우","178","43","-135","3706850","890150","-2816700"
"280360","롯데제과","544","524","-20","63841000","61007500","-2833500"
"009835","한화솔루션우","114","25","-89","3670200","797600","-2872600"
"108675","LX하우시스우","143","28","-115","3733700","735050","-2998650"
"003680","한성기업","989","470","-519","5951030","2832960","-3118070"
"002025","코오롱우","164","0","-164","3124650","0","-3124650"
"001460","BYC","75","68","-7","34020000","30892000","-3128000"
"003460","유화증권","1338","0","-1338","3360260","0","-3360260"
"006880","신송홀딩스","978","321","-657","5004710","1631770","-3372940"
"078935","GS우","160","62","-98","5495750","2108000","-3387750"
"093050","LF","4635","4442","-193","79313500","75837450","-3476050"
"006125","SK디스커버리우","118","0","-118","3584750","0","-3584750"
"004080","신흥","230","0","-230","3786250","0","-3786250"
"006805","미래에셋증권우","2341","1661","-680","12729800","8732920","-3996880"
"000950","전방","101","0","-101","3998950","0","-3998950"
"000157","두산2우B","44","0","-44","4091400","0","-4091400"
"004840","DRB동일","853","59","-794","4429600","305660","-4123940"
"204210","모두투어리츠","1155","291","-864","5564595","1399215","-4165380"
"097230","HJ중공업","3403","2808","-595","24531880","20224140","-4307740"
"020760","일진디스플","17110","14959","-2151","33120770","28685425","-4435345"
"019440","세아특수강","300","0","-300","4473150","0","-4473150"
"006660","삼성공조","1874","1561","-313","28110700","23508800","-4601900"
"008870","금비","84","13","-71","5442400","835600","-4606800"
"000240","한국앤컴퍼니","23937","23592","-345","316615100","311929200","-4685900"
"071320","지역난방공사","428","288","-140","14796850","9968550","-4828300"
"025530","SJM홀딩스","1438","15","-1423","4966845","51820","-4915025"
"101530","해태제과식품","1548","899","-649","12081250","6991970","-5089280"
"00104K","CJ4우(전환)","81","9","-72","5887100","653400","-5233700"
"018500","동원금속","9790","3136","-6654","8698792","2780758","-5918034"
"084670","동양고속","408","102","-306","7882900","1949700","-5933200"
"214320","이노션","1425","1309","-116","71784200","65797100","-5987100"
"214390","경보제약","3001","2331","-670","27015330","20945920","-6069410"
"009415","태영건설우","716","150","-566","7803100","1630200","-6172900"
"000850","화천기공","210","1","-209","6789150","32200","-6756950"
"017040","광명전기","42586","39406","-3180","98134585","91320395","-6814190"
"001045","CJ우","162","22","-140","7929900","1070300","-6859600"
"023350","한국종합기술","1923","868","-1055","12680900","5735020","-6945880"
"004100","태양금속","107119","101953","-5166","149424990","142424740","-7000250"
"357250","미래에셋맵스리츠","4760","3338","-1422","23276020","16270825","-7005195"
"011785","금호석유우","1533","1443","-90","127767100","120498600","-7268500"
"001130","대한제분","238","194","-44","39399500","31971000","-7428500"
"036530","SNT홀딩스","497","22","-475","7900850","348700","-7552150"
"003120","일성신약","160","69","-91","13264200","5698200","-7566000"
"016610","DB금융투자","20503","19221","-1282","127170820","118966070","-8204750"
"005030","부산주공","30793","14791","-16002","15877129","7636971","-8240158"
"015890","태경산업","7925","6654","-1271","51746430","43407840","-8338590"
"378850","화승알앤에이","1864","0","-1864","8379455","0","-8379455"
"227840","현대코퍼레이션홀딩스","2007","1196","-811","20990200","12510050","-8480150"
"002630","오리엔트바이오","41263","32856","-8407","43686560","34847035","-8839525"
"010660","화천기계","4626","894","-3732","11213780","2150200","-9063580"
"002150","도화엔지니어링","1528","249","-1279","11199690","1831590","-9368100"
"004540","깨끗한나라","26475","24222","-2253","111866470","102455650","-9410820"
"000050","경방","734","79","-655","10650750","1139350","-9511400"
"33637K","솔루스첨단소재1우","4830","4228","-602","86660950","76761850","-9899100"
"014280","금강공업","13134","11900","-1234","106737630","96741260","-9996370"
"014440","영보화학","3280","744","-2536","13100845","2951585","-10149260"
"019685","대교우B","4079","0","-4079","10431465","0","-10431465"
"011150","CJ씨푸드","20155","17441","-2714","74543065","64071900","-10471165"
"002620","제일파마홀딩스","971","181","-790","12929350","2412100","-10517250"
"004985","성신양회우","1312","532","-780","17764900","7185100","-10579800"
"004890","동일산업","379","318","-61","67543500","56775500","-10768000"
"012690","모나리자","15239","12154","-3085","53300230","42478315","-10821915"
"015360","예스코홀딩스","311","0","-311","10922750","0","-10922750"
"028100","동아지질","5585","4866","-719","94449000","82911300","-11537700"
"096775","SK이노베이션우","591","494","-97","71653000","59732500","-11920500"
"005360","모나미","15151","12266","-2885","63145010","51099595","-12045415"
"005810","풍산홀딩스","962","537","-425","27225900","15162650","-12063250"
"004970","신라교역","1108","118","-990","13677700","1456950","-12220750"
"085310","엔케이","26935","13502","-13433","24915218","12506772","-12408446"
"26490K","크라운제과우","994","2","-992","12619650","25200","-12594450"
"092230","KPX홀딩스","231","16","-215","13829100","952000","-12877100"
"003780","진양산업","29880","28331","-1549","249671860","236625180","-13046680"
"006060","화승인더","27049","24597","-2452","143303090","129986190","-13316900"
"005740","크라운해태홀딩스","4487","2963","-1524","39861500","26308950","-13552550"
"033250","체시스","15248","2010","-13238","16170065","2140650","-14029415"
"140910","에이리츠","2232","302","-1930","16336660","2204010","-14132650"
"000140","하이트진로홀딩스","2767","1742","-1025","38085400","23915050","-14170350"
"134380","미원화학","201","0","-201","14571900","0","-14571900"
"025890","한국주강","34817","31880","-2937","164854700","150176620","-14678080"
"051630","진양화학","20226","17666","-2560","117314570","102539660","-14774910"
"001770","SHD","683","154","-529","19892700","4460750","-15431950"
"021050","서원","184169","175756","-8413","364402490","348766835","-15635655"
"072710","농심홀딩스","225","10","-215","16608500","737000","-15871500"
"02826K","삼성물산우B","303","143","-160","30361600","14424000","-15937600"
"011210","현대위아","32747","32627","-120","2113232300","2097090100","-16142200"
"003070","코오롱글로벌","3337","2511","-826","67243700","50627900","-16615800"
"330590","롯데리츠","7881","4780","-3101","43262100","26239010","-17023090"
"025000","KPX케미칼","368","34","-334","19057100","1753000","-17304100"
"003080","성보화학","7935","3301","-4634","29993275","12506060","-17487215"
"012320","경동인베스트","522","0","-522","17494100","0","-17494100"
"145210","다이나믹디자인","77479","27720","-49759","27319500","9726866","-17592634"
"093240","형지엘리트","55429","47749","-7680","129292105","111666070","-17626035"
"015860","일진홀딩스","10982","6950","-4032","49487460","31368090","-18119370"
"053690","한미글로벌","10926","9495","-1431","133227900","114886550","-18341350"
"350520","이지스레지던스리츠","3562","120","-3442","19111170","645600","-18465570"
"030790","비케이탑스","39026","30413","-8613","82084230","63542135","-18542095"
"010040","한국내화","8381","2647","-5734","27807230","8771050","-19036180"
"003160","디아이","22396","19920","-2476","173973750","154817950","-19155800"
"33637L","솔루스첨단소재2우B","1543","705","-838","35243350","16026400","-19216950"
"002920","유성기업","6904","0","-6904","19710130","0","-19710130"
"271980","제일약품","4956","4273","-683","134071200","114335500","-19735700"
"063160","종근당바이오","1828","1238","-590","61127950","41357850","-19770100"
"003925","남양유업우","104","0","-104","19864000","0","-19864000"
"123890","한국자산신탁","13315","7847","-5468","48783360","28726285","-20057075"
"094280","효성ITX","1325","118","-1207","22030350","1953600","-20076750"
"001880","DL건설","1184","430","-754","31378300","11297400","-20080900"
"38380K","LX홀딩스1우","2583","1075","-1508","35532350","14888600","-20643750"
"014990","인디에프","31680","11797","-19883","33067010","12299815","-20767195"
"900140","엘브이엠씨홀딩스","23095","16483","-6612","72555215","51780710","-20774505"
"282690","동아타이어","1983","39","-1944","21402350","417300","-20985050"
"001750","한양증권","1907","463","-1444","27923850","6759800","-21164050"
"006980","우성","2044","1264","-780","55449850","34205100","-21244750"
"123700","SJM","5678","646","-5032","24199730","2762095","-21437635"
"339770","교촌에프앤비","3719","2292","-1427","56555000","34891300","-21663700"
"002070","비비안","25092","17026","-8066","66467305","44567625","-21899680"
"016450","한세예스24홀딩스","4920","1409","-3511","30701370","8745800","-21955570"
"008500","일정실업","864","158","-706","27388550","5013350","-22375200"
"005680","삼영전자","5692","3497","-2195","58136050","35654050","-22482000"
"000860","강남제비스코","1340","397","-943","32245950","9534300","-22711650"
"084870","TBH글로벌","14346","1637","-12709","26054835","3007660","-23047175"
"029460","케이씨","3340","2106","-1234","63325900","39938100","-23387800"
"003547","대신증권2우B","1677","0","-1677","24073550","0","-24073550"
"013520","화승코퍼레이션","24782","11873","-12909","47311185","22719645","-24591540"
"001260","남광토건","3708","1533","-2175","42068400","17421200","-24647200"
"007120","미래아이앤지","89200","25699","-63501","34756590","10077252","-24679338"
"001795","대한제당우","45003","37408","-7595","133191645","108125585","-25066060"
"005430","한국공항","1762","1226","-536","81761500","56674750","-25086750"
"000540","흥국화재","8139","1300","-6839","30069505","4776960","-25292545"
"058860","KTis","11847","466","-11381","26645820","1042130","-25603690"
"003650","미창석유","523","208","-315","42531800","16801100","-25730700"
"003480","한진중공업홀딩스","63406","57726","-5680","258439845","232475965","-25963880"
"088260","이리츠코크렙","4427","0","-4427","26330520","0","-26330520"
"001420","태원물산","6113","694","-5419","29880495","3418805","-26461690"
"047400","유니온머티리얼","28881","19708","-9173","83812300","57180800","-26631500"
"133820","화인베스틸","33207","25102","-8105","110478070","83399125","-27078945"
"008600","윌비스","175034","152037","-22997","234359955","206806245","-27553710"
"005110","한창","52583","18070","-34513","42057355","14469480","-27587875"
"28513K","SK케미칼우","709","315","-394","49487900","21816100","-27671800"
"014130","한익스프레스","7058","2137","-4921","39860550","12006430","-27854120"
"000040","KR모터스","40774","4726","-36048","31793868","3689794","-28104074"
"107590","미원홀딩스","202","0","-202","28404500","0","-28404500"
"002420","세기상사","3596","570","-3026","34481480","5483370","-28998110"
"248170","샘표식품","764","107","-657","33731500","4730850","-29000650"
"001620","케이비아이동국실업","71047","31928","-39119","52995669","23905493","-29090176"
"002810","삼영무역","2200","0","-2200","29962750","0","-29962750"
"010600","웰바이오텍","113599","94882","-18717","182499355","152281885","-30217470"
"123690","한국화장품","10309","6834","-3475","89654960","59368790","-30286170"
"004410","서울식품","318935","213948","-104987","92867662","62210529","-30657133"
"006345","대원전선우","14931","5555","-9376","49229405","18490635","-30738770"
"001060","JW중외제약","15162","13780","-1382","344924650","313608600","-31316050"
"009470","삼화전기","2879","1702","-1177","77777700","45663450","-32114250"
"011330","유니켐","40337","15142","-25195","51401410","19272065","-32129345"
"001630","종근당홀딩스","711","244","-467","49004400","16823100","-32181300"
"011280","태림포장","18867","10441","-8426","76626380","42374435","-34251945"
"058850","KTcs","18895","2989","-15906","41692250","6555950","-35136300"
"015590","큐로","141869","56568","-85301","58200907","23027996","-35172911"
"005390","신성통상","137135","127292","-9843","488370115","452994880","-35375235"
"003570","SNT중공업","5428","1113","-4315","44892640","9212140","-35680500"
"009440","KC그린홀딩스","14064","5209","-8855","56801610","21099750","-35701860"
"010960","삼호개발","13593","5513","-8080","60919300","24735125","-36184175"
"053210","스카이라이프","8351","4076","-4275","70846800","34589100","-36257700"
"102260","동성케미컬","8443","461","-7982","38394845","2102115","-36292730"
"079430","현대리바트","4860","2098","-2762","64600100","27753500","-36846600"
"002390","한독","3812","2030","-1782","78818900","41968650","-36850250"
"000725","현대건설우","578","0","-578","37068400","0","-37068400"
"005320","국동","30532","14137","-16395","69664820","32143890","-37520930"
"001380","SG글로벌","40483","19526","-20957","73231240","35484490","-37746750"
"003920","남양유업","120","24","-96","47547000","9494500","-38052500"
"033180","KH 필룩스","107195","89005","-18190","226903630","188722895","-38180735"
"041650","상신브레이크","13445","2284","-11161","46247155","7842610","-38404545"
"002220","한일철강","18333","6862","-11471","61651525","22962630","-38688895"
"002320","한진","2419","1065","-1354","69588800","30585600","-39003200"
"234080","JW생명과학","4674","1972","-2702","67628300","28498700","-39129600"
"017180","명문제약","15753","5655","-10098","61346515","22084095","-39262420"
"004960","한신공영","4748","2270","-2478","76263800","36372750","-39891050"
"120115","코오롱인더우","1536","189","-1347","45558450","5604900","-39953550"
"272550","삼양패키징","4203","2414","-1789","95112300","54688350","-40423950"
"085620","미래에셋생명","18249","8230","-10019","73302065","32725805","-40576260"
"035000","지투알","8915","2492","-6423","56607320","15872620","-40734700"
"000320","노루홀딩스","4414","850","-3564","50518100","9752400","-40765700"
"003410","쌍용C&E","46802","41413","-5389","356478430","315457800","-41020630"
"034730","SK","54205","53968","-237","12019463500","11977973500","-41490000"
"000970","한국주철관","10646","6133","-4513","97790920","56109160","-41681760"
"025620","제이준코스메틱","187057","143913","-43144","183449320","141654732","-41794588"
"015260","에이엔피","30510","9270","-21240","60076145","18204970","-41871175"
"003555","LG우","931","245","-686","56893900","14947000","-41946900"
"090080","평화산업","49215","22797","-26418","78606620","36379460","-42227160"
"027970","세하","35733","7599","-28134","54242120","11499605","-42742515"
"019175","신풍제약우","2613","1279","-1334","84286050","41281850","-43004200"
"004440","삼일씨엔에스","5021","653","-4368","49474680","6440150","-43034530"
"100220","비상교육","9510","3560","-5950","69641860","26000240","-43641620"
"37550K","DL이앤씨우","749","74","-675","49680500","4876800","-44803700"
"013000","세우글로벌","33414","2776","-30638","48859135","4017875","-44841260"
"007590","동방아그로","24915","18215","-6700","171763780","126745890","-45017890"
"004310","현대약품","24455","15312","-9143","121157300","76115490","-45041810"
"372910","한컴라이프케어","8761","1875","-6886","58536960","12507230","-46029730"
"119650","KC코트렐","11266","2680","-8586","60488880","14304870","-46184010"
"001210","금호전기","35375","13862","-21513","76635220","30242030","-46393190"
"089470","HDC현대EP","16213","6324","-9889","75979535","29533285","-46446250"
"298040","효성중공업","8443","7529","-914","459243500","412066000","-47177500"
"004910","조광페인트","21741","15514","-6227","166345820","118371480","-47974340"
"016580","환인제약","3475","520","-2955","56768200","8532300","-48235900"
"138250","엔에스쇼핑","3550","0","-3550","48342900","0","-48342900"
"145270","케이탑리츠","76021","44508","-31513","117494055","68971125","-48522930"
"007310","오뚜기","545","436","-109","243561000","194704000","-48857000"
"118000","우리들휴브레인","44888","8430","-36458","60415415","11404810","-49010605"
"009160","SIMPAC","119259","112035","-7224","826775000","777378820","-49396180"
"002720","국제약품","13967","4342","-9625","71993190","22448950","-49544240"
"017940","E1","1313","234","-1079","60388000","10761100","-49626900"
"003580","넥스트사이언스","85174","82136","-3038","1323315050","1273611900","-49703150"
"088790","진도","25770","8572","-17198","75023330","25154390","-49868940"
"049800","우진플라임","11610","486","-11124","52300375","2201925","-50098450"
"004380","삼익THK","5604","1420","-4184","67489150","17123000","-50366150"
"001720","신영증권","959","156","-803","60265800","9793100","-50472700"
"308170","센트랄모텍","5746","3001","-2745","105663100","54953550","-50709550"
"016380","KG동부제철","29508","24400","-5108","295366990","244627120","-50739870"
"024070","WISCOM","17737","508","-17229","52418180","1487440","-50930740"
"004150","한솔홀딩스","16705","945","-15760","54231500","3066185","-51165315"
"003230","삼양식품","12370","11824","-546","1100303000","1048978900","-51324100"
"009200","무림페이퍼","152348","133427","-18921","410142395","358792040","-51350355"
"019680","대교","21610","7009","-14601","77164565","25468045","-51696520"
"082640","동양생명","25289","16740","-8549","154788550","102823940","-51964610"
"030610","교보증권","8056","1224","-6832","61517980","9300780","-52217200"
"002870","신풍제지","40409","13992","-26417","80319195","27995260","-52323935"
"024090","디씨엠","4890","2410","-2480","107648250","53173450","-54474800"
"014910","성문전자","32913","9312","-23601","76760610","21759235","-55001375"
"010100","한국프랜지","27052","5873","-21179","70647055","15248810","-55398245"
"009410","태영건설","6977","1286","-5691","68124760","12543240","-55581520"
"000390","삼화페인트","7070","620","-6450","60958550","5358130","-55600420"
"000700","유수홀딩스","13162","2844","-10318","71598210","15489370","-56108840"
"023810","인팩","8860","3514","-5346","93324450","37084400","-56240050"
"306200","세아제강","927","313","-614","86505000","29254500","-57250500"
"229640","LS전선아시아","8123","517","-7606","61277090","3871460","-57405630"
"058730","다스코","12922","827","-12095","61770745","3935820","-57834925"
"007700","F&F홀딩스","13042","10812","-2230","343169400","284952550","-58216850"
"282330","BGF리테일","10394","10026","-368","1694540500","1635821000","-58719500"
"042670","현대두산인프라코어","134849","125873","-8976","886320600","827174420","-59146180"
"069730","DSR제강","16001","2570","-13431","71510720","11576835","-59933885"
"016590","신대양제지","752","67","-685","67879000","6022600","-61856400"
"003470","유안타증권","24728","7215","-17513","87957720","25654465","-62303255"
"268280","미원에스씨","354","34","-320","69797000","6715000","-63082000"
"353200","대덕전자","98674","95696","-2978","2170454150","2106752900","-63701250"
"003060","에이프로젠제약","120008","33999","-86009","90406619","25567324","-64839295"
"000400","롯데손해보험","44044","6400","-37644","76222255","11072640","-65149615"
"095570","AJ네트웍스","16880","4740","-12140","91750320","25746130","-66004190"
"026960","동서","20190","17690","-2500","540816550","474575050","-66241500"
"077970","STX엔진","11022","4025","-6997","104425710","37987010","-66438700"
"264900","크라운제과","8037","626","-7411","73045650","5674700","-67370950"
"005750","대림B&Co","11068","1187","-9881","76087340","8138130","-67949210"
"334890","이지스밸류리츠","13739","2081","-11658","80569870","12212340","-68357530"
"001020","페이퍼코리아","60759","25944","-34815","119173010","50802565","-68370445"
"001200","유진투자증권","38714","16478","-22236","119881740","51066815","-68814925"
"004560","현대비앤지스틸","6267","1784","-4483","96413600","27576900","-68836700"
"001800","오리온홀딩스","14678","9706","-4972","205827900","136271750","-69556150"
"003240","태광산업","92","24","-68","94142000","24482000","-69660000"
"175330","JB금융지주","46296","37812","-8484","381066060","310931580","-70134480"
"009580","무림P&P","30769","13068","-17701","122304700","52156395","-70148305"
"281820","케이씨텍","6637","3237","-3400","136823750","66636700","-70187050"
"004710","한솔테크닉스","15593","4224","-11369","98730680","26764160","-71966520"
"084690","대상홀딩스","9987","1866","-8121","88857920","16671440","-72186480"
"036580","팜스코","31992","20489","-11503","201378400","128837330","-72541070"
"031820","콤텍시스템","127134","43822","-83312","114078478","39432027","-74646451"
"034300","신세계건설","3412","1006","-2406","107326950","31550700","-75776250"
"155660","DSR","20053","5838","-14215","106896520","31098840","-75797680"
"008700","아남전자","75540","40359","-35181","161901310","85993455","-75907855"
"114090","GKL","53123","47960","-5163","792553400","716251400","-76302000"
"005945","NH투자증권우","7210","99","-7111","77749650","1069200","-76680450"
"001940","KISCO홀딩스","6386","1471","-4915","100091500","23171050","-76920450"
"033530","세종공업","21704","10860","-10844","155483490","77653990","-77829500"
"317400","자이에스앤디","9231","607","-8624","83859790","5490320","-78369470"
"001360","삼성제약","49940","30927","-19013","208193105","128811640","-79381465"
"000225","유유제약1우","29547","22424","-7123","320201350","240679850","-79521500"
"000180","성창기업지주","41462","5678","-35784","93210990","12703095","-80507895"
"004360","세방","8647","1253","-7394","96597800","14046400","-82551400"
"006380","카프로","37480","15532","-21948","141798600","58750450","-83048150"
"000230","일동홀딩스","67801","62144","-5657","879196750","795675200","-83521550"
"010420","한솔PNS","62082","19145","-42937","121238740","37285855","-83952885"
"009460","한창제지","128166","85754","-42412","256763065","172568095","-84194970"
"010955","S-Oil우","2009","326","-1683","101297200","16388050","-84909150"
"026940","부국철강","26904","5809","-21095","108294405","23341900","-84952505"
"002030","아세아","802","213","-589","114659000","29661500","-84997500"
"000890","보해양조","469800","382252","-87548","437448566","351605616","-85842950"
"136490","선진","14471","6107","-8364","149599200","63297250","-86301950"
"002270","롯데푸드","385","112","-273","122047500","35501000","-86546500"
"017810","풀무원","7390","2124","-5266","121622200","34782550","-86839650"
"071970","STX중공업","29294","8636","-20658","123427835","36320695","-87107140"
"004490","세방전지","5176","3779","-1397","325911300","237541800","-88369500"
"170900","동아에스티","2327","1007","-1320","156173100","67517800","-88655300"
"008970","동양철관","186427","107745","-78682","210220490","121519570","-88700920"
"003030","세아제강지주","2115","1257","-858","220848500","131812500","-89036000"
"024900","덕양산업","46829","21156","-25673","163404440","74088545","-89315895"
"000680","LS네트웍스","96539","72633","-23906","360927630","271285390","-89642240"
"001570","금양","47505","27015","-20490","208460270","118718220","-89742050"
"007280","한국특강","36814","6654","-30160","110578935","20065575","-90513360"
"023150","MH에탄올","13097","3614","-9483","124701180","34165390","-90535790"
"015230","대창단조","25749","4341","-21408","109839295","18434790","-91404505"
"003610","방림","101719","70868","-30851","305443285","213666085","-91777200"
"012160","영흥","139849","37633","-102216","127532664","34470386","-93062278"
"013580","계룡건설","10020","7372","-2648","350604550","257456250","-93148300"
"033240","자화전자","84827","80793","-4034","1885508200","1792220100","-93288100"
"014820","동원시스템즈","11653","9837","-1816","612791400","519440500","-93350900"
"100250","진양홀딩스","42448","17476","-24972","159941650","65376975","-94564675"
"010690","화신","25694","11649","-14045","173219250","78365950","-94853300"
"006490","인스코비","150151","113289","-36862","388743020","293518415","-95224605"
"005010","휴스틸","11241","5316","-5925","180346350","85053450","-95292900"
"012030","DB","131345","19680","-111665","113170449","16985293","-96185156"
"000640","동아쏘시오홀딩스","1381","421","-960","138677200","41995200","-96682000"
"192400","쿠쿠홀딩스","9724","4122","-5602","168865550","71559100","-97306450"
"213500","한솔제지","10526","2638","-7888","129859850","32551350","-97308500"
"017900","광전자","36440","2142","-34298","103447175","6097585","-97349590"
"072130","유엔젤","26906","4911","-21995","119409195","21790975","-97618220"
"115390","락앤락","27993","18270","-9723","281263320","183508250","-97755070"
"075580","세진중공업","37571","22409","-15162","241439180","143613690","-97825490"
"002020","코오롱","6739","3319","-3420","193247750","95212650","-98035100"
"027740","마니커","139822","63148","-76674","178796085","80672500","-98123585"
"069460","대호에이엘","34549","4927","-29622","118069885","16803650","-101266235"
"044380","주연테크","164974","70967","-94007","179644605","76834825","-102809780"
"005440","현대그린푸드","44959","32685","-12274","376769710","273625600","-103144110"
"002140","고려산업","245596","216413","-29183","833441955","730012380","-103429575"
"002240","고려제강","5221","149","-5072","107498150","3071700","-104426450"
"025750","한솔홈데코","147635","79069","-68566","230598590","124021125","-106577465"
"073240","금호타이어","65812","38853","-26959","262124835","154956780","-107168055"
"007980","태평양물산","61033","13526","-47507","139952875","30791365","-109161510"
"111110","호전실업","40277","28744","-11533","396764620","286957350","-109807270"
"009320","대우부품","69076","17223","-51853","146741865","36743365","-109998500"
"002840","미원상사","599","28","-571","115379000","5348000","-110031000"
"400760","NH올원리츠","22069","781","-21288","114697220","4061200","-110636020"
"012630","HDC","25397","10543","-14854","190575870","78999910","-111575960"
"103590","일진전기","38145","13738","-24407","174264535","62682640","-111581895"
"002880","대유에이텍","132615","35793","-96822","152877500","41167680","-111709820"
"126560","현대퓨처넷","42383","10402","-31981","148585510","36446200","-112139310"
"003560","IHQ","123023","27257","-95766","145328770","32017145","-113311625"
"008490","서흥","3300","381","-2919","128251450","14871400","-113380050"
"058430","포스코강판","6297","3694","-2603","280244100","164538900","-115705200"
"018250","애경산업","12389","6236","-6153","232968950","117256300","-115712650"
"042700","한미반도체","24022","20623","-3399","804243900","688181500","-116062400"
"000670","영풍","288","107","-181","185842000","68780000","-117062000"
"011930","신성이엔지","100231","32389","-67842","173269810","56079085","-117190725"
"004270","남성","58162","19172","-38990","174794230","57380780","-117413450"
"005610","SPC삼립","2017","585","-1432","165547900","47980900","-117567000"
"082740","HSD엔진","87497","73528","-13969","741982660","623506370","-118476290"
"031430","신세계인터내셔날","12739","11949","-790","1897075500","1777747500","-119328000"
"077500","유니퀘스트","33803","22875","-10928","372351100","252148200","-120202900"
"286940","롯데정보통신","8342","4865","-3477","287825650","167585450","-120240200"
"023960","에쓰씨엔지니어링","149038","105136","-43902","408251660","285922470","-122329190"
"079980","휴비스","22619","4915","-17704","156866570","34070110","-122796460"
"071055","한국금융지주우","2420","487","-1933","156228600","31461100","-124767500"
"029530","신도리코","4828","898","-3930","153378350","28524000","-124854350"
"012280","영화금속","140158","47921","-92237","190387340","65367370","-125019970"
"006405","삼성SDI우","732","307","-425","214997500","89843000","-125154500"
"004060","SG세계물산","367803","180593","-187210","248123084","121786819","-126336265"
"000120","CJ대한통운","13281","12259","-1022","1660953500","1531740500","-129213000"
"100840","SNT에너지","14507","7589","-6918","269069950","139331150","-129738800"
"070960","용평리조트","40671","14720","-25951","206096800","74554950","-131541850"
"003545","대신증권우","10997","2061","-8936","162564350","30591300","-131973050"
"071050","한국금융지주","40038","38323","-1715","3114402000","2981757600","-132644400"
"093230","이아이디","1191874","672472","-519402","310739143","175271687","-135467456"
"025860","남해화학","137375","122163","-15212","1303732890","1167854960","-135877930"
"009190","대양금속","52007","19997","-32010","221137835","84756370","-136381465"
"032560","황금에스티","39718","24525","-15193","361099950","222493370","-138606580"
"007110","일신석재","122104","45391","-76713","223602115","83327405","-140274710"
"049770","동원F&B","2291","1508","-783","408481500","268127500","-140354000"
"018670","SK가스","1730","550","-1180","205994500","64441500","-141553000"
"009290","광동제약","24177","3914","-20263","168828520","27270460","-141558060"
"068290","삼성출판사","8539","3467","-5072","239864900","97376800","-142488100"
"344820","KCC글라스","6964","4451","-2513","392876100","250189400","-142686700"
"241590","화승엔터프라이즈","25968","17096","-8872","425947950","280121350","-145826600"
"200880","서연이화","43351","22863","-20488","311112400","163194780","-147917620"
"192650","드림텍","40051","26170","-13881","432294500","281539550","-150754950"
"004140","동방","86964","42057","-44907","301122735","146241045","-154881690"
"102460","이연제약","12857","7127","-5730","359029200","198258700","-160770500"
"016740","두올","52541","6940","-45601","188521360","24952845","-163568515"
"003720","삼영화학","68716","21283","-47433","237256450","73360535","-163895915"
"002350","넥센타이어","52851","26923","-25928","337565680","171573220","-165992460"
"030210","KTB투자증권","75747","43353","-32394","385833840","218731370","-167102470"
"023590","다우기술","10302","2105","-8197","213909950","43653500","-170256450"
"183190","아세아시멘트","2730","1525","-1205","387092500","216281500","-170811000"
"016710","대성홀딩스","11655","8172","-3483","577434450","405282400","-172152050"
"014580","태경비케이","42424","3077","-39347","185907595","13542735","-172364860"
"024890","대원화성","118444","67950","-50494","401231755","228295085","-172936670"
"001790","대한제당","75576","13133","-62443","211055355","36718530","-174336825"
"010640","진양폴리","28017","6833","-21184","231815990","56687590","-175128400"
"950210","프레스티지바이오파마","17174","5336","-11838","258432400","80182600","-178249800"
"005420","코스모화학","26711","12837","-13874","344818700","165743450","-179075250"
"037560","LG헬로비전","92538","56724","-35814","471630220","289669190","-181961030"
"017550","수산중공업","105626","29529","-76097","259954245","72755295","-187198950"
"000300","대유플러스","278574","131390","-147184","369636110","174842590","-194793520"
"039490","키움증권","16029","14061","-1968","1583612900","1388286300","-195326600"
"293940","신한알파리츠","24734","312","-24422","198250910","2502480","-195748430"
"008060","대덕","34070","6091","-27979","240401890","43043000","-197358890"
"000370","한화손해보험","75369","22548","-52821","282165730","84428920","-197736810"
"003690","코리안리","43966","23834","-20132","433307810","234438420","-198869390"
"004720","팜젠사이언스","31635","10634","-21001","299279230","100110260","-199168970"
"267260","현대일렉트릭","25464","15250","-10214","495393350","296167800","-199225550"
"007570","일양약품","18911","10989","-7922","476489300","276256400","-200232900"
"248070","솔루엠","23466","14750","-8716","542820700","340861800","-201958900"
"161000","애경케미칼","33025","12534","-20491","328534760","124568400","-203966360"
"001820","삼화콘덴서","19683","16171","-3512","1110193200","905589600","-204603600"
"031440","신세계푸드","3905","1406","-2499","319160900","114414700","-204746200"
"008260","NI스틸","146479","101328","-45151","666842570","459786760","-207055810"
"004980","성신양회","54505","37635","-16870","666964600","459880550","-207084050"
"006840","AK홀딩스","23294","13853","-9441","513118050","304022150","-209095900"
"008420","문배철강","174581","125154","-49427","739461635","528734920","-210726715"
"001510","SK증권","310028","63229","-246799","267823306","54709032","-213114274"
"178920","PI첨단소재","32503","27508","-4995","1392566450","1177872000","-214694450"
"090350","노루페인트","56785","37227","-19558","613981550","398881600","-215099950"
"002410","범양건영","150332","96966","-53366","613053715","394575800","-218477915"
"026890","스틱인베스트먼트","83660","61716","-21944","839275090","620448490","-218826600"
"244920","에이플러스에셋","35157","4825","-30332","254296450","34950310","-219346140"
"003200","일신방직","2435","595","-1840","292414000","71670000","-220744000"
"001680","대상","24087","14473","-9614","559321250","335332350","-223988900"
"181710","NHN","18567","11966","-6601","646155400","416117250","-230038150"
"064960","SNT모티브","13290","7909","-5381","566862550","336204600","-230657950"
"015020","이스타코","262411","140869","-121542","507988025","276852785","-231135240"
"017960","한국카본","44055","21645","-22410","454670850","223239300","-231431550"
"007210","벽산","112846","36458","-76388","346864665","111875625","-234989040"
"092440","기신정기","127616","78050","-49566","603295960","366585400","-236710560"
"006260","LS","30993","26030","-4963","1484717550","1246534650","-238182900"
"145720","덴티움","10111","5822","-4289","567778500","328023300","-239755200"
"011500","한농화성","25751","8533","-17218","360171850","119577900","-240593950"
"001390","KG케미칼","14920","5816","-9104","402581050","157310700","-245270350"
"210540","디와이파워","31835","13985","-17850","441686700","194243650","-247443050"
"104700","한국철강","90998","59722","-31276","744321830","489892290","-254429540"
"014160","대영포장","174170","63894","-110276","406130110","149663140","-256466970"
"214330","금호에이치티","241263","89498","-151765","415628855","155078425","-260550430"
"298690","에어부산","497427","387706","-109721","1182727165","915572190","-267154975"
"009270","신원","325600","195524","-130076","669084965","401333575","-267751390"
"000020","동화약품","42796","21392","-21404","545076450","273031800","-272044650"
"300720","한일시멘트","27334","12305","-15029","501677650","226217050","-275460600"
"023530","롯데쇼핑","23548","20268","-3280","2045263800","1761131400","-284132400"
"284740","쿠쿠홈시스","9304","1796","-7508","353140300","68046700","-285093600"
"083420","그린케미칼","65522","35504","-30018","629376520","338794970","-290581550"
"111770","영원무역","39789","32830","-6959","1636894350","1345040800","-291853550"
"000070","삼양홀딩스","5719","2207","-3512","474671000","182744200","-291926800"
"019180","티에이치엔","78882","7830","-71052","325600360","32390400","-293209960"
"007460","에이프로젠 MED","272289","67290","-204999","394686140","97018070","-297668070"
"003960","사조대림","23673","12578","-11095","647403950","348324650","-299079300"
"103140","풍산","31582","21951","-9631","983747500","680317450","-303430050"
"214420","토니모리","244280","181501","-62779","1167977835","862639750","-305338085"
"307950","현대오토에버","13979","11202","-2777","1526446000","1215180500","-311265500"
"002900","TYM","392509","185246","-207263","596593755","284119475","-312474280"
"365550","ESR켄달스퀘어리츠","58510","6492","-52018","354936910","39392170","-315544740"
"005300","롯데칠성","12113","10175","-1938","2007119500","1687983500","-319136000"
"092780","동양피스톤","76586","20597","-55989","453707980","122526610","-331181370"
"003540","대신증권","22899","2630","-20269","374728100","43094900","-331633200"
"005950","이수화학","43713","17315","-26398","551296800","218473100","-332823700"
"057050","현대홈쇼핑","7967","2335","-5632","471950300","138406400","-333543900"
"016880","웅진","299503","129701","-169802","588307970","253182720","-335125250"
"016090","대현","320726","188278","-132448","832018160","486022740","-345995420"
"017800","현대엘리베이","81782","72317","-9465","2998087900","2651362150","-346725750"
"007690","국도화학","10938","4122","-6816","568908400","214006000","-354902400"
"007660","이수페타시스","501381","454362","-47019","3749915890","3391934880","-357981010"
"007070","GS리테일","28739","14885","-13854","754586450","390832750","-363753700"
"034310","NICE","21652","0","-21652","364145300","0","-364145300"
"267850","아시아나IDT","97255","79376","-17879","1980005450","1609400450","-370605000"
"004835","덕성우","42169","23020","-19149","815958100","442540900","-373417200"
"383800","LX홀딩스","40931","2859","-38072","406063580","28463210","-377600370"
"095720","웅진씽크빅","161191","28724","-132467","467429615","83157885","-384271730"
"035510","신세계 I&C","6523","4240","-2283","1115176000","729758000","-385418000"
"009450","경동나비엔","13644","5126","-8518","624902500","233921550","-390980950"
"006740","영풍제지","48514","8561","-39953","476022010","84719280","-391302730"
"006890","태경케미컬","85349","54206","-31143","1101717100","698503200","-403213900"
"003010","혜인","89820","19130","-70690","518533060","109767920","-408765140"
"194370","제이에스코퍼레이션","29716","12258","-17458","697667450","287524700","-410142750"
"039130","하나투어","18723","13014","-5709","1447811600","1009752500","-438059100"
"005090","SGC에너지","11868","3294","-8574","609398100","168815600","-440582500"
"001450","현대해상","214916","198219","-16697","5916084550","5450510850","-465573700"
"060980","한라홀딩스","15258","3599","-11659","619133000","145483350","-473649650"
"002700","신일전자","327908","97814","-230094","689005175","205532615","-483472560"
"192080","더블유게임즈","18939","8963","-9976","942622150","447100750","-495521400"
"005070","코스모신소재","38282","25126","-13156","1463873900","954491300","-509382600"
"004800","효성","10812","4559","-6253","883853300","372695900","-511157400"
"051600","한전KPS","86831","72058","-14773","3033369300","2516296550","-517072750"
"011420","갤럭시아에스엠","260507","53968","-206539","656415350","135046510","-521368840"
"005850","에스엘","42049","20737","-21312","1044431050","512724400","-531706650"
"014830","유니드","16658","10339","-6319","1404649700","870030500","-534619200"
"130660","한전산업","116837","70448","-46389","1368901550","832442650","-536458900"
"011700","한신기계","410460","262230","-148230","1520133040","971661295","-548471745"
"001470","삼부토건","822632","562579","-260053","1725347505","1172675650","-552671855"
"037270","YG PLUS","222237","145772","-76465","1600270930","1044313370","-555957560"
"005870","휴니드","171891","98750","-73141","1408805670","817361000","-591444670"
"030000","제일기획","95098","68936","-26162","2176336250","1571179150","-605157100"
"091090","세원이앤씨","681022","109418","-571604","728873640","116868100","-612005540"
"088350","한화생명","735094","532461","-202633","2216914675","1601410975","-615503700"
"271560","오리온","52832","46174","-6658","5201295100","4544200700","-657094400"
"011000","진원생명과학","80081","32420","-47661","1105402550","444354950","-661047600"
"102280","쌍방울","1267264","257975","-1009289","835388361","169265290","-666123071"
"081660","휠라홀딩스","165672","144155","-21517","5174653650","4507517800","-667135850"
"336370","솔루스첨단소재","51148","40577","-10571","3185033300","2509359500","-675673800"
"008930","한미사이언스","29072","14963","-14109","1399769900","720543450","-679226450"
"004250","NPC","777840","704817","-73023","6851812660","6171535960","-680276700"
"029780","삼성카드","61083","38872","-22211","1958598600","1244553300","-714045300"
"003530","한화투자증권","332183","180922","-151261","1610131415","874639250","-735492165"
"047050","포스코인터내셔널","145463","107200","-38263","2848662100","2103267650","-745394450"
"004770","써니전자","419225","172823","-246402","1271052745","523463395","-747589350"
"064350","현대로템","102599","61988","-40611","1940588150","1172653050","-767935100"
"051900","LG생활건강","28746","27991","-755","28959309000","28190943000","-768366000"
"009310","참엔지니어링","909221","323972","-585249","1227968325","444439420","-783528905"
"001430","세아베스틸","55689","9418","-46271","950935800","161043900","-789891900"
"001250","GS글로벌","488751","127157","-361594","1089659005","282046970","-807612035"
"010780","아이에스동서","28596","13439","-15157","1521618900","711943600","-809675300"
"145990","삼양사","18140","1518","-16622","928921000","78040900","-850880100"
"267270","현대건설기계","85954","60387","-25567","2867261800","2011845000","-855416800"
"007860","서연","129216","53644","-75572","1551961100","649211500","-902749600"
"007810","코리아써키트","148380","116095","-32285","4438471700","3460992600","-977479100"
"001740","SK네트웍스","267786","43938","-223848","1172496845","192558175","-979938670"
"052690","한전기술","140965","130636","-10329","12092653600","11093073000","-999580600"
"000150","두산","46513","35922","-10591","4408099400","3401555700","-1006543700"
"271940","일진하이솔루스","32046","7973","-24073","1345547350","335376500","-1010170850"
"003670","포스코케미칼","72177","63126","-9051","8153966000","7136220500","-1017745500"
"002360","SH에너지화학","8885135","8081151","-803984","11061375520","10027872365","-1033503155"
"007340","디티알오토모티브","21990","6840","-15150","1530513100","477872700","-1052640400"
"084010","대한제강","134766","87002","-47764","2991309350","1932835750","-1058473600"
"138490","코오롱플라스틱","143220","39626","-103594","1465612850","405001130","-1060611720"
"138930","BNK금융지주","714308","581387","-132921","5700492660","4632820960","-1067671700"
"000815","삼성화재우","8142","1194","-6948","1266704500","186417500","-1080287000"
"105840","우진","203011","71978","-131033","1691867360","599112400","-1092754960"
"028050","삼성엔지니어링","368173","319883","-48290","8263395600","7132640500","-1130755100"
"002460","화성산업","118159","64439","-53720","2502683200","1343034200","-1159649000"
"180640","한진칼","43622","22518","-21104","2391678700","1231332000","-1160346700"
"097520","엠씨넥스","59607","33049","-26558","2652935600","1469633500","-1183302100"
"005385","현대차우","23789","10821","-12968","2184324100","993003900","-1191320200"
"009540","한국조선해양","54685","40173","-14512","4561488400","3349258800","-1212229600"
"032350","롯데관광개발","156002","86190","-69812","2788284500","1542543050","-1245741450"
"018880","한온시스템","593540","488343","-105197","7020942850","5764963150","-1255979700"
"006280","녹십자","27311","20756","-6555","5342202000","4085050500","-1257151500"
"272210","한화시스템","118199","32052","-86147","1766845650","475190300","-1291655350"
"002710","TCC스틸","196136","59602","-136534","1869519350","568088900","-1301430450"
"035150","백산","215845","86707","-129138","2237515900","895299400","-1342216500"
"042660","대우조선해양","144136","80925","-63211","3181739400","1777154950","-1404584450"
"006200","한국전자홀딩스","938100","202243","-735857","1868223935","397757055","-1470466880"
"006340","대원전선","1595897","888347","-707550","3339456800","1852803805","-1486652995"
"010120","LS ELECTRIC","134863","97435","-37428","5444451300","3927816150","-1516635150"
"381970","케이카","75683","25279","-50404","2288796400","762281650","-1526514750"
"000720","현대건설","188252","150280","-37972","7897930300","6307884550","-1590045750"
"010060","OCI","74022","57892","-16130","7145849500","5554426300","-1591423200"
"267250","현대중공업지주","100589","65899","-34690","4899042200","3206982350","-1692059850"
"019170","신풍제약","242077","168485","-73592","5642214050","3946687600","-1695526450"
"024110","기업은행","580427","423639","-156788","6327201100","4610313900","-1716887200"
"051915","LG화학우","8747","2675","-6072","2568357000","783659500","-1784697500"
"010950","S-Oil","150692","128933","-21759","12329803000","10543798300","-1786004700"
"000880","한화","103679","39004","-64675","2971415150","1116333750","-1855081400"
"377300","카카오페이","36773","23387","-13386","5134029000","3254238000","-1879791000"
"108670","LX하우시스","53080","15044","-38036","2751118900","780361200","-1970757700"
"036460","한국가스공사","97248","39445","-57803","3433088850","1395819650","-2037269200"
"014680","한솔케미칼","29407","19649","-9758","6265958500","4183690000","-2082268500"
"093370","후성","335564","226264","-109300","6621966450","4468156800","-2153809650"
"004170","신세계","19964","11618","-8346","5178267000","3008667000","-2169600000"
"006360","GS건설","124133","70069","-54064","5046458400","2848287250","-2198171150"
"088980","맥쿼리인프라","182087","20159","-161928","2495794050","276885100","-2218908950"
"012510","더존비즈온","68051","23629","-44422","3467096800","1205081200","-2262015600"
"020560","아시아나항공","196851","79681","-117170","4059700150","1633357500","-2426342650"
"004000","롯데정밀화학","49391","17086","-32305","3916460000","1352793800","-2563666200"
"005830","DB손해보험","191706","144929","-46777","11355855200","8590333100","-2765522100"
"069960","현대백화점","66151","30563","-35588","5146043500","2372506600","-2773536900"
"002380","KCC","19308","9769","-9539","6107131000","3086740500","-3020390500"
"005387","현대차2우B","42064","6039","-36025","3919870600","561495600","-3358375000"
"012450","한화에어로스페이스","141471","65677","-75794","6466193450","2981956050","-3484237400"
"139480","이마트","61657","33774","-27883","7691543000","4202676500","-3488866500"
"298050","효성첨단소재","17510","9406","-8104","7869389500","4210737000","-3658652500"
"010620","현대미포조선","92996","42927","-50069","6898564100","3191924800","-3706639300"
"000270","기아","237144","188713","-48431","18404762900","14657870800","-3746892100"
"092220","KEC","1490991","215399","-1275592","4590490660","656931705","-3933558955"
"009830","한화솔루션","239402","114566","-124836","7672287750","3667310000","-4004977750"
"011170","롯데케미칼","43391","23823","-19568","9784148500","5371266000","-4412882500"
"005380","현대차","183372","158737","-24635","33270192000","28791592500","-4478599500"
"004830","덕성","459046","160420","-298626","7145608500","2508723350","-4636885150"
"298020","효성티앤씨","19747","9562","-10185","9170992000","4440419000","-4730573000"
"032830","삼성생명","137633","57905","-79728","8517426300","3579873300","-4937553000"
"005490","POSCO","74915","56391","-18524","20721953500","15618094000","-5103859500"
"003000","부광약품","2001595","1551649","-449946","25560108650","19949686150","-5610422500"
"302440","SK바이오사이언스","112569","73633","-38936","16505867000","10763280500","-5742586500"
"383220","F&F","12421","5244","-7177","9980700000","4211272000","-5769428000"
"000810","삼성화재","150858","121694","-29164","29794553500","23949272000","-5845281500"
"011200","HMM","3581570","3385269","-196301","110790592850","104722427550","-6068165300"
"079550","LIG넥스원","124746","24595","-100151","7806030700","1532540800","-6273489900"
"000060","메리츠화재","511152","359813","-151339","22202562400","15691415400","-6511147000"
"138040","메리츠금융지주","418491","243788","-174703","16892980200","9866367450","-7026612750"
"000990","DB하이텍","274695","165082","-109613","18689773700","11241653500","-7448120200"
"034220","LG디스플레이","1201519","658388","-543131","22379743550","12270649550","-10109094000"
"096770","SK이노베이션","116878","61400","-55478","23670402500","12449838000","-11220564500"
"035420","NAVER","157944","121123","-36821","49027359500","37659977500","-11367382000"
"035720","카카오","442665","312369","-130296","40738588700","28739869200","-11998719500"
"035250","강원랜드","805786","331131","-474655","21190075200","8713839900","-12476235300"
"066570","LG전자","227976","112099","-115877","27740728500","13642165500","-14098563000"
"000660","SK하이닉스","1205267","986569","-218698","153672441500","126056197500","-27616244000"
"036570","엔씨소프트","155285","93746","-61539","72176545000","43444279500","-28732265500"
"352820","하이브","211906","64683","-147223","58769509500","17907201000","-40862308500"
"373220","LG에너지솔루션","167394","14654","-152740","74079572500","6469968000","-67609604500"
"051910","LG화학","305293","132512","-172781","181500900000","78683203000","-102817697000"