종목코드,종목명,거래량_매도,거래량_매수,거래량_순매수,거래대금_매도,거래대금_매수,거래대금_순매수
"066970","엘앤에프","112783","218083","105300","21561934300","41688602900","20126668600"
"053050","지에스이","3427709","5148191","1720482","20581732670","30530834790","9949102120"
"112040","위메이드","138748","233464","94716","14093484000","23671153600","9577669600"
"106240","파인테크닉스","652390","1019146","366756","8660689650","13533755450","4873065800"
"005290","동진쎄미켐","61498","196054","134556","2067474150","6588549750","4521075600"
"096530","씨젠","199671","288242","88571","10067414900","14541815700","4474400800"
"247540","에코프로비엠","43375","55966","12591","14989735800","19309508600","4319772800"
"048410","현대바이오","410614","546499","135885","13017925850","17311621350","4293695500"
"108320","LX세미콘","20252","52792","32540","2283092000","5929635700","3646543700"
"051370","인터플렉스","255545","455476","199931","4544561050","8049981250","3505420200"
"376300","디어유","63936","124996","61060","3055088650","5975329700","2920241050"
"035080","인터파크","1024504","1450797","426293","6398876980","9023665170","2624788190"
"278280","천보","14726","22762","8036","4190884800","6502794600","2311909800"
"078340","컴투스","41873","62674","20801","4563794100","6833409100","2269615000"
"272290","이녹스첨단소재","39357","89399","50042","1668534050","3777655200","2109121150"
"067310","하나마이크론","84549","196823","112274","1540098100","3578696000","2038597900"
"041510","에스엠","159414","186037","26623","11346987600","13250163100","1903175500"
"024740","한일단조","1715958","2261105","545147","5633317430","7397314140","1763996710"
"253450","스튜디오드래곤","19770","39990","20220","1711515200","3457501400","1745986200"
"027710","팜스토리","7985372","8668677","683305","21554771760","23246662435","1691890675"
"299900","위지윅스튜디오","86202","134950","48748","2853180850","4461527750","1608346900"
"222800","심텍","202704","235781","33077","9763675950","11329682550","1566006600"
"142760","바이오리더스","281380","444911","163531","2753733490","4314644070","1560910580"
"033310","엠투엔","166199","388570","222371","1041294140","2441247060","1399952920"
"037950","엘컴텍","914034","1762210","848176","1433771810","2766377990","1332606180"
"240810","원익IPS","59529","93967","34438","2247131550","3545639200","1298507650"
"237880","클리오","43705","96729","53024","1051485700","2320863300","1269377600"
"024060","흥구석유","1077537","1246287","168750","9033970250","10301651940","1267681690"
"086520","에코프로","68151","83923","15772","5042852800","6201550000","1158697200"
"091120","이엠텍","66800","93978","27178","2834503000","3967312600","1132809600"
"205470","휴마시스","478067","533485","55418","10268510950","11377720800","1109209850"
"348370","엔켐","21528","32801","11273","2081480100","3147786800","1066306700"
"058470","리노공업","18539","24162","5623","3228101800","4206673900","978572100"
"189300","인텔리안테크","12563","24819","12256","993291300","1963025800","969734500"
"218150","미래생명자원","2574555","2722799","148244","18505555260","19466013030","960457770"
"214150","클래시스","178191","229028","50837","3340498300","4247522350","907024050"
"056090","유앤아이","36512","69157","32645","900223250","1805382800","905159550"
"101730","위메이드맥스","134619","169088","34469","3596394800","4496808250","900413450"
"276730","제주맥주","945580","1206416","260836","2914906615","3714678055","799771440"
"016790","현대사료","49962","92638","42676","854563350","1579906600","725343250"
"263020","디케이앤디","60883","222054","161171","262780700","953945330","691164630"
"311390","네오크레마","25599","57934","32335","520498050","1195408300","674910250"
"160550","NEW","35359","101146","65787","363900100","1030571650","666671550"
"298380","에이비엘바이오","115265","141432","26167","2909800100","3569876400","660076300"
"056190","에스에프에이","39707","56902","17195","1526557800","2181880550","655322750"
"067630","HLB생명과학","62378","125647","63269","638602800","1288145950","649543150"
"104200","NHN벅스","170947","214557","43610","2530454150","3158769600","628315450"
"078350","한양디지텍","73891","114974","41083","1045885700","1634136950","588251250"
"098460","고영","62437","93218","30781","1162090250","1737311700","575221450"
"241710","코스메카코리아","19024","51841","32817","307904800","843670200","535765400"
"033170","시그네틱스","1269491","1491939","222448","3040042470","3542020190","501977720"
"091700","파트론","105578","148283","42705","1207362050","1696281550","488919500"
"039200","오스코텍","31112","47340","16228","924946200","1406989600","482043400"
"353810","이지바이오","308123","410424","102301","1442812625","1919107600","476294975"
"081150","티플랙스","985510","1079028","93518","4560191070","5036260090","476069020"
"080160","모두투어","32827","52412","19585","795390500","1269025700","473635200"
"291230","엔피","48441","99433","50992","443430190","907812860","464382670"
"079370","제우스","10207","28545","18338","260507300","724149750","463642450"
"095700","제넥신","18700","28923","10223","842188450","1299913950","457725500"
"179290","엠아이텍","117229","183046","65817","811151710","1268512220","457360510"
"293780","압타바이오","47903","67648","19745","1121767300","1576497650","454730350"
"128660","피제이메탈","815992","895208","79216","4826717920","5280452470","453734550"
"206650","유바이오로직스","107375","124352","16977","2547578500","2961321050","413742550"
"148150","세경하이테크","30509","47225","16716","733670800","1135350800","401680000"
"119610","인터로조","7158","20120","12962","220732450","616796400","396063950"
"347770","핌스","34764","50949","16185","831479550","1212253300","380773750"
"090460","비에이치","65275","85387","20112","1245812850","1623371900","377559050"
"103840","우양","42999","110536","67537","237694420","611431040","373736620"
"051360","토비스","63436","99524","36088","631151410","990955400","359803990"
"074600","원익QnC","41525","55505","13980","1063255950","1418302850","355046900"
"030190","NICE평가정보","13095","31529","18434","241887550","582287250","340399700"
"000440","중앙에너비스","509235","525020","15785","13217344550","13548908500","331563950"
"084370","유진테크","40751","48258","7507","1791398094","2121405844","330007750"
"039030","이오테크닉스","11119","14371","3252","1123969300","1451961700","327992400"
"084990","헬릭스미스","15345","32530","17185","283450750","601092900","317642150"
"083650","비에이치아이","65076","137439","72363","286278315","601337185","315058870"
"228670","레이","8445","21984","13539","188696550","491631750","302935200"
"067990","도이치모터스","123160","157847","34687","1044127920","1335545630","291417710"
"289220","자이언트스텝","35447","42210","6763","1521655550","1811343450","289687900"
"108860","셀바스AI","139582","178511","38929","1069055910","1353112290","284056380"
"061250","화일약품","84107","194516","110409","215279500","496826925","281547425"
"023900","풍국주정","10203","26730","16527","174797550","455132900","280335350"
"141080","레고켐바이오","32043","38563","6520","1349168100","1627288950","278120850"
"164060","이루다","25285","48162","22877","307738000","577154300","269416300"
"137400","피엔티","51987","58492","6505","2069563300","2336917250","267353950"
"097870","효성오앤비","587943","616751","28808","5450486380","5717136220","266649840"
"181340","이즈미디어","16497","38701","22204","193306800","454454850","261148050"
"060240","룽투코리아","98800","142434","43634","596423840","854888060","258464220"
"060250","NHN한국사이버결제","63597","74415","10818","1511328500","1768537350","257208850"
"049830","승일","39061","55004","15943","618905000","874205050","255300050"
"183490","엔지켐생명과학","88480","96794","8314","2829808650","3077915450","248106800"
"031980","피에스케이홀딩스","45692","62191","16499","682916450","924905700","241989250"
"252500","세화피앤씨","138953","276151","137198","241656240","477748315","236092075"
"322310","오로스테크놀로지","3191","13385","10194","72280200","302493450","230213250"
"027050","코리아나","44306","100767","56461","181474800","411430390","229955590"
"086900","메디톡스","4473","6429","1956","521531500","749360500","227829000"
"096610","알에프세미","28333","75217","46884","137792330","361177315","223384985"
"073110","엘엠에스","19971","43393","23422","186785410","405524270","218738860"
"330860","네패스아크","12051","17058","5007","533828650","749090400","215261750"
"084650","랩지노믹스","27920","37478","9558","636398650","850552600","214153950"
"086450","동국제약","6565","17140","10575","133172300","346593050","213420750"
"230980","에이트원","61015","188390","127375","99620725","312207605","212586880"
"082270","젬백스","23440","37612","14172","357735000","568623450","210888450"
"204620","글로벌텍스프리","24339","84927","60588","82222685","285805665","203582980"
"154030","아시아종묘","30731","66563","35832","172348250","375409650","203061400"
"225590","패션플랫폼","217004","314524","97520","459368130","660426415","201058285"
"353590","오토앤","134290","147580","13290","1973901000","2174399200","200498200"
"123420","선데이토즈","21566","29744","8178","537793100","736181200","198388100"
"124500","아이티센","86650","127770","41120","415759425","613632890","197873465"
"052400","코나아이","17847","25926","8079","433925600","631653300","197727700"
"200350","래몽래인","8095","19317","11222","143560000","339660350","196100350"
"294570","쿠콘","8556","12230","3674","437692100","623749100","186057000"
"092040","아미코젠","13433","20799","7366","339080550","524793550","185713000"
"192250","케이사인","197152","274398","77246","483493430","668184355","184690925"
"079940","가비아","42909","57639","14730","545849250","730310050","184460800"
"166090","하나머티리얼즈","47114","50660","3546","2461898700","2644515100","182616400"
"033500","동성화인텍","12972","30332","17360","131237830","307823700","176585870"
"241790","오션브릿지","85787","97697","11910","1296437100","1472044850","175607750"
"199800","툴젠","1182","4547","3365","61004000","232709400","171705400"
"000250","삼천당제약","14175","18968","4793","496017300","664277450","168260150"
"183300","코미코","4566","7825","3259","234799400","402853300","168053900"
"243840","신흥에스이씨","3772","6896","3124","203131700","370706800","167575100"
"306620","네온테크","290537","335391","44854","1206667315","1373032700","166365385"
"037070","파세코","18875","25667","6792","450480500","611732100","161251600"
"177830","파버나인","173761","203944","30183","875646650","1029317350","153670700"
"100090","삼강엠앤티","38039","47596","9557","621984900","775010300","153025400"
"053450","세코닉스","25640","41025","15385","251624790","403071780","151446990"
"150840","인트로메딕","383780","412514","28734","2161145050","2311822380","150677330"
"080420","모다이노칩","76380","109130","32750","355388860","501440535","146051675"
"050890","쏠리드","59626","82013","22387","372880060","513716830","140836770"
"078140","대봉엘에스","11715","26904","15189","106922730","246015160","139092430"
"037400","우리조명","67265","117982","50717","178874185","314151300","135277115"
"100130","동국S&C","30121","54648","24527","161986260","293159400","131173140"
"003380","하림지주","51369","64520","13151","505732820","634996940","129264120"
"039830","오로라","11497","23556","12059","122533800","250149950","127616150"
"065660","안트로젠","6122","11410","5288","145775950","273208600","127432650"
"018310","삼목에스폼","8835","16536","7701","144795500","270083350","125287850"
"311320","지오엘리먼트","8369","13661","5292","183006600","299497350","116490750"
"043910","자연과환경","81616","176038","94422","100273485","216285110","116011625"
"045300","성우테크론","22878","43536","20658","127710350","241293020","113582670"
"150900","파수","13554","26439","12885","116340950","227222070","110881120"
"067290","JW신약","77447","104586","27139","328657760","438945800","110288040"
"123410","코리아에프티","73520","108825","35305","228533290","338476510","109943220"
"214370","케어젠","566","2421","1855","33386000","142694200","109308200"
"102370","케이옥션","3966","8156","4190","104046900","212629900","108583000"
"058820","CMG제약","88190","122394","34204","280050865","388437750","108386885"
"013810","스페코","162759","179707","16948","1028729850","1135876380","107146530"
"032850","비트컴퓨터","41397","53890","12493","365239350","470397530","105158180"
"110990","디아이티","9453","21626","12173","80946370","185534930","104588560"
"044480","블루베리 NFT","88061","113925","25864","349700325","453717680","104017355"
"003310","대주산업","103763","160650","56887","189057720","292714575","103656855"
"089030","테크윙","11494","17176","5682","210038450","313128550","103090100"
"007720","대명소노시즌","55657","137539","81882","69422365","171666135","102243770"
"054670","대한뉴팜","101263","111958","10695","1125958450","1224499550","98541100"
"290550","디케이티","17029","24266","7237","230650950","327938600","97287650"
"034940","조아제약","41423","68619","27196","147641385","244446845","96805460"
"045520","크린앤사이언스","3501","8571","5070","66053250","162370900","96317650"
"060370","KT서브마린","7106","25648","18542","37076540","133276790","96200250"
"009620","삼보산업","143861","205263","61402","219395825","314498115","95102290"
"053030","바이넥스","28749","36208","7459","364563550","458642550","94079000"
"140860","파크시스템스","4528","5332","804","526772100","620823900","94051800"
"031310","아이즈비전","22367","47669","25302","82990950","176184910","93193960"
"096240","청담러닝","6039","8757","2718","198771150","288424750","89653600"
"093320","케이아이엔엑스","7887","9368","1481","473182500","560693700","87511200"
"036830","솔브레인홀딩스","7050","10127","3077","199431400","286749950","87318550"
"193250","와이제이엠게임즈","244595","281523","36928","649630130","736873375","87243245"
"043650","국순당","20223","28565","8342","213249100","300388550","87139450"
"214430","아이쓰리시스템","5918","10347","4429","114724300","199427750","84703450"
"102940","코오롱생명과학","1157","3837","2680","36657200","121351350","84694150"
"290650","엘앤씨바이오","9904","12581","2677","310160150","393900500","83740350"
"109860","동일금속","770","6001","5231","12182600","95768600","83586000"
"214870","뉴지랩파마","4613","13855","9242","41156980","124205780","83048800"
"091440","텔레필드","18231","47213","28982","52453300","135134800","82681500"
"052600","한네트","192878","204732","11854","1637789520","1719042980","81253460"
"136480","하림","45227","73134","27907","131064480","212070710","81006230"
"101400","엔시트론","140215","210636","70421","182503860","262060435","79556575"
"243070","휴온스","2384","4183","1799","104183750","182760600","78576850"
"105740","디케이락","5342","12681","7339","56613200","134632250","78019050"
"053950","경남제약","73057","94729","21672","266375990","343170680","76794690"
"089980","상아프론테크","12601","14527","1926","501330950","577615850","76284900"
"115500","케이씨에스","17034","28562","11528","112259660","187503570","75243910"
"044060","조광ILI","3956","13279","9323","32135220","107171500","75036280"
"036180","지더블유바이텍","59335","93635","34300","132240910","206920780","74679870"
"056360","코위버","12868","22019","9151","104653440","178311520","73658080"
"115960","연우","13035","16097","3062","318066500","391651000","73584500"
"085660","차바이오텍","35484","39904","4420","577247550","649549600","72302050"
"234340","세틀뱅크","2109","4861","2752","54953000","127122550","72169550"
"373200","하인크코리아","15694","48298","32604","36414235","108520700","72106465"
"050110","캠시스","47252","88811","41559","82785970","154848850","72062880"
"115440","우리넷","40101","48164","8063","359741310","431709450","71968140"
"049470","SGA","31438","100122","68684","32563225","103864320","71301095"
"196490","디에이테크놀로지","28495","40118","11623","172738130","243193340","70455210"
"058610","에스피지","32707","38607","5900","370094050","439058500","68964450"
"082660","코스나인","17429","78411","60982","19047715","85653195","66605480"
"187660","에이디엠코리아","24264","36929","12665","127559740","193156700","65596960"
"220100","퓨쳐켐","1641","5888","4247","25334750","90532750","65198000"
"052260","현대바이오랜드","2977","6733","3756","50576100","114575150","63999050"
"039440","에스티아이","16373","20122","3749","281743950","344910850","63166900"
"115450","HLB테라퓨틱스","22475","27619","5144","278742900","341526000","62783100"
"220260","켐트로스","54937","61206","6269","541360210","604013130","62652920"
"376190","엘비루셈","3318","9345","6027","34324800","96626850","62302050"
"051160","지어소프트","8565","12526","3961","137034450","198887950","61853500"
"018680","서울제약","26732","35805","9073","179794600","240878350","61083750"
"039240","경남스틸","94090","110661","16571","348016655","407591385","59574730"
"260660","알리코제약","20922","28445","7523","162899510","222243340","59343830"
"052300","초록뱀컴퍼니","135966","192405","56439","138372840","197630310","59257470"
"290090","트윔","3725","6664","2939","74080750","132344450","58263700"
"033320","제이씨현시스템","13610","22435","8825","88875550","146512820","57637270"
"061040","알에프텍","20502","30978","10476","113427990","170693730","57265740"
"357880","비트나인","121815","127304","5489","1877108200","1934293100","57184900"
"093640","다믈멀티미디어","34940","49101","14161","144469985","201382625","56912640"
"078130","국일제지","83027","98351","15324","306129785","362513180","56383395"
"043340","에쎈테크","52648","104898","52250","58185375","114360545","56175170"
"314130","지놈앤컴퍼니","2710","4849","2139","71049850","127038650","55988800"
"003100","선광","517","1435","918","31512100","87403400","55891300"
"083450","GST","13999","15667","1668","454305250","510082200","55776950"
"068330","일신바이오","40152","57323","17171","128138840","181655540","53516700"
"104460","디와이피엔에프","3171","4634","1463","117472400","169840000","52367600"
"068790","DMS","6422","14803","8381","40188620","92147940","51959320"
"071460","위니아딤채","20954","33495","12541","82733040","133131025","50397985"
"178320","서진시스템","23496","25082","1586","789511300","839863250","50351950"
"208640","썸에이지","64370","84702","20332","151887895","200393485","48505590"
"227950","엔투텍","53754","82129","28375","91077465","138692385","47614920"
"382840","원준","3380","3926","546","323054700","370559800","47505100"
"053980","오상자이엘","14217","21079","6862","97868520","145227170","47358650"
"082210","옵트론텍","28643","35394","6751","204842780","251684690","46841910"
"057030","YBM넷","24253","31726","7473","151661980","198423660","46761680"
"060900","대한그린파워","312136","354008","41872","373431855","419816415","46384560"
"241820","피씨엘","24297","25377","1080","1065780550","1111637350","45856800"
"012620","원일특강","10490","13899","3409","136121550","181771900","45650350"
"042940","상지카일룸","163800","200758","36958","175230180","220573155","45342975"
"317240","TS트릴리온","1039756","1098440","58684","1283794880","1328846130","45051250"
"004650","창해에탄올","2940","6297","3357","39355750","83988300","44632550"
"040160","누리플렉스","3739","9696","5957","28502770","72979110","44476340"
"201490","미투온","69757","77617","7860","383309290","425664170","42354880"
"200780","비씨월드제약","2758","6036","3278","34818100","76649550","41831450"
"192440","슈피겐코리아","537","1524","987","22707700","64520200","41812500"
"131090","시큐브","23052","54107","31055","30064030","71132855","41068825"
"158430","아톤","5341","6652","1311","169297250","210314150","41016900"
"121440","골프존뉴딘홀딩스","2913","7978","5065","23602080","64507730","40905650"
"232140","와이아이케이","33635","41399","7764","180022860","220343660","40320800"
"043610","지니뮤직","21062","29383","8321","101026310","141303735","40277425"
"319400","현대무벡스","63045","74159","11114","221881850","261130605","39248755"
"082920","비츠로셀","2443","5070","2627","36849100","76016450","39167350"
"950180","SNK","1102","2148","1046","41273300","80150000","38876700"
"091990","셀트리온헬스케어","122084","122766","682","7766359700","7805182600","38822900"
"090850","현대이지웰","28807","32489","3682","290750130","329551070","38800940"
"347890","엠투아이","13929","18112","4183","127605460","166115010","38509550"
"226340","본느","19813","35495","15682","49113355","87428350","38314995"
"153490","우리이앤엘","29851","53647","23796","47605855","85833100","38227245"
"119500","포메탈","35834","43580","7746","170970630","207560230","36589600"
"377480","마인즈랩","7410","9234","1824","148572400","185121800","36549400"
"099190","아이센스","6579","7955","1376","173194400","208831250","35636850"
"086710","선진뷰티사이언스","17999","19877","1878","338561500","374069100","35507600"
"063570","한국전자금융","20266","27064","6798","104175550","138885130","34709580"
"348350","위드텍","2480","4449","1969","43902750","78435450","34532700"
"037760","쎄니트","13878","30714","16836","27720720","60911780","33191060"
"105330","케이엔더블유","10509","13670","3161","109994450","142945950","32951500"
"073640","테라사이언스","14045","30470","16425","28185325","61049010","32863685"
"348030","모비릭스","3279","5141","1862","57950900","90604700","32653800"
"900280","골든센츄리","57533","153659","96126","19481105","51715467","32234362"
"060540","에스에이티","4850","16784","11934","13070480","45195160","32124680"
"208370","셀바스헬스케어","64127","75031","10904","202502635","234537685","32035050"
"039840","디오","6214","7210","996","198129850","229482750","31352900"
"041140","넥슨지티","74995","76830","1835","1296189500","1327536900","31347400"
"134580","탑코미디어","7977","12474","4497","56187170","86711610","30524440"
"088290","이원컴포텍","4913","8660","3747","39739520","70135480","30395960"
"045970","코아시아","2282","5697","3415","20195480","50347390","30151910"
"130740","티피씨글로벌","19102","26736","7634","70372960","99295220","28922260"
"284620","카이노스메드","6840","22183","15343","12784160","41466605","28682445"
"054050","농우바이오","15729","18439","2710","173873550","202454850","28581300"
"179900","유티아이","460","2627","2167","6079400","34372150","28292750"
"025320","시노펙스","74044","85044","11000","192478270","220185990","27707720"
"221980","케이디켐","624","2379","1755","9839700","37012300","27172600"
"244460","올리패스","2953","6459","3506","22758960","49627930","26868970"
"065710","서호전기","6634","7896","1262","140037750","166357700","26319950"
"155650","와이엠씨","5101","8944","3843","34098570","59617980","25519410"
"049950","미래컴퍼니","15574","16452","878","395153500","420460700","25307200"
"087010","펩트론","7879","10575","2696","74697880","99716510","25018630"
"277410","인산가","16399","27632","11233","36798020","61626450","24828430"
"042510","라온시큐어","70639","77876","7237","249018480","273513830","24495350"
"219130","타이거일렉","1574","2845","1271","29641950","53289500","23647550"
"036690","코맥스","7363","12713","5350","31986995","54996640","23009645"
"084180","수성이노베이션","54723","68249","13526","90679410","113041795","22362385"
"144960","뉴파워프라즈마","13105","17105","4000","73623260","95883060","22259800"
"256940","케이피에스","981","3183","2202","9794880","31876090","22081210"
"012860","모베이스전자","146022","155408","9386","328541195","350303160","21761965"
"079970","투비소프트","125005","141887","16882","199747250","221398690","21651440"
"196450","코아시아옵틱스","2725","11963","9238","6138795","27099700","20960905"
"250060","모비스","24007","33222","9215","53309620","73698160","20388540"
"405350","IBKS제17호스팩","12712","21241","8529","29639845","49244995","19605150"
"044340","위닉스","4844","5936","1092","87410300","106680800","19270500"
"026040","제이에스티나","11886","17742","5856","38276020","57159495","18883475"
"093380","풍강","22756","27335","4579","91838260","110555960","18717700"
"071670","에이테크솔루션","11271","12593","1322","155144950","173748900","18603950"
"032620","유비케어","14212","16979","2767","95172450","113658070","18485620"
"950170","JTC","2167","6666","4499","8827965","27192850","18364885"
"123860","아나패스","5088","5883","795","123080350","141109100","18028750"
"080520","오디텍","20302","22912","2610","147448860","165352770","17903910"
"019540","일지테크","9012","14349","5337","29638615","47236810","17598195"
"001840","이화공영","24812","28060","3248","125866030","143123600","17257570"
"352770","클리노믹스","2405","3945","1540","27409750","44294550","16884800"
"042420","네오위즈홀딩스","25962","26395","433","1283335200","1300197700","16862500"
"225330","씨엠에스에듀","9174","11591","2417","62676760","79054730","16377970"
"037460","삼지전자","7481","8963","1482","82021850","98145100","16123250"
"045100","한양이엔지","2168","3216","1048","32390600","48057600","15667000"
"114810","아이원스","48068","49906","1838","443713220","459342810","15629590"
"404950","DB금융스팩10호","5712","13047","7335","12021400","27524065","15502665"
"139050","시티랩스","49430","68977","19547","39436688","54876400","15439712"
"159010","아스플로","1672","2425","753","34995400","50377300","15381900"
"080010","이상네트웍스","4775","6860","2085","35531840","50847830","15315990"
"078070","유비쿼스홀딩스","1965","2906","941","31101550","45936050","14834500"
"290740","액트로","1820","3588","1768","14817900","29118020","14300120"
"189330","씨이랩","8941","9570","629","208761250","223023800","14262550"
"040910","아이씨디","3923","5343","1420","39451950","53526750","14074800"
"032580","피델릭스","19431","28303","8872","30389005","44339475","13950470"
"018620","우진비앤지","15352","22672","7320","29697980","43616370","13918390"
"010280","쌍용정보통신","9233","24594","15361","8423813","22273854","13850041"
"356890","싸이버원","869","2078","1209","9963750","23724450","13760700"
"216050","인크로스","31","347","316","1312250","14733250","13421000"
"211050","인카금융서비스","1816","2814","998","24894200","38009200","13115000"
"264450","유비쿼스","1018","1648","630","20653200","33352500","12699300"
"025870","신라에스지","5432","6665","1233","54539840","67062680","12522840"
"369370","블리츠웨이","8761","11294","2533","42299185","54712755","12413570"
"114630","폴라리스우노","4581","7487","2906","19610425","31636320","12025895"
"034950","한국기업평가","62","215","153","4836000","16768500","11932500"
"267790","배럴","2869","4164","1295","26451430","38216180","11764750"
"095270","웨이브일렉트로","4334","6403","2069","24592480","36271150","11678670"
"238090","앤디포스","4962","6416","1454","38880740","50278500","11397760"
"148250","알엔투테크놀로지","3318","4298","980","37998950","49248000","11249050"
"060230","얍엑스","83932","92938","9006","103799020","115010240","11211220"
"040350","큐로컴","29246","40097","10851","29962440","41153520","11191080"
"119860","다나와","5398","5890","492","121236800","132228600","10991800"
"356860","티엘비","1580","1935","355","50320750","61288000","10967250"
"314930","바이오다인","287","672","385","8195350","18988350","10793000"
"067080","대화제약","1903","3129","1226","16491200","27163490","10672290"
"030530","원익홀딩스","56045","58416","2371","253687865","264326760","10638895"
"008470","부스타","7645","9577","1932","41625770","52047710","10421940"
"060570","드림어스컴퍼니","16296","18561","2265","72616625","82326865","9710240"
"036480","대성미생물","1326","2061","735","16734000","25868800","9134800"
"038060","루멘스","18902","26588","7686","21710450","30648250","8937800"
"196300","애니젠","1986","2794","808","21414400","30268950","8854550"
"089150","케이씨티","192626","195608","2982","1366323210","1375128280","8805070"
"057540","옴니시스템","67822","72168","4346","140851835","149560950","8709115"
"161580","필옵틱스","3431","4328","897","29815770","37772800","7957030"
"278650","노터스","6539","6823","284","177598200","185539650","7941450"
"357230","에이치피오","15098","15876","778","196249400","204155100","7905700"
"179530","애드바이오텍","26513","28449","1936","157841910","165431050","7589140"
"131030","디에이치피코리아","2507","3543","1036","18354630","25928880","7574250"
"161570","THE MIDONG","2928","7990","5062","4377570","11887665","7510095"
"032860","휴먼엔","12221","14303","2082","42558905","49993910","7435005"
"101670","코리아에스이","2378","7843","5465","3180450","10544860","7364410"
"225190","삼양옵틱스","1076","1746","670","11636100","18920200","7284100"
"204020","그리티","18200","20862","2662","49463520","56570375","7106855"
"091580","상신이디피","7115","7646","531","104541800","111525650","6983850"
"051500","CJ프레시웨이","17611","17861","250","673483200","680313100","6829900"
"389030","지니너스","1458","2122","664","14839730","21532610","6692880"
"023760","한국캐피탈","13121","20920","7799","10665620","17005426","6339806"
"104540","코렌텍","218","815","597","2288550","8527100","6238550"
"115570","스타플렉스","8176","9446","1270","39027700","45238050","6210350"
"054930","유신","2292","2632","340","39278650","45195600","5916950"
"099440","스맥","52216","55434","3218","93678710","99381120","5702410"
"033560","블루콤","2327","2796","469","27201450","32821650","5620200"
"363260","하나금융17호스팩","1353","3910","2557","2949500","8374585","5425085"
"143540","영우디에스피","18778","21508","2730","36912860","42312150","5399290"
"234920","자이글","7253","8601","1348","25884750","30450980","4566230"
"083790","크리스탈지노믹스","28327","29102","775","160786310","165303960","4517650"
"219750","지티지웰니스","42347","46890","4543","52997685","57386775","4389090"
"099390","브레인즈컴퍼니","1241","1421","180","29625800","33901450","4275650"
"072020","중앙백신","4204","4547","343","58100950","62109950","4009000"
"070590","한솔인티큐브","19205","20066","861","58168220","60799470","2631250"
"009300","삼아제약","2940","3123","183","49128800","51706650","2577850"
"217620","디딤","40707","43305","2598","46533400","48978150","2444750"
"005860","한일사료","564569","564410","-159","1216384740","1218681305","2296565"
"099410","동방선기","11050","11835","785","39371525","41659070","2287545"
"074430","아미노로직스","41286","42760","1474","80016795","82224850","2208055"
"357550","석경에이티","3426","3531","105","52324200","54505350","2181150"
"040610","SG&G","19004","19965","961","42082185","44238380","2156195"
"149950","아바텍","280","399","119","5159150","7271700","2112550"
"098660","에스티오","2522","3408","886","6142970","8217135","2074165"
"082800","비보존 헬스케어","39443","41398","1955","38932798","40915642","1982844"
"391060","엔에이치스팩20호","0","927","927","0","1928160","1928160"
"043090","한창바이오텍","6047","7281","1234","9376725","11273380","1896655"
"049520","유아이엘","4498","5418","920","8924490","10799015","1874525"
"219550","디와이디","26001","26654","653","64790160","66434505","1644345"
"327260","RF머트리얼즈","3550","3672","122","43728050","45363350","1635300"
"053620","태양","1456","1633","177","12703370","14223440","1520070"
"340440","세림B&G","605","1261","656","1441030","2922025","1480995"
"203690","프로스테믹스","8820","9397","577","22939675","24273575","1333900"
"206640","바디텍메드","20921","20945","24","291685750","292952200","1266450"
"333620","엔시스","8003","8092","89","147064950","148314700","1249750"
"198080","엔피디","8149","8516","367","23628355","24847035","1218680"
"105550","트루윈","7245","7416","171","58132660","59326050","1193390"
"043200","파루","28622","29781","1159","27932414","29040859","1108445"
"351330","이삭엔지니어링","2102","2161","59","23756700","24555450","798750"
"001000","신라섬유","25046","25362","316","56827570","57555690","728120"
"347740","피엔케이피부임상연구센타","2661","2693","32","48108250","48657350","549100"
"900290","GRT","432","758","326","577560","1008195","430635"
"341160","하나금융15호스팩","89","290","201","187795","610535","422740"
"066790","씨씨에스","186","777","591","118300","487956","369656"
"006140","피제이전자","5314","5351","37","43534040","43814730","280690"
"023910","대한약품","894","914","20","25090400","25293550","203150"
"065060","지엔코","11586","11735","149","7181126","7266589","85463"
"041020","폴라리스오피스","57209","57418","209","108042895","108115595","72700"
"222110","팬젠","432","444","12","3802380","3859160","56780"
"333050","신한제6호스팩","0","22","22","0","45210","45210"
"387310","대신밸런스제10호스팩","0","19","19","0","40470","40470"
"373340","유진스팩6호","5","14","9","11075","30940","19865"
"365590","엔에이치스팩18호","0","5","5","0","10400","10400"
"355150","교보10호스팩","0","1","1","0","2120","2120"
"367340","DB금융스팩8호","0","0","0","0","0","0"
"331520","교보9호스팩","0","0","0","0","0","0"
"021045","대호특수강우","0","0","0","0","0","0"
"032685","소프트센우","0","0","0","0","0","0"
"344050","신영스팩6호","0","0","0","0","0","0"
"388800","유진스팩7호","0","0","0","0","0","0"
"347140","케이프이에스제4호","0","0","0","0","0","0"
"343510","하나금융16호스팩","0","0","0","0","0","0"
"372290","하나머스트7호스팩","0","0","0","0","0","0"
"400840","하이제7호스팩","0","0","0","0","0","0"
"397500","대신밸런스제11호스팩","1","0","-1","2115","0","-2115"
"367360","DB금융스팩9호","1","0","-1","2125","0","-2125"
"023460","CNH","3325","3300","-25","7384380","7355750","-28630"
"367460","유안타제7호스팩","17","0","-17","36700","0","-36700"
"380320","삼성머스트스팩5호","20","0","-20","60415","0","-60415"
"130580","나이스디앤비","8","0","-8","75200","0","-75200"
"020400","대동금속","11","0","-11","103980","0","-103980"
"332710","하나금융14호스팩","63","0","-63","132560","0","-132560"
"160980","싸이맥스","3039","3033","-6","49823650","49668800","-154850"
"087600","픽셀플러스","2136","2091","-45","22811650","22427500","-384150"
"299170","더블유에스아이","398","193","-205","986415","480700","-505715"
"065150","엠피대산","4246","3643","-603","3226664","2694550","-532114"
"217480","에스디생명공학","8661","8479","-182","26818605","26058130","-760475"
"171120","라이온켐텍","298","194","-104","2315490","1500820","-814670"
"114570","지스마트글로벌","14406","2","-14404","887214","124","-887090"
"064090","에프앤리퍼블릭","1389","971","-418","3014420","2110705","-903715"
"215360","우리산업","1122","1072","-50","20033450","19117600","-915850"
"246720","아스타","306","89","-217","1297115","373800","-923315"
"195500","마니커에프앤지","1818","1599","-219","7850250","6913985","-936265"
"079650","서산","1653","1166","-487","4076195","2882990","-1193205"
"060590","씨티씨바이오","10637","10521","-116","94477230","93263260","-1213970"
"388790","IBKS제16호스팩","621","0","-621","1338255","0","-1338255"
"005990","매일홀딩스","264","117","-147","2442270","1088940","-1353330"
"123330","제닉","1474","1238","-236","8588940","7179230","-1409710"
"054800","아이디스홀딩스","116","0","-116","1473200","0","-1473200"
"109960","에이프로젠 H&G","19858","17340","-2518","12011672","10504473","-1507199"
"175140","인포마크","238","37","-201","1883110","298540","-1584570"
"347000","센코","1367","1248","-119","19508100","17777900","-1730200"
"237820","플레이디","9403","9187","-216","67262320","65529480","-1732840"
"376980","원티드랩","9278","9246","-32","283245650","281398300","-1847350"
"086060","진바이오텍","10488","9996","-492","47741865","45718255","-2023610"
"009780","엠에스씨","688","348","-340","4183910","2102420","-2081490"
"119850","지엔씨에너지","8619","8123","-496","37412025","35305530","-2106495"
"066310","큐에스아이","29738","29728","-10","553734550","551613900","-2120650"
"065570","삼영이엔씨","20243","19899","-344","154950250","152703660","-2246590"
"021880","메이슨캐피탈","7480","2788","-4692","3755131","1388887","-2366244"
"011080","형지I&C","65521","64950","-571","79006255","76591025","-2415230"
"108380","대양전기공업","500","332","-168","7254900","4776800","-2478100"
"013030","하이록코리아","2596","2439","-157","42662900","40070600","-2592300"
"059100","아이컴포넌트","5819","5404","-415","34682940","32039440","-2643500"
"039010","현대에이치티","1237","959","-278","11629260","8944080","-2685180"
"005160","동국산업","7416","6614","-802","24297190","21564980","-2732210"
"192410","THQ","13817","12878","-939","39079255","36282235","-2797020"
"190650","코리아에셋투자증권","1693","1456","-237","19435350","16580850","-2854500"
"090360","로보스타","17701","17561","-140","376598250","373743250","-2855000"
"304840","피플바이오","3650","3401","-249","40378500","37507600","-2870900"
"064850","에프앤가이드","341","12","-329","3238060","115320","-3122740"
"092600","앤씨앤","14546","13709","-837","54968190","51833345","-3134845"
"320000","윈텍","4255","3090","-1165","11650275","8459705","-3190570"
"273060","와이즈버즈","7776","5904","-1872","13175065","9974195","-3200870"
"044180","KD","29091","26129","-2962","29927765","26716480","-3211285"
"115310","인포바인","138","0","-138","3233550","0","-3233550"
"051390","YW","1004","213","-791","4157320","880540","-3276780"
"001810","무림SP","17143","16042","-1101","52731155","49382740","-3348415"
"111870","KH 일렉트론","19684","14725","-4959","12917163","9563201","-3353962"
"317850","대모","1016","291","-725","4864695","1372665","-3492030"
"318000","한국바이오젠","5521","5072","-449","44014880","40489290","-3525590"
"310870","디와이씨","2432","651","-1781","4831120","1292235","-3538885"
"223250","드림씨아이에스","524","215","-309","5993900","2444550","-3549350"
"106190","하이텍팜","11731","11343","-388","138780350","135138600","-3641750"
"060850","영림원소프트랩","499","115","-384","4860690","1120420","-3740270"
"054950","제이브이엠","1184","913","-271","16948800","13034100","-3914700"
"307870","비투엔","1698","451","-1247","5662645","1496420","-4166225"
"079000","와토스코리아","2209","1498","-711","12941740","8746320","-4195420"
"290120","대유에이피","1042","324","-718","6141890","1902250","-4239640"
"002230","피에스텍","3100","2247","-853","15005545","10701065","-4304480"
"138690","엘아이에스","38648","38350","-298","169666790","165354920","-4311870"
"003800","에이스침대","99","0","-99","4372000","0","-4372000"
"257720","실리콘투","6577","6318","-259","123237750","118850800","-4386950"
"011560","세보엠이씨","2694","2029","-665","17583660","13182170","-4401490"
"115480","씨유메디칼","245962","241320","-4642","294820330","290415485","-4404845"
"200470","에이팩트","4663","3830","-833","24518930","20093380","-4425550"
"062860","티엘아이","718","0","-718","4426750","0","-4426750"
"067170","오텍","4979","4550","-429","50191900","45646200","-4545700"
"340360","다보링크","72441","69061","-3380","117614905","113064955","-4549950"
"225570","넷게임즈","46008","45906","-102","778927800","774340850","-4586950"
"100030","모바일리더","400","180","-220","8173050","3532950","-4640100"
"246960","이노테라피","1181","690","-491","11394690","6653400","-4741290"
"002800","신신제약","1731","870","-861","9567080","4787660","-4779420"
"041440","현대에버다임","1104","87","-1017","5192170","409465","-4782705"
"217190","제너셈","2577","2049","-528","23543120","18751010","-4792110"
"021040","대호특수강","11841","5818","-6023","9498392","4674471","-4823921"
"069920","아이에스이커머스","3426","1667","-1759","9666600","4746030","-4920570"
"083550","케이엠","1261","629","-632","10029780","5010620","-5019160"
"036000","예림당","4153","1673","-2480","9142875","3708325","-5434550"
"900070","글로벌에스엠","8238","2475","-5763","7816075","2349331","-5466744"
"027040","서울전자통신","9210","878","-8332","6064757","576366","-5488391"
"069510","에스텍","712","6","-706","5558860","46360","-5512500"
"258790","소프트캠프","21202","19048","-2154","53843050","48290070","-5552980"
"080000","에스엔유","7250","5466","-1784","22956430","17350965","-5605465"
"054630","에이디칩스","263943","251346","-12597","106962820","101254323","-5708497"
"092730","네오팜","4251","4043","-208","110594250","104875500","-5718750"
"386580","한화플러스제2호스팩","2467","0","-2467","5763760","0","-5763760"
"305090","마이크로디지탈","4244","3807","-437","59155000","53327050","-5827950"
"039610","화성밸브","6751","5654","-1097","36178450","30195880","-5982570"
"317770","슈프리마아이디","384","0","-384","6010150","0","-6010150"
"066980","이엔코퍼레이션","14751","12943","-1808","51447275","45301400","-6145875"
"049550","잉크테크","865","6","-859","6195670","42960","-6152710"
"024120","KB오토시스","1097","0","-1097","6456900","0","-6456900"
"005710","대원산업","1068","4","-1064","6540750","24400","-6516350"
"215380","우정바이오","2460","1242","-1218","13255950","6680140","-6575810"
"220180","핸디소프트","3098","1353","-1745","11681995","5089175","-6592820"
"361670","삼영에스앤씨","2295","1585","-710","21501060","14843440","-6657620"
"051780","큐로홀딩스","15810","2754","-13056","8179715","1421576","-6758139"
"100590","머큐리","1838","909","-929","13568310","6685710","-6882600"
"173940","에프엔씨엔터","4345","3480","-865","35924720","28970720","-6954000"
"073540","에프알텍","2723","357","-2366","8266725","1094865","-7171860"
"038870","에코바이오","8470","7301","-1169","52122940","44853710","-7269230"
"080530","코디","27833","23188","-4645","42645520","35258780","-7386740"
"131290","티에스이","5829","5713","-116","369790900","362382000","-7408900"
"377450","리파인","15358","14923","-435","194542050","187126400","-7415650"
"045060","오공","1938","60","-1878","7713745","237300","-7476445"
"098120","마이크로컨텍솔","6551","5862","-689","71379000","63668550","-7710450"
"900110","이스트아시아홀딩스","1894795","1895551","756","281902523","274141394","-7761129"
"073010","케이에스피","8692","4221","-4471","14907840","7143780","-7764060"
"258610","이더블유케이","6746","4985","-1761","30343525","22505420","-7838105"
"122310","제노레이","2212","1411","-801","21828570","13956290","-7872280"
"053060","세동","13344","6641","-6703","16019165","7968450","-8050715"
"332370","아이디피","2255","1204","-1051","17640280","9413750","-8226530"
"282880","코윈테크","6907","6619","-288","189756950","181422150","-8334800"
"368770","한국9호스팩","3661","943","-2718","11206045","2849260","-8356785"
"293580","나우IB","4920","3965","-955","45694340","37172520","-8521820"
"256630","포인트엔지니어링","3522","670","-2852","10525500","1998145","-8527355"
"065350","신성델타테크","43910","43403","-507","598808250","590238300","-8569950"
"187220","디티앤씨","1364","0","-1364","8589720","0","-8589720"
"359090","씨엔알리서치","4770","6","-4764","8694895","10980","-8683915"
"900270","헝셩그룹","26210","3307","-22903","10163255","1271183","-8892072"
"067920","이글루시큐리티","2118","657","-1461","12845680","3949070","-8896610"
"354200","엔젠바이오","1664","895","-769","19372250","10390500","-8981750"
"950110","SBI핀테크솔루션즈","1577","274","-1303","10874970","1886120","-8988850"
"046210","파나진","6445","4175","-2270","26165755","17033635","-9132120"
"208140","정다운","34390","30797","-3593","86591025","77437175","-9153850"
"206400","베노홀딩스","9863","7956","-1907","45583185","36278090","-9305095"
"066360","체리부로","13520","7586","-5934","20356705","11037750","-9318955"
"070300","엑스큐어","4651","2214","-2437","17789600","8352850","-9436750"
"023790","동일철강","10065","7496","-2569","36988575","27501025","-9487550"
"126340","비나텍","2156","1901","-255","81375600","71874450","-9501150"
"081580","성우전자","8303","5480","-2823","28367210","18857070","-9510140"
"046140","SBS콘텐츠허브","1489","110","-1379","10299170","765900","-9533270"
"194700","노바렉스","7039","6792","-247","280360050","270786800","-9573250"
"036670","KCI","1406","239","-1167","11880600","2010790","-9869810"
"053300","한국정보인증","6384","4838","-1546","40122520","30242500","-9880020"
"377630","삼성스팩4호","3729","1350","-2379","15458550","5569500","-9889050"
"110020","전진바이오팜","4231","2284","-1947","22303370","12072130","-10231240"
"052710","아모텍","3330","2873","-457","73947600","63672300","-10275300"
"294140","레몬","19095","17079","-2016","100273820","89915570","-10358250"
"011320","유니크","8025","5979","-2046","41495900","30925460","-10570440"
"250930","예선테크","5681","0","-5681","10759180","0","-10759180"
"066900","디에이피","4992","2260","-2732","19736035","8921755","-10814280"
"228340","동양파일","4342","1850","-2492","19052555","8104480","-10948075"
"088130","동아엘텍","4627","3490","-1137","43852250","32896280","-10955970"
"241770","메카로","897","0","-897","10981000","0","-10981000"
"052020","에스티큐브","2562","989","-1573","18190170","6967960","-11222210"
"222160","바이옵트로","16930","15539","-1391","141274490","129668780","-11605710"
"222420","쎄노텍","19553","12545","-7008","33077160","21266655","-11810505"
"083660","CSA 코스믹","34588","27995","-6593","60758945","48813360","-11945585"
"021650","한국큐빅","8650","5367","-3283","31827470","19767120","-12060350"
"054540","삼영엠텍","5118","2161","-2957","21139635","8948675","-12190960"
"053700","삼보모터스","7758","5366","-2392","39761640","27550900","-12210740"
"138070","신진에스엠","2500","515","-1985","15405200","3191680","-12213520"
"251370","와이엠티","631","0","-631","12218750","0","-12218750"
"008830","대동기어","2394","407","-1987","14780710","2514840","-12265870"
"332290","대신밸런스제7호스팩","10571","4780","-5791","22497040","10225500","-12271540"
"036120","SCI평가정보","11858","8151","-3707","39953505","27619175","-12334330"
"900120","씨케이에이치","419038","382808","-36230","113280416","100837341","-12443075"
"005670","푸드웰","4751","2943","-1808","32668470","20193710","-12474760"
"333430","일승","12324","7234","-5090","30275920","17784280","-12491640"
"265560","영화테크","32174","31590","-584","570055150","557548000","-12507150"
"025770","한국정보통신","1561","135","-1426","13740510","1174530","-12565980"
"238200","비피도","2905","1391","-1514","24789350","11873970","-12915380"
"191420","테고사이언스","999","230","-769","17006050","3912650","-13093400"
"046110","한일네트웍스","12433","10617","-1816","89291250","76077980","-13213270"
"006050","국영지앤엠","22624","14295","-8329","35506955","22273130","-13233825"
"065690","파커스","6772","1983","-4789","18798440","5514795","-13283645"
"092130","이크레더블","2214","1462","-752","39333200","25819850","-13513350"
"352480","씨앤씨인터내셔널","9830","9322","-508","227691100","214171700","-13519400"
"032750","삼진","2244","744","-1500","20199970","6670460","-13529510"
"214180","민앤지","3995","3226","-769","70653500","56943400","-13710100"
"224060","코디엠","175972","103363","-72609","33326603","19603872","-13722731"
"215790","이노인스트루먼트","20192","12659","-7533","37041005","23264840","-13776165"
"049720","고려신용정보","4387","2617","-1770","33721470","19856470","-13865000"
"228760","지노믹트리","1781","533","-1248","19817900","5909550","-13908350"
"348210","넥스틴","3097","2856","-241","172390900","158456100","-13934800"
"225430","케이엠제약","12729","5661","-7068","25211685","11238625","-13973060"
"141000","비아트론","4414","2974","-1440","42729980","28624480","-14105500"
"050760","에스폴리텍","5419","1101","-4318","17828385","3623830","-14204555"
"123840","한일진공","24770","8169","-16601","21285535","7001138","-14284397"
"053580","웹케시","1711","1095","-616","40447900","25826250","-14621650"
"043100","솔고바이오","46087","28361","-17726","38658856","23933832","-14725024"
"049180","셀루메드","11493","8992","-2501","68051020","53320760","-14730260"
"039420","케이엘넷","23411","19198","-4213","78612285","63874585","-14737700"
"065130","탑엔지니어링","2842","726","-2116","19789880","5046540","-14743340"
"168330","내츄럴엔도텍","6933","4379","-2554","40305350","25470350","-14835000"
"068940","아이씨케이","12083","8013","-4070","44949195","29902650","-15046545"
"256150","한독크린텍","2300","856","-1444","24069950","8947200","-15122750"
"145020","휴젤","8027","7915","-112","1176846000","1161498900","-15347100"
"321820","와이더플래닛","1905","931","-974","29810450","14446450","-15364000"
"239610","에이치엘사이언스","870","328","-542","24577550","9203450","-15374100"
"093920","서원인텍","2620","102","-2518","16225270","631560","-15593710"
"037230","한국팩키지","12415","8457","-3958","48480120","32844515","-15635605"
"203450","유니온커뮤니티","4872","630","-4242","18215260","2350705","-15864555"
"03481K","해성산업1우","889","0","-889","15927550","0","-15927550"
"331380","포커스에이치엔에스","5539","0","-5539","15976455","0","-15976455"
"177350","베셀","188411","188718","307","900189810","884087420","-16102390"
"317120","라닉스","21418","19253","-2165","177108610","160899900","-16208710"
"311690","CJ 바이오사이언스","1292","853","-439","48929500","32663250","-16266250"
"336060","유안타제5호스팩","5103","0","-5103","16269695","0","-16269695"
"065950","웰크론","17763","13680","-4083","71983465","55706150","-16277315"
"299030","하나기술","4964","4666","-298","290783300","274313700","-16469600"
"217730","강스템바이오텍","15754","10334","-5420","47319695","30815070","-16504625"
"290520","신도기연","1320","132","-1188","18574350","1846800","-16727550"
"204840","지엘팜텍","42259","23574","-18685","37967593","21227391","-16740202"
"199820","제일전기공업","2072","878","-1194","29287200","12484900","-16802300"
"007680","대원","2610","733","-1877","23464420","6523880","-16940540"
"322780","코퍼스코리아","10015","4114","-5901","28793830","11832830","-16961000"
"087260","모바일어플라이언스","46658","42141","-4517","180976955","163986205","-16990750"
"050860","아세아텍","8533","2413","-6120","23936645","6765200","-17171445"
"015710","코콤","5119","2195","-2924","30365220","13032100","-17333120"
"073190","듀오백","7942","688","-7254","19142375","1661595","-17480780"
"013720","CBI","67492","61380","-6112","194013385","176300420","-17712965"
"047770","코데즈컴바인","15752","8136","-7616","36580165","18797865","-17782300"
"115160","휴맥스","7535","3386","-4149","32132220","14343300","-17788920"
"069330","유아이디","7452","452","-7000","18988190","1151855","-17836335"
"173130","오파스넷","12820","7788","-5032","46172900","27842505","-18330395"
"238490","힘스","2550","596","-1954","23950680","5611070","-18339610"
"071850","캐스텍코리아","14530","8351","-6179","43017315","24621990","-18395325"
"264660","씨앤지하이테크","1761","285","-1476","22160800","3589400","-18571400"
"076610","해성옵틱스","108628","87379","-21249","96336867","77696755","-18640112"
"059210","메타바이오메드","24659","17671","-6988","66154165","47432890","-18721275"
"039980","리노스","28271","10537","-17734","29983225","11204420","-18778805"
"016100","리더스코스메틱","23632","15876","-7756","56541040","37734805","-18806235"
"127710","아시아경제","75468","69746","-5722","248708450","229880750","-18827700"
"148140","비디아이","58148","45707","-12441","85876980","66919285","-18957695"
"111710","남화산업","2273","22","-2251","19224040","183260","-19040780"
"900310","컬러레이","73373","58935","-14438","97128745","78016450","-19112295"
"045510","정원엔시스","25663","16620","-9043","53472700","34350255","-19122445"
"277880","티에스아이","16518","14711","-1807","181209500","162074800","-19134700"
"060260","뉴보텍","19187","1885","-17302","21280545","2104870","-19175675"
"052220","iMBC","9804","5193","-4611","41124785","21711720","-19413065"
"900340","윙입푸드","33515","16677","-16838","38648030","19199820","-19448210"
"101000","상상인인더스트리","23437","3451","-19986","23047210","3386127","-19661083"
"049120","파인디앤씨","12587","3766","-8821","28165020","8465115","-19699905"
"043710","서울리거","22847","2598","-20249","22312896","2547106","-19765790"
"032940","원익","5583","949","-4634","23887430","4055890","-19831540"
"052860","아이앤씨","11722","5803","-5919","39449340","19606885","-19842455"
"263690","디알젬","2369","290","-2079","22666890","2770580","-19896310"
"066700","테라젠이텍스","17845","14018","-3827","92165810","72143140","-20022670"
"099220","SDN","26702","14832","-11870","44993085","24855665","-20137420"
"091590","남화토건","3041","473","-2568","23897190","3722440","-20174750"
"229000","젠큐릭스","9164","7762","-1402","115284700","95039000","-20245700"
"312610","에이에프더블류","4864","1390","-3474","28515750","8160990","-20354760"
"043370","피에이치에이","2746","485","-2261","24717440","4350040","-20367400"
"042370","비츠로테크","9270","6769","-2501","76059360","55670310","-20389050"
"321260","프로이천","8899","2499","-6400","28624455","7998180","-20626275"
"016250","SGC이테크건설","755","389","-366","42602500","21941500","-20661000"
"040300","YTN","6633","658","-5975","23042960","2271010","-20771950"
"400560","하나금융20호스팩","12726","3691","-9035","29535315","8614725","-20920590"
"018120","진로발효","675","0","-675","20993200","0","-20993200"
"007330","푸른저축은행","7721","6131","-1590","100753000","79619950","-21133050"
"065530","와이어블","12143","4089","-8054","31956855","10741935","-21214920"
"275630","에스에스알","4518","1005","-3513","27321260","6079460","-21241800"
"263750","펄어비스","88167","87897","-270","8321557200","8300301600","-21255600"
"101240","씨큐브","5855","2934","-2921","42029970","20746270","-21283700"
"067570","엔브이에이치코리아","10106","4641","-5465","39153750","17809515","-21344235"
"351320","에스에이티이엔지","6821","2097","-4724","31132000","9629785","-21502215"
"038290","마크로젠","1828","991","-837","47119000","25560850","-21558150"
"153710","옵티팜","8127","5938","-2189","81164680","59469290","-21695390"
"147760","마이크로프랜드","12740","9475","-3265","87356680","65512420","-21844260"
"222040","코스맥스엔비티","13116","9473","-3643","78997530","56966580","-22030950"
"060480","국일신동","7836","1454","-6382","27242040","5055745","-22186295"
"347700","라이프시맨틱스","4482","1858","-2624","38113020","15776230","-22336790"
"092460","한라IMS","8598","4648","-3950","48664240","26137660","-22526580"
"318410","비비씨","1990","186","-1804","24913100","2352200","-22560900"
"175250","아이큐어","13834","12034","-1800","179757700","157176250","-22581450"
"187790","나노","29734","15588","-14146","47430255","24842050","-22588205"
"072770","율호","54725","42662","-12063","103067815","80392115","-22675700"
"007530","영신금속","13446","6097","-7349","41856260","18982600","-22873660"
"024850","피에스엠씨","62901","41449","-21452","68734630","45615970","-23118660"
"302430","이노메트리","3368","1671","-1697","46081500","22894050","-23187450"
"080470","성창오토텍","3602","466","-3136","26966240","3487460","-23478780"
"228850","레이언스","5661","3590","-2071","64709050","41166000","-23543050"
"950140","잉글우드랩","18638","16196","-2442","174068440","150487480","-23580960"
"208350","지란지교시큐리티","6018","1585","-4433","32095840","8471130","-23624710"
"226400","오스테오닉","10800","3552","-7248","35012500","11349335","-23663165"
"335810","프리시젼바이오","5256","2699","-2557","48823510","25147050","-23676460"
"039310","세중","7559","1700","-5859","30576425","6876480","-23699945"
"323230","엠에프엠코리아","27713","10026","-17687","37161475","13426870","-23734605"
"012790","신일제약","8823","6332","-2491","84671970","60778360","-23893610"
"063760","이엘피","11752","7781","-3971","70826050","46895850","-23930200"
"270870","뉴트리","3541","2293","-1248","69876700","45642250","-24234450"
"086670","비엠티","2301","66","-2235","25009100","719400","-24289700"
"095190","이엠코리아","21663","14311","-7352","72108865","47659045","-24449820"
"067730","로지시스","21352","18008","-3344","148011340","123325600","-24685740"
"010240","흥국","8068","4281","-3787","52547690","27726120","-24821570"
"238120","얼라인드","4798","1700","-3098","38209830","13381000","-24828830"
"042600","새로닉스","20913","19743","-1170","431389800","406260100","-25129700"
"301300","바이브컴퍼니","6932","6362","-570","275495800","249904800","-25591000"
"263770","유에스티","10162","4786","-5376","48670215","22904680","-25765535"
"084730","팅크웨어","6492","4886","-1606","106828450","80655850","-26172600"
"024800","유성티엔에스","15960","6957","-9003","46303480","20072415","-26231065"
"101170","우림피티에스","34973","29242","-5731","159821140","133481400","-26339740"
"090470","제이스텍","4508","340","-4168","28556200","2153860","-26402340"
"013120","동원개발","9527","3962","-5565","45548205","18948755","-26599450"
"255220","SG","28937","15458","-13479","57043105","30270695","-26772410"
"139670","키네마스터","6707","4909","-1798","99078350","72140250","-26938100"
"047560","이스트소프트","24872","22972","-1900","349416200","322397750","-27018450"
"014970","삼륭물산","6269","2021","-4248","39879980","12831050","-27048930"
"080580","오킨스전자","3341","2058","-1283","68997750","41907350","-27090400"
"099430","바이오플러스","43971","43020","-951","1125933700","1098752650","-27181050"
"083930","아바코","4128","1583","-2545","44502300","17180550","-27321750"
"096630","에스코넥","39750","21172","-18578","58930870","31559615","-27371255"
"191410","육일씨엔에쓰","8547","2036","-6511","35981825","8572890","-27408935"
"138610","나이벡","13031","11673","-1358","262522900","235084850","-27438050"
"131180","딜리","94840","82164","-12676","208006135","180558355","-27447780"
"017890","한국알콜","9213","6773","-2440","102781800","75081900","-27699900"
"035610","솔본","7562","1850","-5712","36751580","8991850","-27759730"
"260970","에스앤디","3048","1564","-1484","56758800","28986200","-27772600"
"025440","대성엘텍","42238","6647","-35591","33015721","5208635","-27807086"
"322180","티라유텍","4770","2574","-2196","60424300","32587100","-27837200"
"309930","오하임아이엔티","20910","13516","-7394","78438180","50519600","-27918580"
"052330","코텍","9921","7301","-2620","105437400","77505350","-27932050"
"094970","제이엠티","35797","28961","-6836","140582305","112486110","-28096195"
"123570","이엠넷","6093","1584","-4509","38447460","10003140","-28444320"
"044960","이글벳","10912","6681","-4231","73694370","45078040","-28616330"
"367000","플래티어","5546","3729","-1817","86839900","58095050","-28744850"
"279600","미디어젠","12037","10201","-1836","160093650","131218450","-28875200"
"096640","멜파스","91662","60290","-31372","85226864","56332425","-28894439"
"045340","토탈소프트","24764","20430","-4334","164037870","135048490","-28989380"
"041930","동아화성","15351","12418","-2933","154319720","125121840","-29197880"
"262260","에이프로","7321","5506","-1815","119288400","89850750","-29437650"
"334970","프레스티지바이오로직스","17314","13298","-4016","129038400","99348260","-29690140"
"032680","소프트센","68916","56548","-12368","164633815","134808380","-29825435"
"066620","국보디자인","2361","779","-1582","44632600","14792650","-29839950"
"122640","예스티","6952","4136","-2816","73788250","43785850","-30002400"
"069140","누리플랜","6463","1653","-4810","40264630","10225420","-30039210"
"040420","정상제이엘에스","5118","1124","-3994","38564550","8480220","-30084330"
"037330","인지디스플레","12737","1765","-10972","35099525","4855420","-30244105"
"060280","큐렉소","8301","4194","-4107","60980920","30630000","-30350920"
"065510","휴비츠","3838","199","-3639","32036480","1654560","-30381920"
"348150","고바이오랩","6062","4207","-1855","99108800","68697800","-30411000"
"089530","에이티세미콘","33944","8708","-25236","41215195","10590365","-30624830"
"056700","신화인터텍","18396","7450","-10946","52125900","21094955","-31030945"
"217820","엔에스","4468","1128","-3340","41639020","10520070","-31118950"
"255440","야스","6215","3706","-2509","76669900","45372600","-31297300"
"036560","영풍정밀","3767","203","-3564","33097840","1779400","-31318440"
"123010","폴라리스웍스","49818","30603","-19215","80957070","49618050","-31339020"
"002680","한탑","31634","5686","-25948","38161435","6794750","-31366685"
"221840","하이즈항공","7015","369","-6646","33227030","1762380","-31464650"
"011370","서한","73996","53386","-20610","112242130","80619130","-31623000"
"251970","펌텍코리아","7821","6091","-1730","139499900","107835850","-31664050"
"067770","세진티에스","9164","1751","-7413","39473315","7600115","-31873200"
"036170","클라우드에어","96434","73086","-23348","131875455","99953910","-31921545"
"054920","한컴위드","8973","4527","-4446","64610270","32574150","-32036120"
"203400","에이비온","5022","1808","-3214","50182800","18092980","-32089820"
"331920","셀레믹스","9015","5952","-3063","95589550","63326150","-32263400"
"019010","베뉴지","16705","1046","-15659","34504705","2162605","-32342100"
"017250","인터엠","31156","3894","-27262","37269825","4619850","-32649975"
"014470","부방","26792","12418","-14374","60927130","28245725","-32681405"
"307280","원바이오젠","22176","3820","-18356","39583130","6863920","-32719210"
"032080","아즈텍WB","51526","40740","-10786","153947075","121186705","-32760370"
"007820","에스엠코어","9073","3929","-5144","57904040","25123160","-32780880"
"054940","엑사이엔씨","58698","31283","-27415","70460890","37647515","-32813375"
"097800","윈팩","26326","7787","-18539","46867800","13736845","-33130955"
"095910","에스에너지","15364","6173","-9191","55640325","22449915","-33190410"
"030960","양지사","4199","503","-3696","37879170","4536980","-33342190"
"265740","엔에프씨","4097","1536","-2561","53214600","19839400","-33375200"
"263700","케어랩스","11302","7223","-4079","92807220","59177690","-33629530"
"253840","수젠텍","123892","123187","-705","2210403400","2176660750","-33742650"
"214450","파마리서치","22667","22286","-381","1937346300","1903588600","-33757700"
"127120","디엔에이링크","11067","1030","-10037","37226005","3455285","-33770720"
"052670","제일바이오","48065","35693","-12372","132025290","98136255","-33889035"
"078650","지나인제약","15607","5013","-10594","49818845","15884820","-33934025"
"079950","인베니아","21965","8756","-13209","56515270","22570765","-33944505"
"950200","소마젠","5466","540","-4926","37831540","3718770","-34112770"
"131760","파인텍","85903","59718","-26185","114640015","80392325","-34247690"
"114120","크루셜텍","37809","8526","-29283","44359100","10062265","-34296835"
"010470","오리콤","7059","1249","-5810","41726710","7416900","-34309810"
"092870","엑시콘","4403","1824","-2579","58474250","24100100","-34374150"
"036800","나이스정보통신","1803","559","-1244","49970150","15568850","-34401300"
"072870","메가스터디","3688","856","-2832","45025500","10529150","-34496350"
"187870","디바이스이엔지","2657","1150","-1507","60873500","26286750","-34586750"
"036190","금화피에스시","1143","38","-1105","36064900","1199200","-34865700"
"092070","디엔에프","13284","11257","-2027","223722600","188744500","-34978100"
"252990","샘씨엔에스","51345","46048","-5297","342042910","306936920","-35105990"
"032190","다우데이타","8062","5305","-2757","105334600","69490600","-35844000"
"078940","코드네이처","36699","19140","-17559","75355750","39508820","-35846930"
"151860","KG ETS","35620","32253","-3367","387862000","351858550","-36003450"
"900300","오가닉티코스메틱","115679","24809","-90870","45970446","9852217","-36118229"
"041910","에스텍파마","4489","448","-4041","40535610","4039700","-36495910"
"263800","데이타솔루션","15601","8648","-6953","82734310","46189540","-36544770"
"215480","토박스코리아","76882","50716","-26166","108690855","71627105","-37063750"
"062970","피피아이","11955","2269","-9686","46170295","8756755","-37413540"
"140070","서플러스글로벌","50141","41324","-8817","215035655","177612940","-37422715"
"290270","휴네시온","9370","2330","-7040","49815750","12324270","-37491480"
"019570","리더스 기술투자","152052","75383","-76669","74565578","37063793","-37501785"
"143160","아이디스","2257","569","-1688","50236550","12620500","-37616050"
"019660","글로본","26115","9012","-17103","57003810","19275120","-37728690"
"066130","하츠","11509","7292","-4217","103657620","65644320","-38013300"
"272110","케이엔제이","5276","2470","-2806","71612800","33340750","-38272050"
"054180","메디콕스","82690","35000","-47690","66648271","28078246","-38570025"
"014570","고려제약","6689","2068","-4621","56030850","17272230","-38758620"
"101390","아이엠","10017","3717","-6300","61765430","22830760","-38934670"
"039340","한국경제TV","7432","1631","-5801","50010330","11038940","-38971390"
"037350","성도이엔지","9258","1488","-7770","46726180","7496060","-39230120"
"038390","레드캡투어","6123","4469","-1654","145908150","106479800","-39428350"
"170790","파이오링크","4846","2289","-2557","74507500","35070500","-39437000"
"035810","이지홀딩스","112285","102104","-10181","449248085","409795560","-39452525"
"067010","이씨에스","20816","12844","-7972","102920065","63135485","-39784580"
"017650","대림제지","8438","4699","-3739","89366400","49385050","-39981350"
"082850","우리바이오","28214","16262","-11952","95855060","55314425","-40540635"
"065650","메디프론","27094","7652","-19442","56670660","16117690","-40552970"
"025880","케이씨피드","75264","63201","-12063","239467930","198907325","-40560605"
"246690","TS인베스트먼트","43296","26790","-16506","107277140","66468665","-40808475"
"008290","원풍물산","304619","266584","-38035","300405183","259385679","-41019504"
"079960","동양이엔피","6193","3744","-2449","104425050","63334150","-41090900"
"039560","다산네트웍스","15727","9021","-6706","97263210","55861180","-41402030"
"253590","네오셈","21125","7837","-13288","66437745","24683490","-41754255"
"317870","엔바이오니아","3814","417","-3397","46935700","5127800","-41807900"
"200710","에이디테크놀로지","4410","2167","-2243","82242750","40289850","-41952900"
"083500","에프엔에스테크","6575","2335","-4240","65238260","23143910","-42094350"
"120240","대정화금","4535","2076","-2459","77545250","35411950","-42133300"
"028080","휴맥스홀딩스","21782","12146","-9636","94512320","52271675","-42240645"
"091340","S&K폴리텍","12955","4449","-8506","64757890","22347520","-42410370"
"046310","백금T&A","22126","10389","-11737","80279545","37731795","-42547750"
"204630","스튜디오산타클로스","12558","8623","-3935","134461250","91583100","-42878150"
"154040","솔루에타","17496","3365","-14131","53756025","10359760","-43396265"
"321550","티움바이오","4790","2101","-2689","77607500","34029850","-43577650"
"205100","엑셈","26187","15081","-11106","103403625","59512405","-43891220"
"184230","SGA솔루션즈","101023","67607","-33416","132803915","88868740","-43935175"
"066430","와이오엠","146283","130636","-15647","397865355","353803620","-44061735"
"068930","디지털대성","6769","1330","-5439","54872190","10806290","-44065900"
"289010","아이스크림에듀","9992","2967","-7025","63063150","18933450","-44129700"
"024910","경창산업","25528","11489","-14039","80555150","36361915","-44193235"
"288330","브릿지바이오테라퓨틱스","5617","1786","-3831","65090500","20776500","-44314000"
"072470","우리산업홀딩스","12366","3089","-9277","59103855","14775080","-44328775"
"046940","우원개발","11530","1013","-10517","48763500","4292850","-44470650"
"072990","에이치시티","5319","2299","-3020","79211950","34445500","-44766450"
"035620","바른손이앤에이","72903","39565","-33338","98704105","53909535","-44794570"
"053260","금강철강","12643","3364","-9279","61747625","16418700","-45328925"
"122450","KMH","11183","4979","-6204","82469170","36655400","-45813770"
"290720","푸드나무","2334","481","-1853","57990500","11942800","-46047700"
"036090","위지트","195783","158528","-37255","242722085","196558705","-46163380"
"156100","엘앤케이바이오","7977","2899","-5078","73008520","26638150","-46370370"
"302550","리메드","4327","2177","-2150","92797500","46308800","-46488700"
"054300","팬스타엔터프라이즈","130344","74991","-55353","109796582","63233851","-46562731"
"017510","세명전기","14117","2795","-11322","58401465","11597440","-46804025"
"075130","플랜티넷","10322","3458","-6864","70724300","23788490","-46935810"
"262840","아이퀘스트","5450","247","-5203","49238030","2230850","-47007180"
"032960","동일기연","5349","1558","-3791","66290250","19275600","-47014650"
"021320","KCC건설","6969","1117","-5852","56041760","9011800","-47029960"
"254120","자비스","26430","2392","-24038","51757580","4673495","-47084085"
"270520","지엔원에너지","215364","192223","-23141","539311410","492005015","-47306395"
"138580","비즈니스온","11959","7677","-4282","132836100","85337550","-47498550"
"212560","네오오토","9970","3215","-6755","70346630","22780160","-47566470"
"335890","비올","272101","252852","-19249","641492590","593885670","-47606920"
"261780","차백신연구소","38094","32305","-5789","299199420","251496310","-47703110"
"294630","서남","31560","16094","-15466","99661475","51459380","-48202095"
"123040","엠에스오토텍","15912","7046","-8866","86717340","38505920","-48211420"
"089890","코세스","81424","77675","-3749","891649000","843376650","-48272350"
"115610","이미지스","29045","6466","-22579","62689670","14135310","-48554360"
"214680","디알텍","41656","9968","-31688","63855150","15287490","-48567660"
"100660","서암기계공업","11335","1406","-9929","55535510","6925455","-48610055"
"330350","위더스제약","11921","7214","-4707","122153350","73515050","-48638300"
"041520","이라이콤","9059","1932","-7127","62009790","13189060","-48820730"
"046070","코다코","38622","10181","-28441","66547950","17603130","-48944820"
"086820","바이오솔루션","3091","364","-2727","55674500","6618800","-49055700"
"096350","대창솔루션","172747","59715","-113032","75107413","25969092","-49138321"
"039740","한국정보공학","23801","13888","-9913","116487045","67336035","-49151010"
"174880","장원테크","31258","8850","-22408","69235000","19726455","-49508545"
"054620","APS홀딩스","11910","7168","-4742","125365500","75812850","-49552650"
"050120","ES큐브","20718","12193","-8525","119116120","69542450","-49573670"
"126640","화신정공","68183","41201","-26982","124757350","74977260","-49780090"
"085810","알티캐스트","28688","4172","-24516","58409680","8618970","-49790710"
"263600","덕우전자","101604","93982","-7622","764515980","714452310","-50063670"
"063440","SM Life Design","208603","190291","-18312","542056505","491889160","-50167345"
"048430","유라테크","7269","2150","-5119","72228010","21353660","-50874350"
"317830","에스피시스템스","12357","5818","-6539","96079910","45104870","-50975040"
"122690","서진오토모티브","23094","7932","-15162","77233870","26247525","-50986345"
"308100","까스텔바작","6330","719","-5611","58256310","6611110","-51645200"
"137950","제이씨케미칼","41251","34982","-6269","348960260","296903030","-52057230"
"166480","코아스템","5515","2032","-3483","82579700","30420450","-52159250"
"031510","오스템","30075","3996","-26079","60370720","8087545","-52283175"
"094840","슈프리마에이치큐","13946","6762","-7184","101615040","49232250","-52382790"
"131220","대한과학","10801","4625","-6176","92124490","39539330","-52585160"
"053270","구영테크","37658","19083","-18575","107262730","54443805","-52818925"
"064290","인텍플러스","19619","17690","-1929","526698150","473864400","-52833750"
"104040","대성파인텍","765900","740995","-24905","1910347530","1857195665","-53151865"
"054410","케이피티유","9842","1067","-8775","59949270","6574960","-53374310"
"101160","월덱스","20140","18133","-2007","524930450","471125900","-53804550"
"251120","바이오에프디엔씨","2000","0","-2000","54000000","0","-54000000"
"197140","디지캡","14149","917","-13232","57888545","3770740","-54117805"
"353190","휴럼","34432","731","-33701","55309205","1165945","-54143260"
"013310","아진산업","50834","31520","-19314","142726810","88440775","-54286035"
"288620","에스퓨얼셀","3470","1014","-2456","76838000","22467550","-54370450"
"352910","오비고","13298","9447","-3851","192833050","137418400","-55414650"
"033200","모아텍","10970","3751","-7219","84136900","28564300","-55572600"
"192390","윈하이텍","23450","6900","-16550","79055870","23292305","-55763565"
"291650","압타머사이언스","9280","4629","-4651","111565150","55657900","-55907250"
"036010","아비코전자","17975","12466","-5509","182887950","126753800","-56134150"
"382800","지앤비에스엔지니어링","8547","5301","-3246","149812000","93375650","-56436350"
"067390","아스트","39704","31204","-8500","262668200","206148890","-56519310"
"204270","제이앤티씨","13430","4599","-8831","85934290","29384420","-56549870"
"036030","케이티알파","13312","4136","-9176","82173470","25492580","-56680890"
"024880","케이피에프","17457","4810","-12647","78967695","21868385","-57099310"
"006920","모헨즈","20019","7749","-12270","93705775","36423385","-57282390"
"297090","씨에스베어링","6632","1919","-4713","80745650","23306300","-57439350"
"066590","우수AMS","24052","9300","-14752","93632925","36160485","-57472440"
"044780","에이치케이","41146","13884","-27262","87148885","29448095","-57700790"
"298060","에스씨엠생명과학","6337","2205","-4132","88728400","30992750","-57735650"
"037030","파워넷","39597","27050","-12547","183145805","125240225","-57905580"
"189690","포시에스","8890","2509","-6381","80494300","22550640","-57943660"
"236200","슈프리마","3026","622","-2404","72881200","14935650","-57945550"
"073570","WI","157877","100194","-57683","159341595","101291545","-58050050"
"033100","제룡전기","12921","202","-12719","59404630","922285","-58482345"
"147830","제룡산업","27591","10572","-17019","95035540","36187035","-58848505"
"020710","시공테크","16464","6718","-9746","100225080","41113890","-59111190"
"010170","대한광통신","54684","24550","-30134","107358165","48117675","-59240490"
"101930","인화정공","4525","128","-4397","61159400","1708900","-59450500"
"094940","푸른기술","18976","12157","-6819","165566290","106088480","-59477810"
"187270","신화콘텍","15493","1393","-14100","65387710","5865680","-59522030"
"322510","제이엘케이","17757","8252","-9505","111601570","51965980","-59635590"
"382480","지아이텍","16938","14184","-2754","351766800","292104150","-59662650"
"007370","진양제약","13375","4385","-8990","88818710","29038600","-59780110"
"035460","기산텔레콤","147006","130363","-16643","520168950","459352420","-60816530"
"096870","엘디티","16777","3040","-13737","74965440","13522175","-61443265"
"038680","에스넷","34154","25308","-8846","235564490","174093490","-61471000"
"025980","아난티","168208","161587","-6621","1549713900","1487569130","-62144770"
"064820","케이프","17181","3220","-13961","76813045","14429340","-62383705"
"023770","플레이위드","13995","7377","-6618","132263350","69710550","-62552800"
"083640","인콘","64052","15931","-48121","83496290","20926765","-62569525"
"006620","동구바이오제약","16825","8098","-8727","120709330","58045830","-62663500"
"109080","옵티시스","8071","4084","-3987","127266600","64498050","-62768550"
"340570","티앤엘","4959","3325","-1634","191152400","128165900","-62986500"
"042520","한스바이오메드","5341","215","-5126","65954650","2653600","-63301050"
"053590","한국테크놀로지","122149","44199","-77950","99140144","35758129","-63382015"
"018290","브이티지엠피","23823","14715","-9108","164753600","101263700","-63489900"
"064240","홈캐스트","21161","2281","-18880","71298345","7700585","-63597760"
"170030","현대공업","15984","6081","-9903","103110380","39398700","-63711680"
"073560","우리손에프앤지","42774","12358","-30416","90750465","26180070","-64570395"
"234300","에스트래픽","19261","3439","-15822","78619165","13994135","-64625030"
"131100","스카이이앤엠","21243","1640","-19603","70774970","5479730","-65295240"
"024950","삼천리자전거","63683","58424","-5259","818932850","753479400","-65453450"
"072950","빛샘전자","15670","6221","-9449","109361440","43620950","-65740490"
"093190","빅솔론","25508","15057","-10451","159151380","93247460","-65903920"
"347860","알체라","9514","6979","-2535","243242700","177222000","-66020700"
"297890","HB솔루션","7834","4066","-3768","137661100","71481950","-66179150"
"054780","키이스트","45392","40212","-5180","568627000","502408650","-66218350"
"050090","휘닉스소재","134409","40399","-94010","94949426","28520063","-66429363"
"237750","피앤씨테크","16418","6434","-9984","109766970","42927630","-66839340"
"052900","KMH하이텍","77004","33930","-43074","120165515","52953885","-67211630"
"187420","제노포커스","12928","3265","-9663","90323540","22805050","-67518490"
"023160","태광","7484","679","-6805","74352470","6747120","-67605350"
"134060","이퓨쳐","9347","357","-8990","70422410","2718060","-67704350"
"050960","수산아이앤티","20148","15177","-4971","274419900","206691950","-67727950"
"218410","RFHIC","18257","15839","-2418","508802750","440992550","-67810200"
"300120","라온피플","9211","3823","-5388","117792550","49205700","-68586850"
"131400","이브이첨단소재","87895","40412","-47483","128702685","59424365","-69278320"
"023440","제일제강","51753","17970","-33783","105769595","36316385","-69453210"
"303530","이노뎁","8055","4342","-3713","150673950","80794700","-69879250"
"106520","노블엠앤비","31314","15155","-16159","135974450","65731785","-70242665"
"036630","세종텔레콤","218164","79148","-139016","110367597","40022499","-70345098"
"101360","이엔드디","5126","2094","-3032","118975950","48360400","-70615550"
"067280","멀티캠퍼스","1819","151","-1668","76968800","6343450","-70625350"
"300080","플리토","5919","4268","-1651","238120150","167159500","-70960650"
"274090","켄코아에어로스페이스","11754","5811","-5943","140714800","69734050","-70980750"
"214310","에스엘바이오닉스","24784","3210","-21574","82561985","10677360","-71884625"
"008370","원풍","23075","8138","-14937","112116385","39673680","-72442705"
"294090","이오플로우","11480","7777","-3703","224633700","152110600","-72523100"
"052460","아이크래프트","53386","38809","-14577","262255850","189440350","-72815500"
"032800","판타지오","139379","17475","-121904","83346385","10463504","-72882881"
"012700","리드코프","10025","1036","-8989","81588140","8414300","-73173840"
"035890","서희건설","74357","28395","-45962","118549460","45232520","-73316940"
"214610","미코바이오메드","16935","7126","-9809","126582710","52811560","-73771150"
"023600","삼보판지","6557","1207","-5350","90622650","16764600","-73858050"
"072520","제넨바이오","58864","28037","-30827","142119210","68084930","-74034280"
"016600","큐캐피탈","206134","73324","-132810","115033584","40922195","-74111389"
"227610","아우딘퓨쳐스","70944","20343","-50601","104288455","30114335","-74174120"
"102120","어보브반도체","15843","9820","-6023","195371800","121026400","-74345400"
"037370","EG","12663","6305","-6358","147461850","72773350","-74688500"
"090710","휴림로봇","453857","375300","-78557","435245394","360248190","-74997204"
"033540","파라텍","55656","17872","-37784","110328935","35271525","-75057410"
"068050","팬엔터테인먼트","35372","18530","-16842","158455310","82843650","-75611660"
"086960","한컴MDS","33113","28987","-4126","627038950","551353700","-75685250"
"376180","피코그램","7996","3142","-4854","125116100","49344350","-75771750"
"234690","녹십자웰빙","14588","6461","-8127","136301630","60510950","-75790680"
"277070","린드먼아시아","21082","6788","-14294","113249770","36464420","-76785350"
"034810","해성산업","11126","4897","-6229","137725350","60858650","-76866700"
"099320","쎄트렉아이","3976","1994","-1982","154486900","77295700","-77191200"
"109740","디에스케이","12107","2121","-9986","93881430","16413190","-77468240"
"950190","미투젠","5036","596","-4440","87904950","10414250","-77490700"
"307930","컴퍼니케이","23689","15057","-8632","208043840","130445520","-77598320"
"230360","에코마케팅","85058","81368","-3690","1571916500","1494039650","-77876850"
"078150","HB테크놀러지","42595","7608","-34987","95025965","16986260","-78039705"
"032980","바이온","163374","73974","-89400","144510804","65628226","-78882578"
"024940","PN풍년","27830","7358","-20472","108998795","29089865","-79908930"
"054210","이랜텍","225141","220815","-4326","4007480250","3927553650","-79926600"
"089230","THE E&M","250500","139556","-110944","179297599","99263546","-80034053"
"060310","3S","50680","24241","-26439","155055575","74155190","-80900385"
"219420","링크제니시스","13831","2720","-11111","101701280","20006680","-81694600"
"016920","카스","212661","190449","-22212","746424800","664446840","-81977960"
"045660","에이텍","44528","39935","-4593","734654350","651943850","-82710500"
"200230","텔콘RF제약","58818","21077","-37741","129195090","45893290","-83301800"
"263720","디앤씨미디어","5105","2371","-2734","155335200","71473000","-83862200"
"032820","우리기술","423943","380352","-43591","802546975","718565645","-83981330"
"303030","지니틱스","67667","35502","-32165","177831085","93595420","-84235665"
"014940","오리엔탈정공","40080","14786","-25294","134298915","49767685","-84531230"
"123750","알톤스포츠","27469","10539","-16930","138259555","53592950","-84666605"
"042110","에스씨디","144614","101028","-43586","277890305","193146485","-84743820"
"174900","앱클론","10998","4367","-6631","141021250","56181950","-84839300"
"290510","코리아센터","42462","28638","-13824","261403210","176443590","-84959620"
"069540","라이트론","26831","5809","-21022","109415005","23731985","-85683020"
"019590","엠벤처투자","76710","14546","-62164","106232075","20179765","-86052310"
"053350","이니텍","25912","7197","-18715","119393750","33176465","-86217285"
"026150","특수건설","54082","45602","-8480","556610550","469806950","-86803600"
"365270","큐라클","13638","7937","-5701","209895100","122817200","-87077900"
"216080","제테마","8704","4447","-4257","176597550","89218750","-87378800"
"065450","빅텍","1373933","1362131","-11802","9288792110","9200942560","-87849550"
"068760","셀트리온제약","28625","27627","-998","2481674500","2393747500","-87927000"
"048470","대동스틸","29004","13771","-15233","171893160","82525420","-89367740"
"039020","이건홀딩스","31439","11367","-20072","140193490","50822310","-89371180"
"200670","휴메딕스","5144","852","-4292","107646350","17902950","-89743400"
"094170","동운아나텍","43456","31295","-12161","317198150","226898740","-90299410"
"267980","매일유업","2417","1065","-1352","161901600","71281600","-90620000"
"304100","솔트룩스","15131","8615","-6516","208337550","117533100","-90804450"
"036620","감성코퍼레이션","80548","35588","-44960","164184660","72868230","-91316430"
"227100","에이치앤비디자인","46398","33450","-12948","325152110","233677410","-91474700"
"332570","와이팜","28881","16541","-12340","216204380","124346620","-91857760"
"113810","디젠스","858417","775027","-83390","895025970","803035801","-91990169"
"076080","웰크론한텍","34276","8647","-25629","124474240","31380665","-93093575"
"122990","와이솔","14649","5566","-9083","149730650","56557350","-93173300"
"307180","아이엘사이언스","28416","7831","-20585","128548575","35341805","-93206770"
"035200","프럼파스트","24751","7031","-17720","130603680","37060890","-93542790"
"186230","그린플러스","8689","2075","-6614","123023700","29308650","-93715050"
"208340","파멥신","27351","8665","-18686","137457605","43630280","-93827325"
"317690","퀀타매트릭스","13568","2008","-11560","110045810","16206540","-93839270"
"313760","윌링스","19773","14752","-5021","362071200","267992000","-94079200"
"064800","젬백스링크","100731","37042","-63689","149457245","55210775","-94246470"
"043360","디지아이","32888","5405","-27483","113014210","18557080","-94457130"
"094850","참좋은여행","41533","35251","-6282","615409550","520607150","-94802400"
"159580","제로투세븐","20368","9833","-10535","184493450","89127080","-95366370"
"023410","유진기업","82130","61318","-20812","374469855","278765330","-95704525"
"337930","브랜드엑스코퍼레이션","15442","3300","-12142","122675780","26186230","-96489550"
"352700","씨앤투스성진","100896","82602","-18294","538691570","442114870","-96576700"
"170920","엘티씨","35064","26778","-8286","404034750","307390200","-96644550"
"182400","엔케이맥스","52717","45952","-6765","804786000","708108400","-96677600"
"041460","한국전자인증","56359","44899","-11460","476839640","379955640","-96884000"
"263810","상신전자","25567","1076","-24491","101406565","4275745","-97130820"
"092190","서울바이오시스","17587","8292","-9295","184671650","87089250","-97582400"
"058970","엠로","12861","6848","-6013","208391650","109695300","-98696350"
"285490","노바텍","5987","3323","-2664","220215250","121467400","-98747850"
"036640","HRS","294205","284803","-9402","2474844190","2374401150","-100443040"
"079810","디이엔티","28299","10446","-17853","159485550","58564710","-100920840"
"100700","세운메디칼","47722","21636","-26086","186465635","84708555","-101757080"
"377220","프롬바이오","17877","5770","-12107","150513420","48695540","-101817880"
"242040","나무기술","61964","20726","-41238","154210805","52196890","-102013915"
"094860","네오리진","171271","46734","-124537","141459991","38788130","-102671861"
"060380","동양에스텍","55059","28073","-26986","210243515","107534535","-102708980"
"027580","상보","100407","44488","-55919","184839250","82087230","-102752020"
"049430","코메론","11813","1050","-10763","113151060","10071590","-103079470"
"049960","쎌바이오텍","9562","2795","-6767","145729750","42333150","-103396600"
"042500","링네트","32365","15030","-17335","193662690","89936570","-103726120"
"048830","엔피케이","64477","11683","-52794","127767170","23332195","-104434975"
"042040","케이피엠테크","206088","81875","-124213","174394876","69943740","-104451136"
"018700","바른손","83432","57546","-25886","336397645","231557795","-104839850"
"140520","대창스틸","51710","21035","-30675","178253940","72178840","-106075100"
"065500","오리엔트정공","84871","33541","-51330","176898055","70410475","-106487580"
"022100","포스코 ICT","47203","28233","-18970","266458880","159637070","-106821810"
"047920","HLB제약","29845","19353","-10492","309566450","202728700","-106837750"
"014620","성광벤드","16689","2931","-13758","129681910","22767700","-106914210"
"075970","동국알앤에스","147686","124139","-23547","623674535","516741645","-106932890"
"340930","유일에너테크","20541","15226","-5315","415023400","307844950","-107178450"
"102710","이엔에프테크놀로지","13805","10115","-3690","401556950","294077100","-107479850"
"203650","드림시큐리티","65320","38410","-26910","261471990","153702990","-107769000"
"052420","오성첨단소재","75735","28021","-47714","171666605","63679295","-107987310"
"038070","서린바이오","15188","8573","-6615","248664700","140132900","-108531800"
"038500","삼표시멘트","54490","31102","-23388","252305560","143645275","-108660285"
"033290","코웰패션","85486","72258","-13228","693367620","584656770","-108710850"
"038530","골드퍼시픽","290921","195083","-95838","333877210","223989675","-109887535"
"031330","에스에이엠티","47810","20174","-27636","190801065","80465090","-110335975"
"035600","KG이니시스","24061","17590","-6471","415966200","305098600","-110867600"
"376290","씨유테크","18955","2302","-16653","127699270","15400290","-112298980"
"079170","한창산업","19422","6212","-13210","166381910","53465950","-112915960"
"250000","보라티알","13577","4249","-9328","165115950","52074900","-113041050"
"287410","제이시스메디칼","163360","149338","-14022","1272850530","1159196990","-113653540"
"226360","KH E&T","500990","372482","-128508","442453312","328689965","-113763347"
"247660","나노씨엠에스","16457","14237","-2220","835397500","721376350","-114021150"
"059270","해성티피씨","22492","6464","-16028","161807900","46340440","-115467460"
"088910","동우팜투테이블","277873","246951","-30922","915578310","799001870","-116576440"
"049080","기가레인","74056","17705","-56351","155216275","36408355","-118807920"
"089600","나스미디어","7923","3675","-4248","221221550","101946500","-119275050"
"151910","나노스","49772","18559","-31213","190989810","71043230","-119946580"
"054090","삼진엘앤디","60990","18300","-42690","171926055","51730140","-120195915"
"261200","덴티스","16087","2334","-13753","140951840","20501610","-120450230"
"289080","SV인베스트먼트","112511","80457","-32054","422297415","301391805","-120905610"
"048870","시너지이노베이션","46510","12828","-33682","167376040","46285890","-121090150"
"052790","액토즈소프트","16483","6363","-10120","197645600","76524200","-121121400"
"054040","한국컴퓨터","33933","8905","-25028","164563645","43161770","-121401875"
"071200","인피니트헬스케어","31493","13556","-17937","212059520","90652180","-121407340"
"217500","러셀","77518","48111","-29407","318011105","196451065","-121560040"
"067900","와이엔텍","18467","8760","-9707","233602150","111255750","-122346400"
"124560","태웅로직스","49279","35110","-14169","426351730","302900310","-123451420"
"264850","이랜시스","76418","39715","-36703","256980280","133291375","-123688905"
"273640","와이엠텍","4435","733","-3702","148098700","24267950","-123830750"
"241690","유니테크노","22011","7459","-14552","187656130","63457300","-124198830"
"290660","네오펙트","64563","19590","-44973","178123520","53659120","-124464400"
"069410","엔텔스","19568","3821","-15747","155259050","30333170","-124925880"
"078860","아이오케이","193494","86869","-106625","230374940","104502320","-125872620"
"277810","레인보우로보틱스","11284","5239","-6045","236428750","109762550","-126666200"
"078890","가온미디어","64717","54439","-10278","797948400","670827850","-127120550"
"033050","제이엠아이","116821","12208","-104613","143359620","15003615","-128356005"
"251630","브이원텍","23841","10408","-13433","228059950","99323930","-128736020"
"032280","삼일","80562","30805","-49757","210220540","80973185","-129247355"
"226950","올릭스","8757","3958","-4799","238492200","107948650","-130543550"
"198440","고려시멘트","54864","16001","-38863","184717380","54092360","-130625020"
"017480","삼현철강","37942","15710","-22232","224183090","93170180","-131012910"
"317330","덕산테코피아","19006","14500","-4506","558811850","426272150","-132539700"
"140410","메지온","7360","6538","-822","1188236000","1055181400","-133054600"
"363250","진시스템","15735","2054","-13681","153716200","20068130","-133648070"
"007770","한일화학","11283","4297","-6986","215986250","81951900","-134034350"
"950130","엑세스바이오","47579","40186","-7393","831614700","697542400","-134072300"
"026910","광진실업","34015","5496","-28519","161362520","26064305","-135298215"
"006730","서부T&D","25689","10064","-15625","225792450","88494250","-137298200"
"071280","로체시스템즈","32572","5659","-26913","168340100","29369220","-138970880"
"089790","제이티","19775","3175","-16600","167099510","26853890","-140245620"
"298870","케이티비네트워크","44230","10500","-33730","186363185","44505790","-141857395"
"002290","삼일기업공사","65514","32063","-33451","278162085","135948535","-142213550"
"108230","톱텍","31169","13750","-17419","256091060","113280860","-142810200"
"263050","유틸렉스","14019","6014","-8005","250942900","107632100","-143310800"
"032540","TJ미디어","424145","405066","-19079","2970883280","2827342630","-143540650"
"299660","셀리드","28605","24308","-4297","948319250","804507650","-143811600"
"012340","뉴인텍","91622","49336","-42286","313306040","169313610","-143992430"
"064480","브리지텍","37625","12449","-25176","214938000","70832850","-144105150"
"048770","TPC","74397","40131","-34266","314522975","169098000","-145424975"
"046890","서울반도체","67371","56567","-10804","895211200","749188100","-146023100"
"025550","한국선재","204313","173058","-31255","933260135","786632975","-146627160"
"029480","릭스솔루션","546131","399407","-146724","505684467","358479427","-147205040"
"117730","티로보틱스","47540","26900","-20640","339577250","192085690","-147491560"
"101330","모베이스","48476","8319","-40157","178535745","30720670","-147815075"
"078020","이베스트투자증권","25764","5906","-19858","192121590","44139210","-147982380"
"286750","나노브릭","83488","30654","-52834","234595310","86339045","-148256265"
"236810","엔비티","27348","19121","-8227","495153300","346833600","-148319700"
"338220","뷰노","23543","8920","-14623","238663190","89699380","-148963810"
"015750","성우하이텍","51239","20615","-30624","249631940","100517435","-149114505"
"066910","손오공","161752","95360","-66392","365799665","216061070","-149738595"
"088390","이녹스","19430","12176","-7254","405650250","255825200","-149825050"
"190510","나무가","36148","22232","-13916","389657100","239494350","-150162750"
"095610","테스","34192","28361","-5831","881505900","730846850","-150659050"
"372800","아이티아이즈","19513","9070","-10443","283186400","131242700","-151943700"
"024810","이화전기","172587","55238","-117349","224632640","72583050","-152049590"
"357780","솔브레인","3198","2527","-671","725277700","573203200","-152074500"
"085910","네오티스","48207","18791","-29416","251951080","98431170","-153519910"
"043220","에이치엘비파워","121033","21922","-99111","187550020","33878795","-153671225"
"027830","대성창투","70780","11100","-59680","184053660","28792720","-155260940"
"143240","사람인에이치알","13604","9539","-4065","513193250","357459350","-155733900"
"029960","코엔텍","33648","14168","-19480","269396100","113469960","-155926140"
"117670","알파홀딩스","53331","8518","-44813","186139380","28974815","-157164565"
"032500","케이엠더블유","29844","24741","-5103","924049450","766003250","-158046200"
"038880","아이에이","431551","275709","-155842","438007135","279956740","-158050395"
"215000","골프존","5924","4856","-1068","868832400","710153000","-158679400"
"352940","인바이오","37985","16755","-21230","284847330","125982100","-158865230"
"234100","세원","71296","26002","-45294","250660705","91490120","-159170585"
"100120","뷰웍스","6028","1873","-4155","231158800","71743300","-159415500"
"137080","나래나노텍","343102","332940","-10162","4992593250","4831286950","-161306300"
"126880","제이엔케이히터","42707","13811","-28896","238815150","77062680","-161752470"
"085670","뉴프렉스","96511","62703","-33808","459567350","297733190","-161834160"
"211270","AP위성","26545","13183","-13362","323011300","160674250","-162337050"
"200130","콜마비앤에이치","97213","92870","-4343","3585436000","3422951250","-162484750"
"153460","네이블","26052","5682","-20370","209745810","45778930","-163966880"
"131390","원익피앤이","15072","8886","-6186","401081400","236765650","-164315750"
"019550","SBI인베스트먼트","191033","79790","-111243","280944405","116238440","-164705965"
"067000","조이시티","79424","59839","-19585","659693090","494837800","-164855290"
"089970","에이피티씨","33293","24231","-9062","610244900","444988450","-165256450"
"226330","신테카바이오","31914","19346","-12568","409202500","243692100","-165510400"
"205500","액션스퀘어","86855","42721","-44134","324677865","158811190","-165866675"
"053610","프로텍","15409","10071","-5338","476493150","310141900","-166351250"
"196700","웹스","262751","235367","-27384","1390647440","1222745600","-167901840"
"110790","크리스에프앤씨","7688","3659","-4029","321527700","153397100","-168130600"
"033130","디지틀조선","92086","37120","-54966","283396185","114713900","-168682285"
"049630","재영솔루텍","347141","194262","-152879","376669930","207846640","-168823290"
"041830","인바디","10149","2391","-7758","225424400","52841050","-172583350"
"083310","엘오티베큠","14254","2238","-12016","204902550","32283600","-172618950"
"281740","레이크머티리얼즈","54604","16377","-38227","248383980","74601220","-173782760"
"217330","싸이토젠","3658","684","-2974","214149100","39993000","-174156100"
"308080","바이젠셀","27433","20768","-6665","710744550","536297600","-174446950"
"086890","이수앱지스","41700","15464","-26236","278743970","103942730","-174801240"
"357580","아모센스","18317","7981","-10336","312351450","137395650","-174955800"
"051980","중앙디앤엠","858796","474980","-383816","396947671","221367266","-175580405"
"096690","에이루트","464102","136015","-328087","249677296","73115292","-176562004"
"093520","매커스","59053","37709","-21344","497220060","317247270","-179972790"
"073490","이노와이어리스","10037","5469","-4568","394774850","214466750","-180308100"
"060560","홈센타홀딩스","407649","260089","-147560","499862735","319065230","-180797505"
"004590","한국가구","39792","6103","-33689","218286900","33591170","-184695730"
"004780","대륙제관","90491","56378","-34113","480025520","294976230","-185049290"
"225220","제놀루션","18662","3904","-14758","235143550","49567300","-185576250"
"051380","피씨디렉트","61760","53257","-8503","1167867850","982207800","-185660050"
"059090","미코","25949","9361","-16588","289868000","104066800","-185801200"
"241520","DSC인베스트먼트","47150","14184","-32966","269428730","81132460","-188296270"
"089850","유비벨록스","18435","6397","-12038","289959600","100444950","-189514650"
"246710","티앤알바이오팹","9264","3963","-5301","332202250","142222150","-189980100"
"142280","녹십자엠에스","169861","149238","-20623","1565089420","1374618380","-190471040"
"140670","알에스오토메이션","39954","25210","-14744","522978000","330099600","-192878400"
"018000","유니슨","161525","79028","-82497","379225505","186080920","-193144585"
"020180","대신정보통신","289164","140244","-148920","378696415","184507320","-194189095"
"047310","파워로직스","57448","29330","-28118","399446380","205219690","-194226690"
"053160","프리엠스","42707","24352","-18355","463146350","266966200","-196180150"
"900260","로스웰","941545","436697","-504848","359532548","163303218","-196229330"
"290380","대유","247693","215760","-31933","1409104300","1211288840","-197815460"
"900250","크리스탈신소재","190941","24285","-166656","228129155","29059940","-199069215"
"031860","엔에스엔","1015420","846385","-169035","1279181055","1080061475","-199119580"
"133750","메가엠디","70372","19694","-50678","277210055","77832695","-199377360"
"182360","큐브엔터","23447","13204","-10243","458980750","258175500","-200805250"
"104830","원익머트리얼즈","15106","9459","-5647","542968450","341365650","-201602800"
"078160","메디포스트","28964","18629","-10335","568564450","362302150","-206262300"
"036200","유니셈","38082","20433","-17649","444075650","237783350","-206292300"
"310200","애니플러스","76304","31260","-45044","347247270","140932940","-206314330"
"195990","에이비프로바이오","324435","44463","-279972","239771136","32930525","-206840611"
"021080","에이티넘인베스트","89985","49292","-40693","457392170","250281880","-207110290"
"014190","원익큐브","138295","72249","-66046","431875385","224623170","-207252215"
"041960","코미팜","49094","23698","-25396","403035120","194272220","-208762900"
"039860","나노엔텍","69642","38858","-30784","471135720","262044590","-209091130"
"101490","에스앤에스텍","20768","13339","-7429","589469350","378510400","-210958950"
"297570","알로이스","114142","19770","-94372","255879420","44659350","-211220070"
"036710","심텍홀딩스","93764","53945","-39819","490594570","279082670","-211511900"
"080720","한국유니온제약","43537","22611","-20926","438731520","227218760","-211512760"
"035760","CJ ENM","13938","12300","-1638","1814566600","1599919900","-214646700"
"048910","대원미디어","30194","17851","-12343","526342900","311270850","-215072050"
"339950","아이비김영","108960","35350","-73610","321985535","105848205","-216137330"
"080220","제주반도체","107046","65459","-41587","562073650","344890750","-217182900"
"088800","에이스테크","41614","20824","-20790","437398200","219278450","-218119750"
"009520","포스코엠텍","48332","18110","-30222","349626720","130911190","-218715530"
"377330","이지트로닉스","25808","13597","-12211","460956200","241728400","-219227800"
"089010","켐트로닉스","28718","20863","-7855","794075750","574505050","-219570700"
"038460","바이오스마트","127026","87430","-39596","703331250","483701420","-219629830"
"036890","진성티이씨","30693","6327","-24366","277363690","57498420","-219865270"
"019770","서연탑메탈","60007","24379","-35628","368924070","148839510","-220084560"
"109820","진매트릭스","41584","8929","-32655","280561600","60052700","-220508900"
"136540","윈스","16308","1319","-14989","241229950","19675850","-221554100"
"306040","에스제이그룹","14125","4966","-9159","342665850","120261500","-222404350"
"171090","선익시스템","23512","10385","-13127","400564000","177625000","-222939000"
"260930","씨티케이","31591","10323","-21268","334657300","110125100","-224532200"
"138080","오이솔루션","11789","3489","-8300","319630800","94820900","-224809900"
"361390","제노코","29722","20162","-9560","706467900","478712150","-227755750"
"051490","나라엠앤디","77910","51440","-26470","677659900","447918200","-229741700"
"222980","한국맥널티","64736","31979","-32757","452321760","222207080","-230114680"
"065770","CS","117662","31128","-86534","314789830","84167940","-230621890"
"036810","에프에스티","24301","13156","-11145","504371450","273433250","-230938200"
"361570","알비더블유","22981","10527","-12454","430319450","198787150","-231532300"
"025950","동신건설","24522","14773","-9749","587992650","354625300","-233367350"
"259630","엠플러스","98101","85622","-12479","2129006600","1892657250","-236349350"
"065440","이루온","211711","99687","-112024","447283170","210402890","-236880280"
"269620","시스웍","477641","212965","-264676","428872384","190310994","-238561390"
"065170","넥스트BT","273069","80367","-192702","339832460","100050780","-239781680"
"263860","지니언스","36006","11334","-24672","355690540","113239060","-242451480"
"027360","아주IB투자","117675","53246","-64429","441620765","198858305","-242762460"
"318020","포인트모바일","26424","13244","-13180","495343500","248404400","-246939100"
"225530","보광산업","73372","35984","-37388","487294830","238057960","-249236870"
"030350","드래곤플라이","222223","101825","-120398","469215510","215133355","-254082155"
"245620","EDGC","378957","320543","-58414","1595646845","1334836775","-260810070"
"214260","라파스","10738","2182","-8556","327458750","66415300","-261043450"
"185490","아이진","45623","24192","-21431","573649800","304648250","-269001550"
"122350","삼기","128350","65811","-62539","553189745","282978815","-270210930"
"100790","미래에셋벤처투자","71683","44565","-27118","715611700","445184870","-270426830"
"171010","램테크놀러지","57163","19710","-37453","415236130","144579620","-270656510"
"053280","예스24","42700","7544","-35156","328820730","58134470","-270686260"
"033230","인성정보","199654","92564","-107090","506573625","235585165","-270988460"
"114840","아이패밀리에스씨","35900","24591","-11309","857843050","584377100","-273465950"
"118990","모트렉스","141770","95576","-46194","835897230","561849860","-274047370"
"013990","아가방컴퍼니","107643","39504","-68139","437141370","160408430","-276732940"
"084110","휴온스글로벌","13866","4638","-9228","417292050","139999750","-277292300"
"053800","안랩","36962","32868","-4094","2502372100","2224759700","-277612400"
"096040","이트론","1019842","244139","-775703","366399424","87898358","-278501066"
"043260","성호전자","260388","79883","-180505","404745110","125728435","-279016675"
"119830","아이텍","39526","8277","-31249","356002540","75191310","-280811230"
"144510","지씨셀","14799","10664","-4135","997665400","716787600","-280877800"
"239890","피엔에이치테크","17368","5522","-11846","416465850","132258000","-284207850"
"065370","위세아이텍","24250","2243","-22007","313975850","29073150","-284902700"
"086040","바이오톡스텍","90540","58243","-32297","779924160","493720610","-286203550"
"099750","이지케어텍","16569","9560","-7009","677279200","390386200","-286893000"
"220630","맘스터치","210661","172464","-38197","1610947140","1322344850","-288602290"
"290690","소룩스","35704","11111","-24593","423617100","132960000","-290657100"
"047080","한빛소프트","163641","103338","-60303","794023160","501137470","-292885690"
"095340","ISC","28767","18518","-10249","839787550","540249150","-299538400"
"307750","국전약품","102569","64783","-37786","811714100","510039140","-301674960"
"315640","딥노이드","36741","13483","-23258","475901100","172828500","-303072600"
"047820","초록뱀미디어","912709","799480","-113229","2319503745","2011822785","-307680960"
"084850","아이티엠반도체","15753","6742","-9011","538139050","230217500","-307921550"
"224110","에이텍티앤","35342","14214","-21128","518406700","208899350","-309507350"
"290670","대보마그네틱","14468","8331","-6137","725937950","416019450","-309918500"
"217270","넵튠","30916","15191","-15725","610564800","300576300","-309988500"
"038010","제일테크노스","80968","27131","-53837","475082000","157969950","-317112050"
"043150","바텍","27188","17829","-9359","956012750","627560600","-328452150"
"041190","우리기술투자","348861","309068","-39793","2939464470","2601053100","-338411370"
"086390","유니테스트","22628","9744","-12884","596085100","257401450","-338683650"
"950220","네오이뮨텍(Reg.S)","81430","29675","-51755","532517010","193539630","-338977380"
"208710","바이오로그디바이스","293171","136095","-157076","638746460","298894965","-339851495"
"090410","덕신하우징","253993","70642","-183351","472358075","131235160","-341122915"
"045390","대아티아이","156861","84287","-72574","739033485","396918960","-342114525"
"196170","알테오젠","61998","55416","-6582","3199106300","2856366400","-342739900"
"001540","안국약품","63924","34054","-29870","725530650","380512650","-345018000"
"383310","에코프로에이치엔","34404","27520","-6884","1738928800","1393664300","-345264500"
"126600","코프라","61391","18089","-43302","497303860","146530760","-350773100"
"237690","에스티팜","22493","18828","-3665","2167520400","1815741200","-351779200"
"014200","광림","263389","66229","-197160","474884255","119827120","-355057135"
"058110","멕아이씨에스","60165","19874","-40291","531433360","175544010","-355889350"
"214270","FSN","113825","66078","-47747","848113020","490467240","-357645780"
"033160","엠케이전자","48698","24972","-23726","736147150","377577650","-358569500"
"317530","캐리소프트","63931","26528","-37403","622242910","256496020","-365746890"
"041920","메디아나","111649","59282","-52367","777451340","409595690","-367855650"
"114450","KPX생명과학","107607","50749","-56858","700153490","331514920","-368638570"
"066670","디스플레이텍","92441","36486","-55955","616347950","243505150","-372842800"
"041590","젬백스지오","348081","189760","-158321","841325090","453877770","-387447320"
"057680","티사이언티픽","207128","95715","-111413","723556325","334160330","-389395995"
"065680","우주일렉트로","16165","1446","-14719","434605550","38784650","-395820900"
"232680","라온테크","12852","2387","-10465","492539700","91213350","-401326350"
"059120","아진엑스텍","159364","125471","-33893","1886419800","1483333400","-403086400"
"377030","맥스트","17491","7482","-10009","730722650","312351500","-418371150"
"069080","웹젠","34524","16839","-17685","821482750","400163100","-421319650"
"195940","HK이노엔","47115","36894","-10221","1985818000","1561407950","-424410050"
"058630","엠게임","77680","30151","-47529","693793830","269134450","-424659380"
"163730","핑거","30550","7893","-22657","581275900","150696100","-430579800"
"064760","티씨케이","12545","8730","-3815","1432615500","997403000","-435212500"
"060150","인선이엔티","48109","6373","-41736","505237000","66829650","-438407350"
"046440","KG모빌리언스","67235","16205","-51030","579832040","139411320","-440420720"
"129890","앱코","57684","30535","-27149","944742150","503994300","-440747850"
"053080","원방테크","41459","4444","-37015","494429100","53601250","-440827850"
"207760","미스터블루","89186","35347","-53839","732209160","290842520","-441366640"
"276040","스코넥","68203","50788","-17415","1721404000","1275918850","-445485150"
"128540","에코캡","77352","31456","-45896","754002460","305714820","-448287640"
"189980","흥국에프엔비","177573","61727","-115846","705505360","244864755","-460640605"
"061970","엘비세미콘","96971","54770","-42201","1060323250","597691550","-462631700"
"038540","상상인","157281","108315","-48966","1528393760","1061486820","-466906940"
"022220","정산애강","301638","63177","-238461","593277930","124074195","-469203735"
"033640","네패스","209675","194911","-14764","6189725200","5716564100","-473161100"
"086980","쇼박스","162160","66402","-95758","808290635","330723055","-477567580"
"130500","GH신소재","164260","87100","-77160","1025041770","546601360","-478440410"
"056080","유진로봇","163738","58529","-105209","745297830","265839715","-479458115"
"267320","나인테크","263069","119672","-143397","881293960","399982610","-481311350"
"007390","네이처셀","104286","72637","-31649","1590831200","1107932550","-482898650"
"217600","켐온","238835","57222","-181613","637558285","153120290","-484437995"
"038950","파인디지털","204473","141535","-62938","1550137590","1060059900","-490077690"
"046390","삼화네트웍스","815230","701495","-113735","3459321885","2965210710","-494111175"
"265520","AP시스템","33464","10494","-22970","722023600","226696300","-495327300"
"064260","다날","435762","386642","-49120","4324480360","3828335860","-496144500"
"131370","알서포트","111722","31427","-80295","689506040","193219200","-496286840"
"268600","셀리버리","35784","19573","-16211","1092916450","596248100","-496668350"
"019210","와이지-원","60760","4567","-56193","542049890","40738280","-501311610"
"319660","피에스케이","60852","50211","-10641","2936481150","2423817800","-512663350"
"048550","SM C&C","797910","674085","-123825","3188099365","2673037360","-515062005"
"121600","나노신소재","31778","22555","-9223","1780362600","1261590100","-518772500"
"011040","경동제약","86801","37548","-49253","923476150","398339100","-525137050"
"017000","신원종합개발","109348","49553","-59795","959610750","430525120","-529085630"
"121850","코이즈","322579","230410","-92169","1894053600","1349070320","-544983280"
"226440","한송네오텍","2711476","2465995","-245481","5491102310","4933629185","-557473125"
"049070","인탑스","66319","48862","-17457","2080873150","1520544900","-560328250"
"079190","EMW","935271","589452","-345819","1475144755","910406875","-564737880"
"048530","인트론바이오","55288","22508","-32780","957981500","388985900","-568995600"
"109610","에스와이","300120","139547","-160573","1064617580","494160780","-570456800"
"142210","유니트론텍","275715","193034","-82681","1849444030","1267363700","-582080330"
"089140","넥스턴바이오","200799","81156","-119643","1029555995","418681205","-610874790"
"094820","일진파워","146944","109036","-37908","2410475900","1783241200","-627234700"
"038620","위즈코프","597393","235202","-362191","1079224335","427477655","-651746680"
"032300","한국파마","24746","6020","-18726","879085200","213371700","-665713500"
"094480","갤럭시아머니트리","137858","69025","-68833","1343347460","672910700","-670436760"
"063170","서울옥션","53911","22180","-31731","1139489700","468126750","-671362950"
"189860","서전기전","179142","99362","-79780","1544591560","850606180","-693985380"
"222080","씨아이에스","147392","93661","-53731","1911127500","1215356100","-695771400"
"256840","한국비엔씨","354129","313355","-40774","5507904350","4803963900","-703940450"
"019990","에너토크","155321","102201","-53120","2127883050","1403854650","-724028400"
"241840","에이스토리","67866","43403","-24463","2029738500","1295284250","-734454250"
"025900","동화기업","18616","7953","-10663","1298486600","554442000","-744044600"
"108490","로보티즈","87437","55217","-32220","2013640700","1266674250","-746966450"
"054450","텔레칩스","128815","87769","-41046","2314151100","1564168300","-749982800"
"053290","NE능률","156618","102077","-54541","2166422500","1405180900","-761241600"
"270660","에브리봇","36260","16106","-20154","1378806050","611597850","-767208200"
"213420","덕산네오룩스","51241","32764","-18477","2104084900","1328535350","-775549550"
"318010","팜스빌","48793","6347","-42446","908146150","118820100","-789326050"
"104620","노랑풍선","87558","35917","-51641","1376708200","564916350","-811791850"
"126700","하이비젼시스템","84892","44538","-40354","1758170750","919230400","-838940350"
"258830","세종메디칼","288106","119042","-169064","1430735730","589949380","-840786350"
"038110","에코플라스틱","541045","220372","-320673","1418685365","576578865","-842106500"
"066410","버킷스튜디오","347762","109230","-238532","1251498255","394060130","-857438125"
"095500","미래나노텍","294275","182240","-112035","2283749930","1410702550","-873047380"
"136410","아셈스","305313","245547","-59766","4220158600","3342341850","-877816750"
"215200","메가스터디교육","16261","5621","-10640","1345067500","465336600","-879730900"
"078600","대주전자재료","34368","24134","-10234","3021800000","2120097800","-901702200"
"068240","다원시스","74682","42161","-32521","2076719050","1174345600","-902373450"
"094360","칩스앤미디어","109891","65037","-44854","2255721350","1336331500","-919389850"
"049480","오픈베이스","439603","146974","-292629","1391324885","465707595","-925617290"
"057880","피에이치씨","3105969","2555832","-550137","5272643795","4343806650","-928837145"
"194480","데브시스터즈","52253","35974","-16279","3041011900","2083278800","-957733100"
"137940","넥스트아이","1124446","352784","-771662","1404816965","440100685","-964716280"
"298540","더네이쳐홀딩스","49069","21023","-28046","1692012800","723669350","-968343450"
"042000","카페24","93049","44678","-48371","1866678150","896531300","-970146850"
"235980","메드팩토","42986","13674","-29312","1481737450","470458400","-1011279050"
"169330","엠브레인","143031","58041","-84990","1696023850","681963700","-1014060150"
"046120","오르비텍","209703","43870","-165833","1362523120","284163350","-1078359770"
"030520","한글과컴퓨터","98538","44010","-54528","1954571650","871992800","-1082578850"
"024840","KBI메탈","614569","73809","-540760","1238925835","148531260","-1090394575"
"077360","덕산하이메탈","89474","19686","-69788","1422744150","313548300","-1109195850"
"206560","덱스터","149496","91575","-57921","2874920650","1761651850","-1113268800"
"085370","루트로닉","136007","78930","-57077","2763772050","1607497250","-1156274800"
"090150","아이윈","684923","205858","-479065","1672342880","504172540","-1168170340"
"239340","줌인터넷","488202","213591","-274611","2151274540","956068245","-1195206295"
"215100","로보로보","397066","245355","-151711","3180637880","1969708900","-1210928980"
"104480","티케이케미칼","368502","147593","-220909","2013436980","799562510","-1213874470"
"121800","비덴트","323099","245630","-77469","5089952500","3836482400","-1253470100"
"125210","아모그린텍","189735","75289","-114446","2056278200","800586600","-1255691600"
"230240","에치에프알","72128","24505","-47623","2057493500","703790200","-1353703300"
"028300","HLB","175028","128970","-46058","5181152650","3820238000","-1360914650"
"323990","박셀바이오","63457","19528","-43929","2055029350","630463600","-1424565750"
"149980","하이로닉","319648","171820","-147828","3264474190","1749865220","-1514608970"
"060720","KH바텍","128288","59126","-69162","2804488200","1277448500","-1527039700"
"006910","보성파워텍","974635","589499","-385136","3951982820","2387670910","-1564311910"
"064550","바이오니아","103300","57167","-46133","3544622400","1963109650","-1581512750"
"293490","카카오게임즈","129272","103706","-25566","9090071600","7289278600","-1800793000"
"039290","인포뱅크","252152","130720","-121432","4799382950","2466722800","-2332660150"
"036930","주성엔지니어링","313010","199608","-113402","6740566650","4285229900","-2455336750"
"092300","현우산업","718770","276395","-442375","3991436720","1529047030","-2462389690"
"122870","와이지엔터테인먼트","123181","82469","-40712","7557683100","5041562400","-2516120700"
"095660","네오위즈","339786","202616","-137170","7871822150","4687898150","-3183924000"
"036540","SFA반도체","738233","214890","-523343","4888807650","1409145370","-3479662280"
"067160","아프리카TV","79134","54016","-25118","10808273000","7316105200","-3492167800"
"131970","테스나","232779","160623","-72156","11360437250","7842763600","-3517673650"
"034230","파라다이스","325715","109395","-216320","5571383600","1872862350","-3698521250"
"037440","희림","647176","276738","-370438","6779356500","2864535200","-3914821300"
"136510","에디슨EV","341647","184380","-157267","9082717950","4841434950","-4241283000"
"035900","JYP Ent.","368505","231525","-136980","17851444850","11198279550","-6653165300"
"063080","컴투스홀딩스","95142","35635","-59507","12517428400","4703133600","-7814294800"