종목코드,종목명,거래량_매도,거래량_매수,거래량_순매수,거래대금_매도,거래대금_매수,거래대금_순매수
"352820","하이브","28738","119167","90429","7973700500","33122339500","25148639000"
"161890","한국콜마","58257","364460","306203","2702164950","16892908050","14190743100"
"028670","팬오션","982678","2592697","1610019","6377560270","16873556460","10495996190"
"068270","셀트리온","77839","141571","63732","12501665000","22880286000","10378621000"
"373220","LG에너지솔루션","42126","63871","21745","18615978500","28245728500","9629750000"
"377300","카카오페이","43129","99665","56536","6004140500","13910069500","7905929000"
"089860","롯데렌탈","12947","172992","160045","489618900","6564812950","6075194050"
"011170","롯데케미칼","21456","48091","26635","4836667000","10861755000","6025088000"
"030200","KT","257849","438027","180178","8208503200","13970897250","5762394050"
"069960","현대백화점","14520","82956","68436","1127760400","6462093500","5334333100"
"383220","F&F","8844","14927","6083","7104429000","11997323000","4892894000"
"004170","신세계","7475","25345","17870","1938240500","6581270500","4643030000"
"008770","호텔신라","89442","137577","48135","7242906900","11159727600","3916820700"
"138040","메리츠금융지주","138475","227763","89288","5598783850","9175857000","3577073150"
"005830","DB손해보험","80017","124847","44830","4736809700","7416667200","2679857500"
"000150","두산","5790","32965","27175","542116900","3122420200","2580303300"
"361610","SK아이이테크놀로지","37045","58271","21226","4450147500","7019373000","2569225500"
"381970","케이카","2903","84614","81711","87143500","2557119850","2469976350"
"375500","DL이앤씨","19641","39175","19534","2395467000","4781927000","2386460000"
"055490","테이팩스","9509","40413","30904","732423800","3106350300","2373926500"
"010620","현대미포조선","32523","59062","26539","2407517300","4383707200","1976189900"
"006360","GS건설","112154","158374","46220","4557968450","6447751150","1889782700"
"011200","HMM","316694","376708","60014","9806232900","11625746150","1819513250"
"353200","대덕전자","8743","87782","79039","193689150","1944935650","1751246500"
"000060","메리츠화재","150412","190039","39627","6518726450","8228418900","1709692450"
"001450","현대해상","178074","238120","60046","4891508950","6576012750","1684503800"
"137310","에스디바이오센서","4228","36071","31843","218951200","1874223100","1655271900"
"006280","녹십자","4512","12930","8418","879008500","2533333500","1654325000"
"029780","삼성카드","20850","68567","47717","667635750","2200950350","1533314600"
"097950","CJ제일제당","10216","14121","3905","3872996500","5392162500","1519166000"
"030000","제일기획","86501","148417","61916","1971999900","3399944650","1427944750"
"241590","화승엔터프라이즈","10914","93588","82674","178187500","1544222200","1366034700"
"259960","크래프톤","38101","42794","4693","10450624000","11752037500","1301413500"
"035250","강원랜드","129628","175822","46194","3408244500","4623340200","1215095700"
"248070","솔루엠","2644","55111","52467","60535950","1272861350","1212325400"
"018880","한온시스템","190403","291700","101297","2239051300","3447988850","1208937550"
"114090","GKL","39919","118015","78096","596053400","1770208350","1174154950"
"014680","한솔케미칼","8028","13328","5300","1709467500","2855772500","1146305000"
"036420","제이콘텐트리","18020","38001","19981","1014376500","2147713400","1133336900"
"084010","대한제강","70133","120125","49992","1553715100","2670712750","1116997650"
"069620","대웅제약","7126","13828","6702","1169332000","2279437000","1110105000"
"010060","OCI","70358","81561","11203","6794630400","7888741800","1094111400"
"008930","한미사이언스","20430","42148","21718","981597200","2034007900","1052410700"
"329180","현대중공업","41129","51136","10007","4170124700","5213744900","1043620200"
"008560","메리츠증권","962894","1119374","156480","6006198380","7001177340","994978960"
"019170","신풍제약","13891","55470","41579","324660350","1308797050","984136700"
"023530","롯데쇼핑","11984","22656","10672","1040467300","1969563800","929096500"
"097520","엠씨넥스","1525","21122","19597","67367500","941951750","874584250"
"180640","한진칼","23173","38353","15180","1265735400","2105667500","839932100"
"051600","한전KPS","45551","69452","23901","1589903000","2428403800","838500800"
"010780","아이에스동서","8752","24380","15628","464231200","1297182300","832951100"
"051900","LG생활건강","9183","9932","749","9255447000","10013499000","758052000"
"008040","사조동아원","19790","604940","585150","24297660","773917120","749619460"
"006800","미래에셋증권","362666","445800","83134","3204638950","3943610400","738971450"
"002380","KCC","8431","10589","2158","2666410000","3359035000","692625000"
"000120","CJ대한통운","7076","12134","5058","882810500","1519936500","637126000"
"035510","신세계 I&C","2662","6250","3588","439947500","1074278500","634331000"
"001680","대상","29827","57016","27189","692942650","1326967550","634024900"
"282330","BGF리테일","4038","7852","3814","660659500","1282635500","621976000"
"005390","신성통상","150","170463","170313","535915","607468875","606932960"
"033240","자화전자","14459","40086","25627","320244050","892761550","572517500"
"009160","SIMPAC","5684","87967","82283","39436340","609692150","570255810"
"007340","디티알오토모티브","1591","9591","8000","110891500","670349100","559457600"
"108670","LX하우시스","1144","11407","10263","59411400","593333100","533921700"
"112610","씨에스윈드","15440","25530","10090","785321200","1301803800","516482600"
"003030","세아제강지주","529","5452","4923","55776500","571370500","515594000"
"079160","CJ CGV","37587","57380","19793","967294050","1479372900","512078850"
"002790","아모레G","21646","31823","10177","1047094200","1538848600","491754400"
"012510","더존비즈온","993","10248","9255","50725600","522015100","471289500"
"003220","대원제약","23110","45550","22440","454657150","911488300","456831150"
"006650","대한유화","6094","8638","2544","1044228500","1480559000","436330500"
"330590","롯데리츠","39903","116567","76664","218902090","640081430","421179340"
"363280","티와이홀딩스","6369","22555","16186","163900850","581545250","417644400"
"336370","솔루스첨단소재","11027","17341","6314","681656900","1075443000","393786100"
"011790","SKC","25195","28017","2822","3331057500","3712957000","381899500"
"042700","한미반도체","3925","15133","11208","130980400","505640950","374660550"
"267260","현대일렉트릭","1826","18405","16579","35422950","359368000","323945050"
"365550","ESR켄달스퀘어리츠","12080","64030","51950","73362640","388655920","315293280"
"035150","백산","6658","35847","29189","68617200","372118000","303500800"
"175330","JB금융지주","24799","61402","36603","203858450","505326040","301467590"
"002030","아세아","180","2251","2071","24971500","323057000","298085500"
"000080","하이트진로","170827","178821","7994","6285274100","6580515950","295241850"
"003230","삼양식품","5831","9106","3275","517604400","811238800","293634400"
"006840","AK홀딩스","618","13620","13002","13488400","301033700","287545300"
"039490","키움증권","17414","20251","2837","1717879200","2003205700","285326500"
"044450","KSS해운","137","22607","22470","1666200","278083200","276417000"
"002710","TCC스틸","29","29169","29140","275640","276068670","275793030"
"090435","아모레퍼시픽우","0","3368","3368","0","261682500","261682500"
"298040","효성중공업","6200","10797","4597","334744900","591561500","256816600"
"194370","제이에스코퍼레이션","6355","16699","10344","148801650","390926100","242124450"
"001430","세아베스틸","2023","14809","12786","34461300","252278650","217817350"
"400760","NH올원리츠","20493","58502","38009","106538240","304389430","197851190"
"249420","일동제약","6643","11405","4762","291001800","481987250","190985450"
"008730","율촌화학","214","7825","7611","5340000","194485200","189145200"
"006060","화승인더","71","34814","34743","375120","185366730","184991610"
"181710","NHN","4180","9253","5073","144973650","322711900","177738250"
"029530","신도리코","1732","7244","5512","54774300","229991950","175217650"
"007980","태평양물산","61","75353","75292","139055","174591885","174452830"
"122900","아이마켓코리아","966","18209","17243","9641260","181476930","171835670"
"034310","NICE","1391","11517","10126","23300600","193809950","170509350"
"005880","대한해운","141550","204009","62459","382195360","552424345","170228985"
"138250","엔에스쇼핑","127","12323","12196","1723250","167886450","166163200"
"284740","쿠쿠홈시스","4437","8618","4181","168166900","327563250","159396350"
"377190","디앤디플랫폼리츠","4451","32585","28134","23920970","175153940","151232970"
"293940","신한알파리츠","246201","264448","18247","1977003960","2123303390","146299430"
"002990","금호건설","3043","17319","14276","30930050","176798800","145868750"
"357120","코람코에너지리츠","12378","34125","21747","80931710","223074200","142142490"
"047040","대우건설","112906","137447","24541","641788550","783356840","141568290"
"000490","대동","1010","13543","12533","11361300","152208400","140847100"
"001520","동양","1141","101843","100702","1582740","140941055","139358315"
"011760","현대코퍼레이션","17","8656","8639","265200","136794100","136528900"
"192650","드림텍","4464","17082","12618","47671600","183722700","136051100"
"00104K","CJ4우(전환)","132","1971","1839","9608800","144401500","134792700"
"001550","조비","7","6148","6141","146800","131223200","131076400"
"008260","NI스틸","48","28581","28533","218090","129660770","129442680"
"005070","코스모신소재","7941","11135","3194","301721700","423125700","121404000"
"210980","SK디앤디","842","5004","4162","24367250","145214250","120847000"
"004250","NPC","16262","30099","13837","144333880","264310020","119976140"
"000640","동아쏘시오홀딩스","939","2057","1118","94698000","208308600","113610600"
"396690","미래에셋글로벌리츠","5620","25521","19901","31873180","145103530","113230350"
"070960","용평리조트","61","21937","21876","309540","111873610","111564070"
"170900","동아에스티","446","2049","1603","29933900","137784500","107850600"
"298020","효성티앤씨","4425","4635","210","2047849500","2153855000","106005500"
"089590","제주항공","31970","36422","4452","677123650","779581500","102457850"
"002460","화성산업","67","4823","4756","1383950","101413950","100030000"
"036530","SNT홀딩스","53","5720","5667","842300","90511950","89669650"
"031440","신세계푸드","517","1579","1062","41978600","129126600","87148000"
"017960","한국카본","28284","36355","8071","290371250","375714700","85343450"
"071055","한국금융지주우","0","1111","1111","0","71799500","71799500"
"000210","DL","11871","13020","1149","715061000","786860000","71799000"
"003720","삼영화학","53","20685","20632","182615","71280680","71098065"
"005810","풍산홀딩스","331","2754","2423","9336150","77525850","68189700"
"003480","한진중공업홀딩스","224","16499","16275","896610","66615220","65718610"
"016800","퍼시스","16","1830","1814","576300","65880000","65303700"
"082740","HSD엔진","18607","26100","7493","156790310","221199750","64409440"
"003610","방림","437","20386","19949","1316675","62082150","60765475"
"005420","코스모화학","6067","10651","4584","77832150","137229900","59397750"
"005610","SPC삼립","1556","2275","719","127558200","186928200","59370000"
"210540","디와이파워","14","4186","4172","194100","58009500","57815400"
"357250","미래에셋맵스리츠","6551","18096","11545","32033380","88389765","56356385"
"014530","극동유화","2965","17002","14037","11538075","67796245","56258170"
"002140","고려산업","1306","17696","16390","4371850","60358905","55987055"
"008350","남선알미늄","5449","28798","23349","12876915","68495810","55618895"
"034020","두산중공업","499262","504598","5336","9296237700","9349308300","53070600"
"306200","세아제강","172","706","534","16029100","65827100","49798000"
"009140","경인전자","0","1700","1700","0","49164300","49164300"
"012030","DB","542","54132","53590","467878","46832810","46364932"
"267270","현대건설기계","101","1427","1326","3375650","47711600","44335950"
"067830","세이브존I&C","67","13967","13900","203345","42324785","42121440"
"094800","맵스리얼티1","9865","18879","9014","45629465","87211475","41582010"
"091810","티웨이항공","164","11446","11282","570200","39748955","39178755"
"068400","SK렌터카","104","3699","3595","1075050","38170500","37095450"
"002360","SH에너지화학","52","28529","28477","65730","35095060","35029330"
"119650","KC코트렐","23","6573","6550","123350","35128340","35004990"
"001060","JW중외제약","1915","3408","1493","43519400","77369400","33850000"
"003920","남양유업","2","87","85","790500","34530000","33739500"
"017370","우신시스템","1","10006","10005","3300","33439815","33436515"
"071840","롯데하이마트","94","1557","1463","2134200","35387200","33253000"
"035000","지투알","11","5184","5173","69520","32968560","32899040"
"083420","그린케미칼","0","3439","3439","0","32698670","32698670"
"002210","동성제약","71","4236","4165","556440","33204940","32648500"
"032560","황금에스티","17","3620","3603","153460","32777490","32624030"
"014790","한라","21","6161","6140","110520","32472900","32362380"
"000890","보해양조","9","35102","35093","8217","32352846","32344629"
"025620","제이준코스메틱","5","32449","32444","4900","32041282","32036382"
"011280","태림포장","0","7848","7848","0","31962170","31962170"
"002150","도화엔지니어링","688","5018","4330","5041470","36826550","31785080"
"002220","한일철강","36","9026","8990","120475","30166015","30045540"
"404990","신한서부티엔디리츠","68","6086","6018","335370","30054280","29718910"
"034300","신세계건설","11","956","945","345650","29984200","29638550"
"350520","이지스레지던스리츠","7012","12094","5082","37654930","64937410","27282480"
"000670","영풍","348","388","40","224137000","251082000","26945000"
"002310","아세아제지","2644","3189","545","120501700","146789650","26287950"
"001630","종근당홀딩스","132","501","369","9104900","34583500","25478600"
"016740","두올","78","6865","6787","279595","24552395","24272800"
"053690","한미글로벌","27","2006","1979","329600","24423800","24094200"
"134790","시디즈","3","415","412","174500","24070400","23895900"
"044820","코스맥스비티아이","1091","2820","1729","14581250","38152500","23571250"
"082640","동양생명","753","4377","3624","4604770","26741590","22136820"
"014280","금강공업","6068","8729","2661","49206290","70871470","21665180"
"334890","이지스밸류리츠","19195","22893","3698","112859610","134521950","21662340"
"018470","조일알미늄","0","9670","9670","0","21554200","21554200"
"015890","태경산업","40","3324","3284","262000","21731990","21469990"
"002100","경농","122","1774","1652","1514400","22391200","20876800"
"013580","계룡건설","22","615","593","771850","21545750","20773900"
"145990","삼양사","9","408","399","458000","20931800","20473800"
"010100","한국프랜지","39","7869","7830","101980","20440135","20338155"
"006110","삼아알미늄","753","1451","698","21143700","41326500","20182800"
"000590","CS홀딩스","0","300","300","0","20102100","20102100"
"006220","제주은행","40","3290","3250","249350","20172010","19922660"
"008870","금비","0","313","313","0","19906500","19906500"
"155660","DSR","22","3764","3742","117500","20023520","19906020"
"018500","동원금속","452","23210","22758","399116","20301912","19902796"
"011810","STX","37","5211","5174","143705","20009620","19865915"
"014580","태경비케이","67","4611","4544","293480","20114745","19821265"
"129260","인터지스","38","6212","6174","123850","19941295","19817445"
"200880","서연이화","63","2794","2731","450080","20032200","19582120"
"036580","팜스코","88","3225","3137","550090","20115770","19565680"
"024720","한국콜마홀딩스","2379","3226","847","50867350","69504050","18636700"
"009420","한올바이오파마","41333","42209","876","756278400","774574050","18295650"
"002450","삼익악기","219","10554","10335","386195","18597630","18211435"
"267290","경동도시가스","1161","1989","828","28060150","46093150","18033000"
"338100","NH프라임리츠","70","3598","3528","337050","17302475","16965425"
"006200","한국전자홀딩스","66","8355","8289","121770","16990425","16868655"
"008700","아남전자","97","6257","6160","207845","13339140","13131295"
"085620","미래에셋생명","26354","29203","2849","105246755","117498645","12251890"
"003570","SNT중공업","113","1532","1419","936390","12660830","11724440"
"123700","SJM","1","2582","2581","4215","10988750","10984535"
"229640","LS전선아시아","107","1565","1458","805690","11719090","10913400"
"028100","동아지질","0","632","632","0","10700400","10700400"
"007590","동방아그로","4","1544","1540","27640","10607440","10579800"
"163560","동일고무벨트","18","1476","1458","123100","10051400","9928300"
"010040","한국내화","52","3039","2987","172475","10059455","9886980"
"000180","성창기업지주","94","4479","4385","211510","10055235","9843725"
"019490","하이트론","1086","4412","3326","3474540","13267240","9792700"
"000400","롯데손해보험","378","6037","5659","653760","10429910","9776150"
"001570","금양","60","2251","2191","262900","9915715","9652815"
"015020","이스타코","104","5000","4896","199525","9610380","9410855"
"000860","강남제비스코","62","418","356","1490050","10031600","8541550"
"009680","모토닉","41","1013","972","365000","8874400","8509400"
"075580","세진중공업","70","1323","1253","452480","8565600","8113120"
"003470","유안타증권","618","2899","2281","2194655","10276830","8082175"
"011390","부산산업","35","119","84","3124900","10782700","7657800"
"007460","에이프로젠 MED","244","5177","4933","354155","7460805","7106650"
"226320","잇츠한불","755","1047","292","15715100","21950450","6235350"
"003560","IHQ","182","4733","4551","215145","5557605","5342460"
"069460","대호에이엘","0","1532","1532","0","5246805","5246805"
"248170","샘표식품","1","118","117","43950","5222900","5178950"
"006740","영풍제지","35","562","527","343430","5467170","5123740"
"011500","한농화성","39","397","358","544900","5522800","4977900"
"058650","세아홀딩스","26","74","48","2610300","7391400","4781100"
"020120","키다리스튜디오","572","866","294","8991900","13629500","4637600"
"000520","삼일제약","1819","2306","487","15767370","20033460","4266090"
"272550","삼양패키징","1642","1825","183","37285400","41430250","4144850"
"092220","KEC","174","1549","1375","531735","4641580","4109845"
"103590","일진전기","46","948","902","210485","4298555","4088070"
"019180","티에이치엔","23","1001","978","94070","4154090","4060020"
"025820","이구산업","34853","34782","-71","152365690","156418740","4053050"
"003580","넥스트사이언스","316","571","255","4807150","8842700","4035550"
"004140","동방","58","1219","1161","201630","4176485","3974855"
"093230","이아이디","1132","15939","14807","294552","4141645","3847093"
"140910","에이리츠","0","514","514","0","3745400","3745400"
"016710","대성홀딩스","29","102","73","1439300","5068150","3628850"
"380440","엔에이치스팩19호","0","1655","1655","0","3442400","3442400"
"001780","알루코","1543","2314","771","6163640","9326295","3162655"
"023350","한국종합기술","12","484","472","78320","3155680","3077360"
"025860","남해화학","1087","1331","244","10226510","12824040","2597530"
"010050","우리종금","1266","4242","2976","1104929","3655739","2550810"
"002840","미원상사","8","19","11","1548000","3697000","2149000"
"133820","화인베스틸","0","584","584","0","1983120","1983120"
"033270","유나이티드제약","85","124","39","3869950","5636050","1766100"
"001510","SK증권","2031","4005","1974","1745149","3445418","1700269"
"007570","일양약품","117","183","66","2947400","4628750","1681350"
"100840","SNT에너지","243","328","85","4502850","6128800","1625950"
"002240","고려제강","288","360","72","5957700","7402100","1444400"
"001360","삼성제약","471","787","316","1961010","3301220","1340210"
"051905","LG생활건강우","0","2","2","0","1156000","1156000"
"001720","신영증권","45","63","18","2826200","3956400","1130200"
"271980","제일약품","59","94","35","1586450","2541750","955300"
"003540","대신증권","194","252","58","3179000","4132100","953100"
"000970","한국주철관","40","143","103","367330","1315900","948570"
"006880","신송홀딩스","1","184","183","5010","926820","921810"
"023800","인지컨트롤스","19","87","68","254950","1165200","910250"
"003060","에이프로젠제약","1963","3153","1190","1473414","2382415","909001"
"204210","모두투어리츠","12","184","172","57720","881445","823725"
"092780","동양피스톤","20","154","134","118470","931020","812550"
"009470","삼화전기","29","57","28","782250","1528650","746400"
"001880","DL건설","126","153","27","3335050","4061300","726250"
"005945","NH투자증권우","29","94","65","311750","1014600","702850"
"033530","세종공업","49","141","92","350880","1005390","654510"
"008250","이건산업","190","251","61","1967200","2610050","642850"
"003545","대신증권우","0","38","38","0","563700","563700"
"003680","한성기업","68","132","64","409680","795960","386280"
"002920","유성기업","14","148","134","39970","421840","381870"
"016090","대현","11615","11527","-88","29696365","30051215","354850"
"005960","동부건설","68","89","21","905800","1188050","282250"
"28513K","SK케미칼우","0","4","4","0","273700","273700"
"003780","진양산업","3","18","15","25140","150840","125700"
"00680K","미래에셋증권2우B","605","629","24","2709315","2824185","114870"
"005360","모나미","0","22","22","0","90870","90870"
"000650","천일고속","0","1","1","0","62000","62000"
"092230","KPX홀딩스","7","8","1","418700","478300","59600"
"084670","동양고속","0","3","3","0","58000","58000"
"003010","혜인","13","20","7","74880","115200","40320"
"008420","문배철강","8","17","9","34240","72245","38005"
"001560","제일연마","0","4","4","0","34870","34870"
"006090","사조오양","1","4","3","10000","40000","30000"
"009770","삼정펄프","0","1","1","0","27400","27400"
"058730","다스코","1","6","5","4735","28430","23695"
"005110","한창","0","29","29","0","23113","23113"
"014130","한익스프레스","1","5","4","5650","28250","22600"
"001080","만호제강","0","1","1","0","21900","21900"
"007610","선도전기","1","7","6","2765","19355","16590"
"069640","한세엠케이","1","5","4","3960","19800","15840"
"010400","우진아이엔에스","0","2","2","0","13460","13460"
"025560","미래산업","0","1","1","0","12800","12800"
"010770","평화홀딩스","0","3","3","0","11130","11130"
"002720","국제약품","25","27","2","128840","139050","10210"
"000040","KR모터스","0","11","11","0","8547","8547"
"001020","페이퍼코리아","0","4","4","0","7920","7920"
"145210","다이나믹디자인","0","16","16","0","5648","5648"
"014710","사조씨푸드","5","6","1","26800","32160","5360"
"010660","화천기계","1","3","2","2395","7240","4845"
"011230","삼화전자","0","1","1","0","4200","4200"
"030790","비케이탑스","0","2","2","0","4160","4160"
"085310","엔케이","5","8","3","4600","7372","2772"
"000547","흥국화재2우B","20","20","0","574000","576300","2300"
"044380","주연테크","5","7","2","5375","7525","2150"
"007120","미래아이앤지","10","15","5","3930","5859","1929"
"090370","메타랩스","6","8","2","5700","7552","1852"
"013000","세우글로벌","2","3","1","2920","4345","1425"
"004100","태양금속","3","4","1","4170","5560","1390"
"033250","체시스","3","4","1","3150","4200","1050"
"001795","대한제당우","10","10","0","28950","29150","200"
"051630","진양화학","1","1","0","5730","5760","30"
"002870","신풍제지","3","3","0","5895","5910","15"
"37550K","DL이앤씨우","0","0","0","0","0","0"
"078935","GS우","0","0","0","0","0","0"
"002820","SUN&L","1","1","0","4900","4900","0"
"019685","대교우B","0","0","0","0","0","0"
"006570","대림통상","1","1","0","3695","3695","0"
"155900","바다로19호","0","0","0","0","0","0"
"000227","유유제약2우B","0","0","0","0","0","0"
"000105","유한양행우","0","0","0","0","0","0"
"153360","하이골드3호","0","0","0","0","0","0"
"168490","한국패러랠","0","0","0","0","0","0"
"000850","화천기공","1","1","0","32200","32200","0"
"084870","TBH글로벌","2","2","0","3590","3580","-10"
"000950","전방","10","10","0","397000","396000","-1000"
"004920","씨아이테크","4","3","-1","4050","3030","-1020"
"013700","까뮤이앤씨","58","58","0","130355","129010","-1345"
"071950","코아스","2","0","-2","2100","0","-2100"
"001210","금호전기","1","0","-1","2140","0","-2140"
"015260","에이엔피","4","2","-2","7840","3920","-3920"
"003080","성보화학","8","6","-2","30190","22650","-7540"
"011150","CJ씨푸드","46","44","-2","169965","162280","-7685"
"047400","유니온머티리얼","54","51","-3","156350","148405","-7945"
"010640","진양폴리","1","0","-1","8280","0","-8280"
"009410","태영건설","304","303","-1","2963700","2954990","-8710"
"077970","STX엔진","29","28","-1","275790","264160","-11630"
"009310","참엔지니어링","15","5","-10","18675","6305","-12370"
"012610","경인양행","51","48","-3","320170","300380","-19790"
"002070","비비안","9","0","-9","23310","0","-23310"
"001770","SHD","1","0","-1","29000","0","-29000"
"008110","대동전자","13","10","-3","145100","111000","-34100"
"025530","SJM홀딩스","10","0","-10","34200","0","-34200"
"058860","KTis","27","11","-16","60210","24535","-35675"
"088790","진도","14","0","-14","40245","0","-40245"
"001340","백광산업","56","47","-9","246320","205420","-40900"
"024070","WISCOM","14","0","-14","41355","0","-41355"
"010420","한솔PNS","24","0","-24","46300","0","-46300"
"041650","상신브레이크","25","10","-15","85125","34050","-51075"
"071090","하이스틸","27","8","-19","77650","22960","-54690"
"014440","영보화학","23","9","-14","92080","36180","-55900"
"013870","지엠비코리아","24","12","-12","127290","63360","-63930"
"002690","동일제강","23","0","-23","65395","0","-65395"
"069730","DSR제강","20","5","-15","89700","22100","-67600"
"017040","광명전기","55","26","-29","127515","59785","-67730"
"012160","영흥","130","54","-76","118771","49146","-69625"
"012280","영화금속","71","20","-51","97210","26700","-70510"
"004770","써니전자","45","22","-23","136990","66340","-70650"
"001380","SG글로벌","61","19","-42","110550","34015","-76535"
"001620","케이비아이동국실업","103","0","-103","76941","0","-76941"
"021050","서원","2026","1967","-59","4007650","3930495","-77155"
"002760","보락","76","34","-42","142685","63610","-79075"
"001260","남광토건","13","6","-7","147400","67800","-79600"
"011090","에넥스","76","31","-45","133900","53195","-80705"
"003650","미창석유","2","1","-1","162300","81500","-80800"
"006980","우성","4","1","-3","108500","27200","-81300"
"026940","부국철강","27","6","-21","108985","24060","-84925"
"009460","한창제지","76","34","-42","153145","67670","-85475"
"010960","삼호개발","32","13","-19","143930","58045","-85885"
"012690","모나리자","46","21","-25","161250","72730","-88520"
"025750","한솔홈데코","102","46","-56","160105","71340","-88765"
"020760","일진디스플","65","19","-46","125780","36395","-89385"
"009440","KC그린홀딩스","31","9","-22","125745","36230","-89515"
"010600","웰바이오텍","75","18","-57","120035","29070","-90965"
"017550","수산중공업","68","31","-37","167630","75380","-92250"
"004840","DRB동일","26","8","-18","135020","41760","-93260"
"008970","동양철관","149","66","-83","168245","73620","-94625"
"015590","큐로","295","61","-234","120715","25177","-95538"
"075180","새론오토모티브","26","9","-17","147920","51290","-96630"
"092440","기신정기","45","24","-21","210235","112940","-97295"
"027740","마니커","82","6","-76","105220","7650","-97570"
"004270","남성","46","13","-33","138830","38610","-100220"
"378850","화승알앤에이","25","2","-23","112010","8990","-103020"
"058850","KTcs","65","18","-47","143375","39290","-104085"
"120030","조선선재","2","1","-1","209500","104500","-105000"
"002410","범양건영","31","5","-26","126795","20035","-106760"
"005740","크라운해태홀딩스","19","7","-12","168970","61810","-107160"
"011330","유니켐","111","26","-85","140920","33410","-107510"
"001140","국보","80","6","-74","121655","8990","-112665"
"023000","삼원강재","54","16","-38","161285","47260","-114025"
"023960","에쓰씨엔지니어링","44","0","-44","114630","0","-114630"
"227840","현대코퍼레이션홀딩스","15","4","-11","156900","42000","-114900"
"024900","덕양산업","42","9","-33","147135","31390","-115745"
"005800","신영와코루","1","0","-1","116000","0","-116000"
"143210","핸즈코퍼레이션","31","7","-24","150785","34125","-116660"
"000500","가온전선","7","2","-5","164500","46500","-118000"
"009070","KCTC","38","17","-21","211540","92870","-118670"
"009200","무림페이퍼","63","17","-46","168995","45775","-123220"
"007540","샘표","4","1","-3","166150","41450","-124700"
"001725","신영증권우","6","4","-2","377900","252000","-125900"
"118000","우리들휴브레인","102","9","-93","137915","12015","-125900"
"017180","명문제약","45","12","-33","175635","46435","-129200"
"308170","센트랄모텍","11","4","-7","202000","72800","-129200"
"027970","세하","92","7","-85","139875","10520","-129355"
"123690","한국화장품","21","6","-15","182240","52160","-130080"
"004310","현대약품","40","14","-26","198950","68835","-130115"
"001290","상상인증권","124","12","-112","144050","13860","-130190"
"049800","우진플라임","29","0","-29","131065","0","-131065"
"071970","STX중공업","38","7","-31","160480","29360","-131120"
"009190","대양금속","39","8","-31","166205","33490","-132715"
"063160","종근당바이오","7","3","-4","233500","100200","-133300"
"004410","서울식품","495","27","-468","144056","7820","-136236"
"031820","콤텍시스템","165","13","-152","148431","11628","-136803"
"000700","유수홀딩스","35","10","-25","190850","54000","-136850"
"007280","한국특강","67","20","-47","201210","59975","-141235"
"002630","오리엔트바이오","150","13","-137","159140","13650","-145490"
"013360","일성건설","67","25","-42","233065","85080","-147985"
"005320","국동","72","6","-66","164115","13650","-150465"
"095570","AJ네트웍스","58","30","-28","316190","162390","-153800"
"372910","한컴라이프케어","35","12","-23","234040","80010","-154030"
"214390","경보제약","30","13","-17","270850","116100","-154750"
"101140","인바이오젠","64","5","-59","169090","13015","-156075"
"004960","한신공영","15","5","-10","240900","80250","-160650"
"078000","텔코웨어","21","5","-16","210530","49800","-160730"
"004540","깨끗한나라","49","11","-38","207860","46355","-161505"
"004080","신흥","13","3","-10","213000","49500","-163500"
"001250","GS글로벌","122","47","-75","267355","103260","-164095"
"102280","쌍방울","367","85","-282","241365","55256","-186109"
"100250","진양홀딩스","150","100","-50","564390","375590","-188800"
"000430","대원강업","90","28","-62","279750","86940","-192810"
"092200","디아이씨","50","11","-39","248810","54305","-194505"
"101530","해태제과식품","38","13","-25","296300","101630","-194670"
"100220","비상교육","34","7","-27","247300","50610","-196690"
"010820","퍼스텍","65","20","-45","282755","85455","-197300"
"002780","진흥기업","179","84","-95","374835","175975","-198860"
"002620","제일파마홀딩스","21","6","-15","279400","80100","-199300"
"005750","대림B&Co","39","10","-29","268220","68800","-199420"
"014160","대영포장","134","48","-86","312720","111165","-201555"
"017900","광전자","129","56","-73","365320","158200","-207120"
"023810","인팩","25","5","-20","263050","52250","-210800"
"011700","한신기계","73","16","-57","269590","58560","-211030"
"000540","흥국화재","84","26","-58","309535","95450","-214085"
"002810","삼영무역","24","8","-16","326000","109200","-216800"
"000390","삼화페인트","36","11","-25","310790","93540","-217250"
"134380","미원화학","3","0","-3","217400","0","-217400"
"009580","무림P&P","81","25","-56","322280","99820","-222460"
"293480","하나제약","22","10","-12","409450","185900","-223550"
"000680","LS네트웍스","97","38","-59","362280","138140","-224140"
"006660","삼성공조","19","4","-15","284150","59600","-224550"
"016450","한세예스24홀딩스","53","17","-36","330520","105790","-224730"
"014910","성문전자","97","0","-97","226560","0","-226560"
"009180","한솔로지스틱스","67","0","-67","232945","0","-232945"
"009810","플레이그램","116","8","-108","253895","17540","-236355"
"033180","KH 필룩스","167","55","-112","354260","116025","-238235"
"004060","SG세계물산","469","113","-356","314927","75258","-239669"
"007160","사조산업","8","3","-5","385850","143100","-242750"
"004150","한솔홀딩스","75","0","-75","243545","0","-243545"
"072130","유엔젤","55","0","-55","244940","0","-244940"
"264900","크라운제과","31","4","-27","281190","36120","-245070"
"015360","예스코홀딩스","8","1","-7","281150","35400","-245750"
"003830","대한화섬","2","0","-2","249000","0","-249000"
"136490","선진","54","30","-24","558400","309000","-249400"
"005720","넥센","82","21","-61","340350","86760","-253590"
"095720","웅진씽크빅","142","54","-88","412295","154585","-257710"
"002700","신일전자","166","37","-129","348125","77330","-270795"
"000220","유유제약","41","7","-34","332740","56070","-276670"
"089470","HDC현대EP","71","10","-61","331865","46650","-285215"
"234080","JW생명과학","21","1","-20","303400","14500","-288900"
"002200","한국수출포장","14","1","-13","318200","22750","-295450"
"004440","삼일씨엔에스","37","7","-30","364320","68740","-295580"
"004700","조광피혁","8","2","-6","397950","100600","-297350"
"001070","대한방직","7","1","-6","347100","49100","-298000"
"023450","동남합성","6","1","-5","365900","61200","-304700"
"096760","JW홀딩스","91","7","-84","333135","25625","-307510"
"317400","자이에스앤디","48","14","-34","435950","127770","-308180"
"037560","LG헬로비전","95","35","-60","486510","176800","-309710"
"002320","한진","19","8","-11","547200","230000","-317200"
"002880","대유에이텍","332","50","-282","380075","57000","-323075"
"012320","경동인베스트","12","2","-10","401400","66700","-334700"
"000300","대유플러스","270","11","-259","356270","14575","-341695"
"005010","휴스틸","24","2","-22","383100","31800","-351300"
"072710","농심홀딩스","6","1","-5","442300","74000","-368300"
"282690","동아타이어","39","4","-35","421850","43400","-378450"
"006490","인스코비","182","34","-148","472175","88065","-384110"
"000050","경방","38","10","-28","551750","145000","-406750"
"298690","에어부산","236","58","-178","556125","134655","-421470"
"107590","미원홀딩스","5","2","-3","701500","280000","-421500"
"126560","현대퓨처넷","234","101","-133","819260","353500","-465760"
"000320","노루홀딩스","52","7","-45","592600","80150","-512450"
"013570","디와이","69","8","-61","582060","66640","-515420"
"003350","한국화장품제조","22","3","-19","629800","84900","-544900"
"079980","휴비스","100","20","-80","692680","138120","-554560"
"001685","대상우","34","0","-34","574600","0","-574600"
"003120","일성신약","8","1","-7","661800","82800","-579000"
"001270","부국증권","29","4","-25","683400","93400","-590000"
"097230","HJ중공업","116","33","-83","832720","236760","-595960"
"003960","사조대림","25","3","-22","678050","80250","-597800"
"019680","대교","196","24","-172","703040","86160","-616880"
"001470","삼부토건","372","61","-311","771670","126540","-645130"
"000215","DL우","18","0","-18","668150","0","-668150"
"383800","LX홀딩스","96","26","-70","952870","258600","-694270"
"001790","대한제당","292","39","-253","815240","108250","-706990"
"002900","TYM","549","69","-480","836990","105570","-731420"
"000910","유니온","108","0","-108","742770","0","-742770"
"015860","일진홀딩스","176","11","-165","794845","49555","-745290"
"268280","미원에스씨","7","3","-4","1381000","591000","-790000"
"000760","이화산업","50","0","-50","802700","0","-802700"
"004560","현대비앤지스틸","60","4","-56","922750","61200","-861550"
"005430","한국공항","21","2","-19","971100","93000","-878100"
"004890","동일산업","7","2","-5","1248000","358000","-890000"
"026890","스틱인베스트먼트","114","25","-89","1154480","249250","-905230"
"017940","E1","22","2","-20","1011700","92000","-919700"
"001200","유진투자증권","361","63","-298","1117910","194985","-922925"
"102460","이연제약","272","237","-35","7535450","6592700","-942750"
"128820","대성산업","3030","2678","-352","13630750","12324655","-1306095"
"033920","무학","138","13","-125","1529400","144300","-1385100"
"003200","일신방직","18","5","-13","2141500","596000","-1545500"
"002350","넥센타이어","37951","37565","-386","241702390","240043240","-1659150"
"004360","세방","160","11","-149","1788050","122850","-1665200"
"024890","대원화성","510","18","-492","1749450","59840","-1689610"
"001045","CJ우","35","0","-35","1702250","0","-1702250"
"002960","한국쉘석유","18","11","-7","4511500","2765000","-1746500"
"007700","F&F홀딩스","88","14","-74","2313350","364000","-1949350"
"001130","대한제분","14","1","-13","2308500","164000","-2144500"
"117580","대성에너지","5366","5026","-340","64202850","61995450","-2207400"
"003555","LG우","42","6","-36","2574600","367000","-2207600"
"00279K","아모레G3우(전환)","106","38","-68","3860300","1383200","-2477100"
"003547","대신증권2우B","187","1","-186","2692800","14450","-2678350"
"001390","KG케미칼","316","211","-105","8498400","5652500","-2845900"
"012630","HDC","703","298","-405","5272280","2236940","-3035340"
"071320","지역난방공사","95","7","-88","3283700","242450","-3041250"
"244920","에이플러스에셋","468","32","-436","3357030","227720","-3129310"
"322000","현대에너지솔루션","153","4","-149","3254200","85200","-3169000"
"000480","조선내화","42","1","-41","3268600","78100","-3190500"
"002795","아모레G우","200","0","-200","3479750","0","-3479750"
"015230","대창단조","859","23","-836","3662280","96370","-3565910"
"005389","현대차3우B","44","3","-41","3851000","261000","-3590000"
"007860","서연","359","31","-328","4288950","366500","-3922450"
"053210","스카이라이프","671","189","-482","5668460","1599400","-4069060"
"339770","교촌에프앤비","297","9","-288","4489600","135600","-4354000"
"014990","인디에프","4307","22","-4285","4464930","22660","-4442270"
"003300","한일홀딩스","382","13","-369","4638150","157300","-4480850"
"009155","삼성전기우","55","5","-50","4999000","455500","-4543500"
"011930","신성이엔지","6623","3986","-2637","11470115","6855920","-4614195"
"084690","대상홀딩스","558","27","-531","4931140","239220","-4691920"
"078520","에이블씨엔씨","1826","1092","-734","12281350","7457400","-4823950"
"016880","웅진","2664","0","-2664","5240535","0","-5240535"
"009900","명신산업","20383","20093","-290","477111100","471690750","-5420350"
"039570","HDC랩스","538","7","-531","5514950","71750","-5443200"
"005870","휴니드","8588","7734","-854","70083540","64506570","-5576970"
"004870","티웨이홀딩스","38000","29435","-8565","28075827","21783384","-6292443"
"030610","교보증권","1483","470","-1013","11240300","3570970","-7669330"
"005950","이수화학","879","266","-613","11083500","3330200","-7753300"
"084680","이월드","5174","1743","-3431","11868825","4010855","-7857970"
"000230","일동홀딩스","1344","814","-530","18219050","10282400","-7936650"
"093240","형지엘리트","3484","4","-3480","8229270","9260","-8220010"
"192820","코스맥스","20963","20855","-108","1884835900","1876029300","-8806600"
"123890","한국자산신탁","3598","1160","-2438","13146920","4254645","-8892275"
"081000","일진다이아","374","5","-369","9382900","125300","-9257600"
"016590","신대양제지","131","29","-102","11886400","2623100","-9263300"
"025890","한국주강","1997","1","-1996","9537695","4630","-9533065"
"300720","한일시멘트","775","211","-564","14115100","3827100","-10288000"
"004970","신라교역","913","54","-859","11256400","666850","-10589550"
"023150","MH에탄올","1126","0","-1126","10727770","0","-10727770"
"003460","유화증권","4346","26","-4320","10902040","65630","-10836410"
"002600","조흥","59","0","-59","10967000","0","-10967000"
"013520","화승코퍼레이션","5733","2","-5731","10983750","3780","-10979970"
"001820","삼화콘덴서","268","71","-197","14937900","3957400","-10980500"
"019440","세아특수강","745","4","-741","11101700","60000","-11041700"
"034590","인천도시가스","416","2","-414","11130400","53200","-11077200"
"016610","DB금융투자","1836","13","-1823","11402690","80340","-11322350"
"004720","팜젠사이언스","1223","5","-1218","11544780","46350","-11498430"
"108675","LX하우시스우","489","0","-489","12612550","0","-12612550"
"030210","KTB투자증권","2579","39","-2540","12988020","195390","-12792630"
"029460","케이씨","715","6","-709","13521050","114000","-13407050"
"093050","LF","1034","227","-807","17611800","3887850","-13723950"
"267850","아시아나IDT","788","6","-782","15123200","115750","-15007450"
"003070","코오롱글로벌","857","84","-773","16978700","1690750","-15287950"
"064960","SNT모티브","12330","11931","-399","525403650","509560800","-15842850"
"139990","아주스틸","1036","11","-1025","16155000","169900","-15985100"
"009290","광동제약","2407","36","-2371","16725720","253200","-16472520"
"012800","대창","8719","55","-8664","16684755","105355","-16579400"
"025000","KPX케미칼","329","4","-325","17009500","208300","-16801200"
"006890","태경케미컬","2053","692","-1361","26185900","8989350","-17196550"
"005690","파미셀","2482","779","-1703","27303000","8625550","-18677450"
"102260","동성케미컬","4218","81","-4137","19163100","368280","-18794820"
"006390","한일현대시멘트","716","58","-658","20609850","1672450","-18937400"
"009320","대우부품","10059","330","-9729","21441955","696250","-20745705"
"004710","한솔테크닉스","3336","13","-3323","20933720","81800","-20851920"
"006370","대구백화점","2161","4","-2157","21263540","39920","-21223620"
"008600","윌비스","15833","28","-15805","21329295","36960","-21292335"
"007110","일신석재","11690","41","-11649","21411880","74620","-21337260"
"090080","평화산업","13416","0","-13416","21357525","0","-21357525"
"115390","락앤락","3451","1312","-2139","34551090","13185550","-21365540"
"006380","카프로","5692","16","-5676","21570250","60470","-21509780"
"011785","금호석유우","271","9","-262","22537200","751400","-21785800"
"009270","신원","10694","44","-10650","21999690","89980","-21909710"
"068290","삼성출판사","788","9","-779","22186550","251550","-21935000"
"091090","세원이앤씨","26291","4805","-21486","28449790","5172635","-23277155"
"003690","코리안리","11857","9375","-2482","116532730","92312500","-24220230"
"006405","삼성SDI우","86","2","-84","25005500","581000","-24424500"
"104700","한국철강","3618","518","-3100","29251810","4179690","-25072120"
"037710","광주신세계","192","45","-147","33071000","7698500","-25372500"
"000020","동화약품","2153","27","-2126","27476650","344550","-27132100"
"004380","삼익THK","2422","56","-2366","29147150","675150","-28472000"
"005385","현대차우","447","116","-331","41007700","10595600","-30412100"
"090350","노루페인트","2992","8","-2984","32252800","84800","-32168000"
"03473K","SK우","164","0","-164","32252000","0","-32252000"
"004980","성신양회","2660","19","-2641","32555450","231800","-32323650"
"138490","코오롱플라스틱","3196","14","-3182","32509650","140000","-32369650"
"024090","디씨엠","1490","4","-1486","32797900","87200","-32710700"
"094280","효성ITX","1998","5","-1993","33100850","82750","-33018100"
"281820","케이씨텍","2112","464","-1648","43518000","9579450","-33938550"
"214330","금호에이치티","23981","3667","-20314","41422300","6250750","-35171550"
"097955","CJ제일제당 우","417","195","-222","67804500","31571000","-36233500"
"004090","한국석유","6101","4006","-2095","113371400","74709200","-38662200"
"000140","하이트진로홀딩스","3035","209","-2826","41590800","2873300","-38717500"
"302440","SK바이오사이언스","17807","17547","-260","2612288000","2572119000","-40169000"
"039130","하나투어","5136","4563","-573","396886400","353943500","-42942900"
"001460","BYC","96","0","-96","43591000","0","-43591000"
"002170","삼양통상","780","1","-779","44001200","56500","-43944700"
"001500","현대차증권","4325","246","-4079","47270200","2687050","-44583150"
"000155","두산우","653","0","-653","45506800","0","-45506800"
"001530","DI동일","224","21","-203","50391000","4726000","-45665000"
"011420","갤럭시아에스엠","20334","0","-20334","51207445","0","-51207445"
"027410","BGF","15028","4723","-10305","76283200","24056490","-52226710"
"010955","S-Oil우","1101","14","-1087","54859650","699400","-54160250"
"145270","케이탑리츠","41613","6117","-35496","64211405","9500470","-54710935"
"130660","한전산업","5058","258","-4800","58531550","2976350","-55555200"
"005680","삼영전자","5620","13","-5607","56939000","132250","-56806750"
"395400","SK리츠","47036","37620","-9416","290857840","232900950","-57956890"
"074610","이엔플러스","24772","9363","-15409","99659715","40749780","-58909935"
"016380","KG동부제철","13706","7723","-5983","137286570","77337920","-59948650"
"02826K","삼성물산우B","603","3","-600","60308000","299800","-60008200"
"145720","덴티움","1332","245","-1087","74754700","13777900","-60976800"
"004990","롯데지주","14087","11815","-2272","404237400","340511100","-63726300"
"002020","코오롱","2282","3","-2279","64931950","85500","-64846450"
"000070","삼양홀딩스","1669","887","-782","138717100","73546700","-65170400"
"003160","디아이","8709","13","-8696","67394620","100620","-67294000"
"042660","대우조선해양","56359","52746","-3613","1243359350","1170123500","-73235850"
"058430","포스코강판","1796","125","-1671","79143750","5598650","-73545100"
"001750","한양증권","5039","4","-5035","73772050","58400","-73713650"
"001440","대한전선","455488","404418","-51070","652816050","578806355","-74009695"
"003850","보령제약","15268","9252","-6016","190554350","115797400","-74756950"
"000370","한화손해보험","35311","15197","-20114","131962475","56821665","-75140810"
"002270","롯데푸드","249","11","-238","78718000","3474500","-75243500"
"001800","오리온홀딩스","12118","6671","-5447","170026650","93835850","-76190800"
"024110","기업은행","155999","148958","-7041","1697404600","1620176000","-77228600"
"161000","애경케미칼","9302","626","-8676","92335020","6223170","-86111850"
"088260","이리츠코크렙","31475","16603","-14872","187306450","98867620","-88438830"
"009970","영원무역홀딩스","5309","3362","-1947","245694500","155956600","-89737900"
"079430","현대리바트","7001","7","-6994","91888050","92750","-91795300"
"001940","KISCO홀딩스","6503","9","-6494","101989350","141700","-101847650"
"000725","현대건설우","1636","0","-1636","105091500","0","-105091500"
"016580","환인제약","6528","6","-6522","106259250","99000","-106160250"
"018670","SK가스","929","19","-910","108834500","2229500","-106605000"
"003520","영진약품","62098","38974","-23124","292330185","183829495","-108500690"
"012170","아센디오","105823","16396","-89427","128692170","19827120","-108865050"
"004830","덕성","7511","739","-6772","121916750","11360150","-110556600"
"026960","동서","17102","12732","-4370","458064700","341857250","-116207450"
"004430","송원산업","8180","2150","-6030","166178500","43564250","-122614250"
"003280","흥아해운","54505","11373","-43132","157288740","33265115","-124023625"
"066575","LG전자우","2203","48","-2155","129524900","2823000","-126701900"
"014830","유니드","2915","1401","-1514","245065000","118238900","-126826100"
"013890","지누스","5180","3375","-1805","370982900","242215300","-128767600"
"014820","동원시스템즈","8558","6082","-2476","448054500","319143600","-128910900"
"00088K","한화3우B","8941","121","-8820","131779600","1784750","-129994850"
"003240","태광산업","183","51","-132","186776000","52121000","-134655000"
"096775","SK이노베이션우","1118","3","-1115","135707500","365000","-135342500"
"005090","SGC에너지","2933","131","-2802","148749900","6625500","-142124400"
"011000","진원생명과학","11781","992","-10789","159939100","13684800","-146254300"
"002390","한독","7338","8","-7330","150798150","164100","-150634050"
"018250","애경산업","8323","286","-8037","156548550","5398200","-151150350"
"003090","대웅","25987","20706","-5281","758419550","605804000","-152615550"
"077500","유니퀘스트","14035","8","-14027","153120100","87600","-153032500"
"010690","화신","23555","551","-23004","157231520","3679810","-153551710"
"214320","이노션","4177","1088","-3089","209714100","54641300","-155072800"
"006040","동원산업","1253","537","-716","272825500","117172000","-155653500"
"006120","SK디스커버리","7192","3255","-3937","289148300","131227000","-157921300"
"214420","토니모리","37690","4205","-33485","179536590","20261360","-159275230"
"007210","벽산","52607","28","-52579","159888440","85260","-159803180"
"280360","롯데제과","1815","398","-1417","211474000","46648000","-164826000"
"105840","우진","20027","2","-20025","165090260","16420","-165073840"
"178920","PI첨단소재","35559","31461","-4098","1519390100","1351929200","-167460900"
"042670","현대두산인프라코어","107745","82001","-25744","707762940","539155970","-168606970"
"057050","현대홈쇼핑","5105","2148","-2957","302465700","127342800","-175122900"
"192400","쿠쿠홀딩스","15564","5404","-10160","269835700","93771250","-176064450"
"185750","종근당","8249","6364","-1885","792562900","611131300","-181431600"
"030720","동원수산","20043","86","-19957","184472620","794640","-183677980"
"017670","SK텔레콤","126080","122442","-3638","6885315900","6694579100","-190736800"
"017810","풀무원","12072","31","-12041","197158050","506000","-196652050"
"005440","현대그린푸드","49695","24429","-25266","416156430","204821750","-211334680"
"008060","대덕","30333","128","-30205","213373410","902510","-212470900"
"286940","롯데정보통신","9366","3107","-6259","323180250","107318150","-215862100"
"271940","일진하이솔루스","5281","72","-5209","221076900","3005700","-218071200"
"005180","빙그레","4172","50","-4122","221401500","2660600","-218740900"
"120110","코오롱인더","10271","6664","-3607","627233600","407351300","-219882300"
"034120","SBS","10878","5531","-5347","472251750","241128050","-231123700"
"073240","금호타이어","119128","58206","-60922","474466730","232326620","-242140110"
"005300","롯데칠성","11405","9866","-1539","1878493500","1635956000","-242537500"
"008490","서흥","6456","82","-6374","249334200","3195600","-246138600"
"006340","대원전선","121430","31","-121399","255297995","64180","-255233815"
"111110","호전실업","27761","1585","-26176","274377460","15292370","-259085090"
"004800","효성","5882","2697","-3185","480751200","220674100","-260077100"
"023590","다우기술","12903","32","-12871","267747050","662900","-267084150"
"005387","현대차2우B","3846","940","-2906","357801200","87600100","-270201100"
"000240","한국앤컴퍼니","27363","5808","-21555","361826600","76954400","-284872200"
"298050","효성첨단소재","2486","1850","-636","1114410000","827792500","-286617500"
"005500","삼진제약","11542","72","-11470","289217700","1806700","-287411000"
"007660","이수페타시스","313280","273623","-39657","2335567610","2044841020","-290726590"
"213500","한솔제지","33979","9913","-24066","417225400","122239800","-294985600"
"003490","대한항공","599014","588470","-10544","17838814300","17536871800","-301942500"
"183190","아세아시멘트","2737","573","-2164","385539000","81592000","-303947000"
"001740","SK네트웍스","108219","35697","-72522","474248950","156400400","-317848550"
"004690","삼천리","6822","3413","-3409","679320600","356660500","-322660100"
"294870","HDC현대산업개발","57988","36908","-21080","910403850","579293700","-331110150"
"004910","조광페인트","51066","6169","-44897","385612640","46879340","-338733300"
"007310","오뚜기","1173","405","-768","523296000","180996000","-342300000"
"005940","NH투자증권","82162","51881","-30281","956091850","605068950","-351022900"
"064350","현대로템","58101","39076","-19025","1099344650","739363350","-359981300"
"017390","서울가스","2617","704","-1913","499532000","135042500","-364489500"
"006260","LS","14081","6279","-7802","674539200","301439250","-373099950"
"004490","세방전지","8472","2497","-5975","531924000","157380000","-374544000"
"344820","KCC글라스","7236","231","-7005","406211000","13001700","-393209300"
"004370","농심","7056","5768","-1288","2287637000","1872696500","-414940500"
"012750","에스원","15114","8944","-6170","1034713400","615103700","-419609700"
"326030","SK바이오팜","16702","11204","-5498","1308502400","882169400","-426333000"
"081660","휠라홀딩스","46351","32566","-13785","1449527450","1020431100","-429096350"
"011070","LG이노텍","99127","97435","-1692","30939794000","30504169500","-435624500"
"003530","한화투자증권","115196","20067","-95129","554574450","95522220","-459052230"
"139130","DGB금융지주","83855","34688","-49167","785971870","325153570","-460818300"
"000100","유한양행","39762","31392","-8370","2224335500","1761031500","-463304000"
"003670","포스코케미칼","27313","23183","-4130","3083951000","2619952500","-463998500"
"251270","넷마블","57155","52347","-4808","5717223600","5249370600","-467853000"
"025540","한국단자","9113","1014","-8099","527925700","58828500","-469097200"
"010140","삼성중공업","395699","308244","-87455","2194456450","1718578920","-475877530"
"007810","코리아써키트","80506","63768","-16738","2388785850","1910784900","-478000950"
"032350","롯데관광개발","48408","21365","-27043","863473450","381644500","-481828950"
"069260","휴켐스","32854","9698","-23156","706532250","209119350","-497412900"
"049770","동원F&B","3105","278","-2827","551291000","49559500","-501731500"
"015760","한국전력","436471","413182","-23289","9737049350","9225804300","-511245050"
"009450","경동나비엔","11621","150","-11471","527706900","6859650","-520847250"
"001230","동국제강","58016","22856","-35160","898598000","354230300","-544367700"
"003410","쌍용C&E","155890","81021","-74869","1186081990","617142460","-568939530"
"004000","롯데정밀화학","29196","21723","-7473","2310063800","1722277000","-587786800"
"103140","풍산","25657","6668","-18989","795385150","207059500","-588325650"
"017800","현대엘리베이","27711","11205","-16506","1016040600","411202250","-604838350"
"060980","한라홀딩스","15341","122","-15219","620164000","4957250","-615206750"
"001040","CJ","20889","13365","-7524","1721553100","1103334600","-618218500"
"285130","SK케미칼","9167","3755","-5412","1128451000","461572500","-666878500"
"161390","한국타이어앤테크놀로지","65297","44970","-20327","2274325300","1572701350","-701623950"
"005850","에스엘","33580","5039","-28541","830046400","124782800","-705263600"
"037270","YG PLUS","130122","30533","-99589","926735520","217071840","-709663680"
"348950","제이알글로벌리츠","215653","81595","-134058","1154275390","437032750","-717242640"
"034830","한국토지신탁","330139","2080","-328059","728152780","4591950","-723560830"
"195870","해성디에스","34288","19524","-14764","1693968400","968041050","-725927350"
"192080","더블유게임즈","18547","3170","-15377","922152600","157647350","-764505250"
"005250","녹십자홀딩스","48741","16322","-32419","1160117850","388730050","-771387800"
"031430","신세계인터내셔날","12567","7289","-5278","1866589500","1088100000","-778489500"
"009240","한샘","18107","6999","-11108","1308284800","508010000","-800274800"
"011780","금호석유","28790","23650","-5140","4567089500","3762967000","-804122500"
"298000","효성화학","3930","935","-2995","1090090500","267839000","-822251500"
"088350","한화생명","414716","128111","-286605","1247965945","385485225","-862480720"
"336260","두산퓨얼셀","47037","22371","-24666","1684826950","801899750","-882927200"
"007070","GS리테일","49853","15503","-34350","1308884300","407115650","-901768650"
"241560","두산밥캣","75848","50676","-25172","2811003250","1880619750","-930383500"
"090430","아모레퍼시픽","60825","55884","-4941","11516275500","10584069000","-932206500"
"079550","LIG넥스원","62656","47462","-15194","3889840200","2944820800","-945019400"
"007690","국도화학","20407","1582","-18825","1056169700","82045000","-974124700"
"033780","KT&G","69874","57298","-12576","5601952100","4599249000","-1002703100"
"272450","진에어","95195","36146","-59049","1650906000","635119950","-1015786050"
"272210","한화시스템","106347","37296","-69051","1577904700","555185200","-1022719500"
"111770","영원무역","69762","44119","-25643","2858649850","1816685750","-1041964100"
"009540","한국조선해양","43963","30838","-13125","3664876200","2577627800","-1087248400"
"051915","LG화학우","3962","156","-3806","1162494000","45365500","-1117128500"
"032640","LG유플러스","185485","97052","-88433","2420540900","1271454700","-1149086200"
"047050","포스코인터내셔널","91945","32022","-59923","1799636750","627917000","-1171719750"
"128940","한미약품","7966","2995","-4971","2057550000","776780500","-1280769500"
"207940","삼성바이오로직스","14097","12302","-1795","10829178000","9480113000","-1349065000"
"078930","GS","60698","26684","-34014","2425935150","1069458800","-1356476350"
"086280","현대글로비스","24251","16022","-8229","4115815000","2723967000","-1391848000"
"020150","일진머티리얼즈","51790","35505","-16285","4766958900","3272228600","-1494730300"
"018260","삼성에스디에스","29555","18293","-11262","4084026000","2535485500","-1548540500"
"034730","SK","32916","25850","-7066","7304995500","5741442500","-1563553000"
"000880","한화","77730","21116","-56614","2222466500","604234650","-1618231850"
"010120","LS ELECTRIC","62799","21972","-40827","2531353250","887317500","-1644035750"
"003000","부광약품","167194","37372","-129822","2124799550","477740800","-1647058750"
"093370","후성","173811","87586","-86225","3415956200","1733884000","-1682072200"
"020560","아시아나항공","112295","29341","-82954","2286560400","598773050","-1687787350"
"105630","한세실업","144193","63999","-80194","3159635150","1410695500","-1748939650"
"001120","LX인터내셔널","92244","26278","-65966","2510190950","729453450","-1780737500"
"036460","한국가스공사","88528","33841","-54687","3097529950","1184738050","-1912791900"
"020000","한섬","77449","22403","-55046","2704639700","784563600","-1920076100"
"005935","삼성전자우","29665","663","-29002","1976296200","44184700","-1932111500"
"071050","한국금융지주","55914","30869","-25045","4352467800","2404045200","-1948422600"
"016360","삼성증권","72710","25897","-46813","3052826650","1088459900","-1964366750"
"267250","현대중공업지주","55894","15263","-40631","2718978150","743973900","-1975004250"
"010950","S-Oil","62975","37002","-25973","5150801300","3021450600","-2129350700"
"004020","현대제철","134942","79216","-55726","5258673650","3089145850","-2169527800"
"010130","고려아연","9284","5085","-4199","4872404000","2675158000","-2197246000"
"271560","오리온","33184","10081","-23103","3266435100","993789100","-2272646000"
"000720","현대건설","142910","80147","-62763","5996982050","3369903850","-2627078200"
"021240","코웨이","63522","20278","-43244","4440031600","1419218500","-3020813100"
"204320","만도","99179","33660","-65519","4616620450","1569253300","-3047367150"
"307950","현대오토에버","32277","2905","-29372","3494881500","315289000","-3179592500"
"138930","BNK금융지주","587336","153395","-433941","4679353880","1222655070","-3456698810"
"139480","이마트","52644","22961","-29683","6558502000","2869799000","-3688703000"
"011210","현대위아","76715","16571","-60144","4924000200","1066111900","-3857888300"
"000815","삼성화재우","25392","21","-25371","3933476500","3256500","-3930220000"
"402340","SK스퀘어","109564","37088","-72476","6060395500","2052570500","-4007825000"
"052690","한전기술","63739","14006","-49733","5366623900","1202920700","-4163703200"
"032830","삼성생명","150245","79598","-70647","9281614400","4917752800","-4363861600"
"316140","우리금융지주","623977","314574","-309403","8986596500","4559945100","-4426651400"
"012450","한화에어로스페이스","134861","35673","-99188","6150680050","1628166300","-4522513750"
"066570","LG전자","234320","196824","-37496","28533877500","23969761000","-4564116500"
"009830","한화솔루션","255627","105711","-149916","8191511650","3391212600","-4800299050"
"035720","카카오","467597","415452","-52145","43042511800","38234019200","-4808492600"
"055550","신한지주","443320","315493","-127827","17920873250","12764969700","-5155903550"
"003550","LG","112270","43705","-68565","8496310900","3319021000","-5177289900"
"028050","삼성엔지니어링","355352","96106","-259246","7924655150","2150620150","-5774035000"
"028260","삼성물산","124693","71421","-53272","13617427500","7823963500","-5793464000"
"000660","SK하이닉스","1288939","1242075","-46864","164544082000","158532480500","-6011601500"
"086790","하나금융지주","460247","333350","-126897","23248787400","16857004800","-6391782600"
"034220","LG디스플레이","587197","237392","-349805","10930333750","4423519200","-6506814550"
"000990","DB하이텍","183351","85711","-97640","12419936100","5814237900","-6605698200"
"012330","현대모비스","60919","27830","-33089","13704693000","6276139500","-7428553500"
"005490","POSCO","89291","60875","-28416","24630344000","16821130500","-7809213500"
"047810","한국항공우주","331266","85634","-245632","11075586600","2866616400","-8208970200"
"088980","맥쿼리인프라","874361","264938","-609423","11996317100","3636300500","-8360016600"
"323410","카카오뱅크","335155","133688","-201467","15895557150","6375468850","-9520088300"
"105560","KB금융","499027","338558","-160469","31008702100","21052809100","-9955893000"
"005380","현대차","225313","164793","-60520","40854545000","29909975500","-10944569500"
"009150","삼성전기","147412","76070","-71342","24353324000","12553514000","-11799810000"
"000270","기아","379702","224980","-154722","29493892900","17483550300","-12010342600"
"036570","엔씨소프트","55649","28824","-26825","25815084000","13355667500","-12459416500"
"006400","삼성SDI","53547","26536","-27011","28951184000","14368212000","-14582972000"
"096770","SK이노베이션","168282","68237","-100045","34121384000","13842079000","-20279305000"
"051910","LG화학","100618","60580","-40038","59828030000","35992058000","-23835972000"
"000810","삼성화재","198714","49159","-149555","39043435500","9685318000","-29358117500"
"035420","NAVER","194716","99117","-95599","60407279500","30772399500","-29634880000"
"005930","삼성전자","7237086","5083287","-2153799","528721395400","371459551100","-157261844300"