종목코드,종목명,거래량_매도,거래량_매수,거래량_순매수,거래대금_매도,거래대금_매수,거래대금_순매수
"000270","기아","620891","1097485","476594","52963601000","93595311100","40631710100"
"336260","두산퓨얼셀","222639","622405","399766","8639100450","24123394700","15484294250"
"302440","SK바이오사이언스","64985","159492","94507","8024556500","19694968500","11670412000"
"010950","S-Oil","204438","308890","104452","21554337000","32568928500","11014591500"
"329180","현대중공업","52869","139719","86850","6713583000","17547634500","10834051500"
"051910","LG화학","111602","130157","18555","57161009500","66539882500","9378873000"
"017670","SK텔레콤","217010","363434","146424","12832627600","21508588700","8675961100"
"011200","HMM","1046654","1294365","247711","30847221650","38143446550","7296224900"
"069960","현대백화점","34023","122813","88790","2628779600","9502387200","6873607600"
"051900","LG생활건강","20005","27691","7686","16196249000","22455621000","6259372000"
"023530","롯데쇼핑","21137","83902","62765","2046272500","8105812500","6059540000"
"047810","한국항공우주","210301","333831","123530","9823433350","15490362950","5666929600"
"078930","GS","93314","210924","117610","4354363650","9778022800","5423659150"
"035720","카카오","399978","462335","62357","33956592200","39180230200","5223638000"
"001120","LX인터내셔널","103398","217344","113946","3833085050","8069298550","4236213500"
"004170","신세계","35442","50298","14856","8939594000","12716576500","3776982500"
"086280","현대글로비스","55187","73189","18002","11347274000","15036363500","3689089500"
"005380","현대차","133676","153512","19836","24350219000","27949366000","3599147000"
"035420","NAVER","204812","216457","11645","56704530500","59928873500","3224343000"
"028670","팬오션","1965006","2427653","462647","14065892220","17287393260","3221501040"
"282330","BGF리테일","50779","66559","15780","9732340000","12755304500","3022964500"
"316140","우리금융지주","825654","1020745","195091","12139432500","15009271400","2869838900"
"285130","SK케미칼","31429","54171","22742","3725776500","6432825500","2707049000"
"001790","대한제당","569730","1122519","552789","2598362830","5150618210","2552255380"
"353200","대덕전자","160333","240728","80395","4948829050","7444572100","2495743050"
"306200","세아제강","10852","26213","15361","1766184500","4197954000","2431769500"
"088350","한화생명","1514178","2459199","945021","3917567680","6303973760","2386406080"
"402340","SK스퀘어","217311","263464","46153","9757519400","11815561850","2058042450"
"006360","GS건설","137802","188378","50576","5386157750","7344850600","1958692850"
"018880","한온시스템","491514","660921","169407","5298750200","7146536050","1847785850"
"036460","한국가스공사","114523","157090","42567","4905473700","6717413900","1811940200"
"361610","SK아이이테크놀로지","41032","54114","13082","4690755500","6178945000","1488189500"
"005880","대한해운","2445074","2996579","551505","7215460310","8692643695","1477183385"
"138040","메리츠금융지주","161034","209176","48142","5124869050","6561743300","1436874250"
"005690","파미셀","100473","214484","114011","1262851750","2699052300","1436200550"
"000060","메리츠화재","135931","175067","39136","5175231700","6584905600","1409673900"
"137310","에스디바이오센서","84864","113346","28482","4036243700","5386660400","1350416700"
"052690","한전기술","83741","101311","17570","6534840500","7876646100","1341805600"
"271940","일진하이솔루스","12996","45420","32424","524678850","1825264950","1300586100"
"001450","현대해상","335461","374406","38945","9978924750","11149072950","1170148200"
"251270","넷마블","37000","50207","13207","3265202400","4430492500","1165290100"
"011170","롯데케미칼","38052","44089","6037","7212854500","8367784500","1154930000"
"004770","써니전자","344281","675813","331532","1168992995","2293262845","1124269850"
"032350","롯데관광개발","78355","151004","72649","1194288500","2302559950","1108271450"
"002150","도화엔지니어링","222333","309689","87356","2630786850","3637661900","1006875050"
"008040","사조동아원","958785","1474132","515347","1871413825","2877292725","1005878900"
"047050","포스코인터내셔널","120788","163251","42463","2799026150","3765079950","966053800"
"006650","대한유화","12766","19477","6711","1838453500","2800464500","962011000"
"018670","SK가스","10424","17273","6849","1277262500","2123700500","846438000"
"005830","DB손해보험","132097","145657","13560","8111844400","8941499700","829655300"
"093370","후성","226279","269863","43584","4291488600","5092416200","800927600"
"002870","신풍제지","912011","1250190","338179","2142243440","2902977105","760733665"
"001250","GS글로벌","1150488","1330894","180406","4733983020","5426550515","692567495"
"012750","에스원","30191","40177","9986","2083004800","2765453400","682448600"
"019170","신풍제약","70590","92154","21564","2011281800","2628322950","617041150"
"025860","남해화학","232049","279648","47599","2995385650","3603422750","608037100"
"000990","DB하이텍","110962","120084","9122","7476663000","8072100500","595437500"
"092220","KEC","255546","432683","177137","822285700","1395543835","573258135"
"010820","퍼스텍","459980","594150","134170","2127880010","2700192410","572312400"
"000120","CJ대한통운","69133","73703","4570","8719982000","9282219500","562237500"
"009450","경동나비엔","10587","22173","11586","511870450","1071160150","559289700"
"007540","샘표","8639","17584","8945","537042700","1095040400","557997700"
"009460","한창제지","137282","393372","256090","298294990","853970690","555675700"
"307950","현대오토에버","9249","13304","4055","1193197500","1724269000","531071500"
"000720","현대건설","133660","145656","11996","5608577000","6118068350","509491350"
"035250","강원랜드","132834","151949","19115","3434967350","3926500750","491533400"
"011000","진원생명과학","61413","106530","45117","635171200","1102672600","467501400"
"003490","대한항공","186306","200732","14426","5478622400","5905226750","426604350"
"036570","엔씨소프트","18528","19603","1075","7602290000","8027104000","424814000"
"004090","한국석유","76134","101605","25471","1230697300","1647221750","416524450"
"000100","유한양행","54868","62043","7175","3167282000","3578929000","411647000"
"018470","조일알미늄","685801","854993","169192","1665277545","2076261985","410984440"
"009240","한샘","11220","17207","5987","753578300","1152515200","398936900"
"095720","웅진씽크빅","70492","198420","127928","218919865","614881610","395961745"
"007310","오뚜기","484","1358","874","216452500","606011000","389558500"
"011780","금호석유","25168","27822","2654","3695743000","4083434000","387691000"
"009200","무림페이퍼","576778","697289","120511","1920720825","2300051665","379330840"
"183190","아세아시멘트","51665","79634","27969","680799600","1031411000","350611400"
"381970","케이카","89483","104086","14603","2179886450","2529046050","349159600"
"001795","대한제당우","244345","315343","70998","1104198005","1429415910","325217905"
"001230","동국제강","153370","171336","17966","2726332400","3041302550","314970150"
"241590","화승엔터프라이즈","20747","42030","21283","306068850","616947400","310878550"
"326030","SK바이오팜","31579","35046","3467","2728961700","3029330900","300369200"
"003000","부광약품","42130","70159","28029","453351850","753581800","300229950"
"015890","태경산업","8974","51909","42935","62816820","362426240","299609420"
"300720","한일시멘트","7181","22804","15623","136026500","432607500","296581000"
"175330","JB금융지주","112062","146348","34286","960155870","1253646420","293490550"
"181710","NHN","35092","44754","9662","1074165850","1364212200","290046350"
"007570","일양약품","6748","18897","12149","158462700","440363750","281901050"
"004690","삼천리","1818","4051","2233","223311000","491788000","268477000"
"039130","하나투어","27837","31523","3686","2019496000","2282854300","263358300"
"129260","인터지스","72632","148182","75550","255195395","518387420","263192025"
"161890","한국콜마","26112","32045","5933","1137934050","1397226350","259292300"
"026960","동서","10264","19760","9496","264710750","508234800","243524050"
"003520","영진약품","65984","119305","53321","296447485","535988490","239541005"
"241560","두산밥캣","86184","92053","5869","3510285950","3741654900","231368950"
"214330","금호에이치티","338656","499449","160793","479583585","701708245","222124660"
"33626K","두산퓨얼셀1우","3633","20744","17111","46390700","261081600","214690900"
"004410","서울식품","885872","1565431","679559","279535096","491574866","212039770"
"010780","아이에스동서","20745","25286","4541","1017374000","1226128750","208754750"
"006405","삼성SDI우","40","740","700","11807500","218720000","206912500"
"069620","대웅제약","5163","6363","1200","877309000","1079553000","202244000"
"005070","코스모신소재","153731","156670","2939","8113582700","8312443000","198860300"
"030720","동원수산","16101","32532","16431","187648500","378308450","190659950"
"002900","TYM","1845984","1902419","56435","6011594975","6184460495","172865520"
"000490","대동","20459","30713","10254","327045900","491826000","164780100"
"016090","대현","84051","144000","59949","221937820","380319510","158381690"
"123690","한국화장품","9677","25451","15774","96933650","253272760","156339110"
"017940","E1","1799","5006","3207","88525650","244736000","156210350"
"025560","미래산업","9789","21811","12022","127383600","282659350","155275750"
"002630","오리엔트바이오","1796029","1981963","185934","1803127980","1956032714","152904734"
"003720","삼영화학","123320","169734","46414","399372990","550622475","151249485"
"001390","KG케미칼","83648","87407","3759","3219291350","3364077200","144785850"
"005250","녹십자홀딩스","15501","22476","6975","308696500","450403750","141707250"
"000230","일동홀딩스","37792","41103","3311","1735463150","1874877150","139414000"
"007860","서연","4192","21246","17054","34011750","172514680","138502930"
"011500","한농화성","7130","15879","8749","112007600","248405650","136398050"
"004360","세방","8264","19811","11547","94454700","226699750","132245050"
"029460","케이씨","2854","8870","6016","62906950","193610600","130703650"
"010690","화신","127901","141967","14066","1133242100","1262854700","129612600"
"009270","신원","37606","107812","70206","68049830","195425120","127375290"
"020760","일진디스플","149685","208806","59121","317450370","443909365","126458995"
"001360","삼성제약","21431","55152","33721","79312880","204522145","125209265"
"090350","노루페인트","13377","25054","11677","139100400","259868450","120768050"
"037270","YG PLUS","25543","42442","16899","177300030","294295730","116995700"
"033270","유나이티드제약","8163","12221","4058","224191450","334212050","110020600"
"013700","까뮤이앤씨","151141","197304","46163","361543980","469897585","108353605"
"009070","KCTC","416495","437451","20956","2635710600","2740531050","104820450"
"010660","화천기계","55977","85644","29667","182220310","282654965","100434655"
"047400","유니온머티리얼","15323","50588","35265","43360605","143533535","100172930"
"180640","한진칼","19319","21236","1917","1071374200","1170304300","98930100"
"005110","한창","157689","293869","136180","115792093","213831124","98039031"
"105840","우진","370114","379422","9308","5304621900","5402229900","97608000"
"023960","에쓰씨엔지니어링","96440","129120","32680","297514575","394917150","97402575"
"380440","엔에이치스팩19호","18","45344","45326","38610","97227135","97188525"
"284740","쿠쿠홈시스","4005","6964","2959","131241850","227825950","96584100"
"210980","SK디앤디","2700","6036","3336","77714900","173850200","96135300"
"000970","한국주철관","5597","15052","9455","55427870","148646940","93219070"
"001880","DL건설","2660","6493","3833","64627050","156566500","91939450"
"001040","CJ","9307","10342","1035","784878700","871831100","86952400"
"011090","에넥스","101117","145071","43954","207450575","294083785","86633210"
"017810","풀무원","10042","15600","5558","156174100","242622300","86448200"
"032830","삼성생명","80366","81668","1302","5057045500","5142807400","85761900"
"383220","F&F","28774","29556","782","3597266000","3681397500","84131500"
"271980","제일약품","547","3817","3270","13343950","93051100","79707150"
"02826K","삼성물산우B","88","821","733","9460000","88666500","79206500"
"000020","동화약품","11742","18191","6449","138830400","215126200","76295800"
"024890","대원화성","16073","42811","26738","43903400","116701305","72797905"
"012690","모나리자","23614","42435","18821","88801350","159232535","70431185"
"006110","삼아알미늄","4384","7188","2804","103356350","170607750","67251400"
"248170","샘표식품","1253","2774","1521","54802000","121684450","66882450"
"000910","유니온","10318","19383","9065","72706590","136171070","63464480"
"011210","현대위아","12224","13168","944","767328700","826976500","59647800"
"003850","보령","16051","21047","4996","190916900","250197000","59280100"
"378850","화승알앤에이","9751","23225","13474","43148920","102406985","59258065"
"102280","쌍방울","6617414","6711046","93632","5821823536","5878930922","57107386"
"001550","조비","12596","15175","2579","280588000","336290300","55702300"
"005360","모나미","14278","26191","11913","66513175","121686175","55173000"
"293480","하나제약","620","3418","2798","12063800","66380700","54316900"
"950210","프레스티지바이오파마","2359","5697","3338","37817150","91197950","53380800"
"271560","오리온","34833","35598","765","3158597600","3210849200","52251600"
"023800","인지컨트롤스","1476","6478","5002","15316400","66773950","51457550"
"003300","한일홀딩스","1552","5461","3909","20172800","70987100","50814300"
"034590","인천도시가스","246","2116","1870","6684850","57177550","50492700"
"081000","일진다이아","1320","3116","1796","34213750","80701100","46487350"
"090370","메타랩스","14068","71622","57554","11238964","57217235","45978271"
"073240","금호타이어","71848","83060","11212","291974620","336343415","44368795"
"000950","전방","256","1023","767","14560500","58909200","44348700"
"063160","종근당바이오","162","1457","1295","5381650","48219550","42837900"
"330590","롯데리츠","95672","102782","7110","556041610","596710160","40668550"
"006390","한일현대시멘트","1304","2625","1321","40511550","80708800","40197250"
"002720","국제약품","2577","9779","7202","14311120","54127990","39816870"
"001130","대한제분","917","1151","234","155390000","194971500","39581500"
"011280","태림포장","34298","43872","9574","142577700","181088035","38510335"
"200880","서연이화","5144","10738","5594","34880020","73049150","38169130"
"020120","키다리스튜디오","51277","55649","4372","442175000","479879590","37704590"
"001685","대상우","740","2777","2037","13838350","51371200","37532850"
"004870","티웨이홀딩스","40065","89328","49263","30395506","67696213","37300707"
"003030","세아제강지주","12332","12745","413","1724398500","1761205500","36807000"
"008930","한미사이언스","11778","12586","808","533992100","569784150","35792050"
"001420","태원물산","180","6671","6491","930600","34443640","33513040"
"033250","체시스","19347","45057","25710","23521765","55106265","31584500"
"000400","롯데손해보험","84531","102802","18271","158199860","189691230","31491370"
"006490","인스코비","15217","26604","11387","41417850","72223775","30805925"
"298690","에어부산","29624","43141","13517","65887865","95524990","29637125"
"00088K","한화3우B","9538","11310","1772","148952200","176757400","27805200"
"308170","센트랄모텍","370","2073","1703","6069500","33861200","27791700"
"122900","아이마켓코리아","3187","5798","2611","33144850","60516000","27371150"
"035510","신세계 I&C","2802","4518","1716","44626350","71736050","27109700"
"008600","윌비스","7936","29366","21430","9994530","36880420","26885890"
"118000","초록뱀헬스케어","18162","41625","23463","20927365","47727985","26800620"
"000040","KR모터스","20646","52468","31822","17133502","43785558","26652056"
"024070","WISCOM","13530","21431","7901","44978070","71393450","26415380"
"068400","SK렌터카","5949","8425","2476","61285400","87402700","26117300"
"058860","KTis","15751","25551","9800","41325310","67131580","25806270"
"037560","LG헬로비전","20430","24809","4379","120420100","145136500","24716400"
"010420","한솔PNS","20055","32143","12088","39952830","63746845","23794015"
"000220","유유제약","9299","12501","3202","65612400","88650420","23038020"
"37550L","DL이앤씨2우(전환)","14","575","561","570750","23460500","22889750"
"023810","인팩","6232","8631","2399","57942690","80271400","22328710"
"044380","주연테크","22758","43202","20444","24728025","46795125","22067100"
"000680","LS네트웍스","15627","21654","6027","55721085","77164000","21442915"
"227840","현대코퍼레이션홀딩스","59106","60976","1870","821584600","842903450","21318850"
"001780","알루코","35043","40985","5942","120589960","140835410","20245450"
"000640","동아쏘시오홀딩스","532","724","192","54552000","74468500","19916500"
"005389","현대차3우B","15","216","201","1332900","19227300","17894400"
"33626L","두산퓨얼셀2우B","2174","3295","1121","34739600","52251600","17512000"
"088790","진도","21866","26041","4175","76791620","93725875","16934255"
"009420","한올바이오파마","17655","18644","989","296852650","313367400","16514750"
"036530","SNT홀딩스","113","1097","984","1887200","18323300","16436100"
"002880","대유에이텍","9292","23606","14314","10593445","26980345","16386900"
"001260","남광토건","1983","3303","1320","23316450","38738600","15422150"
"006090","사조오양","954","2448","1494","9825750","25196850","15371100"
"101530","해태제과식품","1882","3666","1784","15760090","30519490","14759400"
"085310","엔케이","11030","24139","13109","12337245","27028505","14691260"
"007815","코리아써우","528","1779","1251","5829850","19576350","13746500"
"005390","신성통상","28718","32532","3814","97656830","110831075","13174245"
"338100","NH프라임리츠","1594","4148","2554","7909880","20621265","12711385"
"009835","한화솔루션우","33","422","389","1072100","13524850","12452750"
"005320","국동","6135","11648","5513","13524850","25451465","11926615"
"016740","두올","7283","10555","3272","26687380","38458785","11771405"
"018500","동원금속","13876","26196","12320","13524550","25267269","11742719"
"071320","지역난방공사","178","500","322","6287550","17656900","11369350"
"071840","롯데하이마트","3937","4406","469","86783000","97469250","10686250"
"139990","아주스틸","1805","2502","697","27505900","38025950","10520050"
"005820","원림","21","448","427","464350","9856100","9391750"
"037710","광주신세계","2027","2283","256","73807300","83134850","9327550"
"068290","삼성출판사","1863","2206","343","51291900","60488800","9196900"
"069460","대호에이엘","1552","4510","2958","4708585","13579715","8871130"
"072130","유엔젤","14568","16444","1876","63401325","71825100","8423775"
"009155","삼성전기우","313","402","89","28391500","36175800","7784300"
"002140","고려산업","153505","154920","1415","1050870850","1058537620","7666770"
"003650","미창석유","0","88","88","0","6920100","6920100"
"078520","에이블씨엔씨","5319","6283","964","37499000","43949470","6450470"
"004720","팜젠사이언스","7439","8330","891","57093880","63391600","6297720"
"014530","극동유화","57541","59174","1633","244770195","250902790","6132595"
"000520","삼일제약","4175","4886","711","34117180","40059680","5942500"
"002200","한국수출포장","193","422","229","4981600","10870700","5889100"
"025620","제이준코스메틱","496368","504552","8184","654500795","660168270","5667475"
"011785","금호석유우","273","331","58","25923300","31497500","5574200"
"083420","그린케미칼","4395","4984","589","41078320","46391700","5313380"
"008110","대동전자","2935","3633","698","22565700","27650840","5085140"
"317400","자이에스앤디","4130","4666","536","36546560","41101530","4554970"
"004835","덕성우","2052","2424","372","21016750","24951000","3934250"
"005800","신영와코루","2061","2349","288","26135050","29679450","3544400"
"014130","한익스프레스","17845","18573","728","104376720","107898210","3521490"
"027970","세하","22030","24079","2049","36152930","39655560","3502630"
"003350","한국화장품제조","3969","4098","129","117067050","120462750","3395700"
"084680","이월드","37413","38895","1482","92602835","95931685","3328850"
"017370","우신시스템","9555","10622","1067","28659625","31753620","3093995"
"012320","경동인베스트","0","84","84","0","3092800","3092800"
"009680","모토닉","169","482","313","1529820","4320400","2790580"
"000155","두산우","167","201","34","11185500","13482800","2297300"
"031820","콤텍시스템","80127","81793","1666","77148416","79214890","2066474"
"008870","금비","1","24","23","68500","1636400","1567900"
"006125","SK디스커버리우","1","39","38","33400","1278150","1244750"
"092230","KPX홀딩스","282","301","19","17381900","18603900","1222000"
"089860","롯데렌탈","47924","48209","285","1890183250","1891249100","1065850"
"003080","성보화학","7864","8065","201","33254420","33989350","734930"
"123700","SJM","3875","4023","148","16278015","16841655","563640"
"286940","롯데정보통신","9247","9327","80","288626000","289095150","469150"
"078000","텔코웨어","0","37","37","0","386650","386650"
"084670","동양고속","12","30","18","213050","527650","314600"
"006345","대원전선우","0","94","94","0","290460","290460"
"000885","한화우","0","5","5","0","186000","186000"
"001725","신영증권우","0","3","3","0","170700","170700"
"000650","천일고속","0","2","2","0","132600","132600"
"075180","새론오토모티브","3","26","23","17340","149640","132300"
"003460","유화증권","0","36","36","0","89535","89535"
"004450","삼화왕관","0","2","2","0","87600","87600"
"001755","한양증권우","0","4","4","0","75250","75250"
"008500","일정실업","174","179","5","3998400","4072650","74250"
"000760","이화산업","0","3","3","0","52950","52950"
"005725","넥센우","74","77","3","260200","273350","13150"
"002390","한독","1531","1524","-7","31927550","31939000","11450"
"004105","태양금속우","0","4","4","0","9700","9700"
"096300","베트남개발1","0","13","13","0","2677","2677"
"168490","한국패러랠","1","0","-1","2200","0","-2200"
"012170","아센디오","52161","51632","-529","62725400","62712315","-13085"
"011155","CJ씨푸드1우","1","0","-1","33300","0","-33300"
"204210","모두투어리츠","18","6","-12","95580","31800","-63780"
"004365","세방우","16","0","-16","115200","0","-115200"
"002355","넥센타이어1우B","37","0","-37","119420","0","-119420"
"155900","바다로19호","69","24","-45","227010","78720","-148290"
"36328K","티와이홀딩스우","13","0","-13","263350","0","-263350"
"100220","비상교육","5332","5351","19","38893480","38623200","-270280"
"006570","대림통상","69","0","-69","293480","0","-293480"
"001070","대한방직","7","0","-7","341100","0","-341100"
"145990","삼양사","822","814","-8","42840000","42474100","-365900"
"014285","금강공업우","27","0","-27","375300","0","-375300"
"003925","남양유업우","2","0","-2","404000","0","-404000"
"003075","코오롱글로벌우","15","0","-15","434250","0","-434250"
"003475","유안타증권우","139","9","-130","492665","31855","-460810"
"001515","SK증권우","138","0","-138","507840","0","-507840"
"010770","평화홀딩스","299","165","-134","1132410","616725","-515685"
"002820","SUN&L","111","4","-107","597830","21410","-576420"
"000215","DL우","15","0","-15","599250","0","-599250"
"18064K","한진칼우","101","84","-17","3777150","3103850","-673300"
"00806K","대덕1우","71","5","-66","770350","54400","-715950"
"001080","만호제강","364","337","-27","9646900","8913250","-733650"
"003830","대한화섬","7","0","-7","898500","0","-898500"
"039570","HDC랩스","269","174","-95","2598590","1677900","-920690"
"000390","삼화페인트","1444","1332","-112","13410310","12309910","-1100400"
"134790","시디즈","30","10","-20","1659000","547800","-1111200"
"38380K","LX홀딩스1우","86","6","-80","1221350","84700","-1136650"
"006370","대구백화점","109","0","-109","1161150","0","-1161150"
"006660","삼성공조","1033","939","-94","13843400","12638550","-1204850"
"008060","대덕","8681","8535","-146","67772330","66499030","-1273300"
"001460","BYC","3","0","-3","1326000","0","-1326000"
"000700","유수홀딩스","14415","14158","-257","87842500","86415590","-1426910"
"00279K","아모레G3우(전환)","40","0","-40","1433100","0","-1433100"
"016800","퍼시스","49","9","-40","1757650","320850","-1436800"
"049800","우진플라임","6041","5748","-293","28295255","26801575","-1493680"
"143210","핸즈코퍼레이션","342","26","-316","1631555","123505","-1508050"
"025530","SJM홀딩스","684","260","-424","2507095","948815","-1558280"
"000087","하이트진로2우B","80","0","-80","1647500","0","-1647500"
"019175","신풍제약우","34","0","-34","1705950","0","-1705950"
"002020","코오롱","4264","4199","-65","115667350","113875850","-1791500"
"140910","에이리츠","238","0","-238","1799790","0","-1799790"
"000500","가온전선","3632","3540","-92","92642150","90776800","-1865350"
"058650","세아홀딩스","19","0","-19","2051000","0","-2051000"
"004080","신흥","122","1","-121","2071150","16900","-2054250"
"010400","우진아이엔에스","312","39","-273","2352790","290700","-2062090"
"008355","남선알미우","73","0","-73","2164450","0","-2164450"
"017180","명문제약","5265","4627","-638","18304965","16124175","-2180790"
"035000","지투알","1076","723","-353","6946630","4648850","-2297780"
"005720","넥센","566","43","-523","2503235","190385","-2312850"
"000590","CS홀딩스","83","47","-36","5499500","3100800","-2398700"
"03473K","SK우","22","10","-12","4630000","2101500","-2528500"
"001045","CJ우","52","0","-52","2695600","0","-2695600"
"000480","조선내화","33","0","-33","2699700","0","-2699700"
"023000","삼원강재","913","7","-906","2860660","21910","-2838750"
"002840","미원상사","78","60","-18","12473000","9595500","-2877500"
"33637L","솔루스첨단소재2우B","184","0","-184","3220400","0","-3220400"
"145210","다이나믹디자인","14228","13730","-498","88508340","85241720","-3266620"
"404990","신한서부티엔디리츠","11120","10520","-600","60502940","57130510","-3372430"
"000850","화천기공","303","201","-102","10534600","6938700","-3595900"
"003060","에이프로젠제약","5676","982","-4694","4461168","774287","-3686881"
"267850","아시아나IDT","1036","814","-222","17952800","14106500","-3846300"
"000145","하이트진로홀딩스우","241","0","-241","3976500","0","-3976500"
"001210","금호전기","18117","16234","-1883","39783090","35726990","-4056100"
"108675","LX하우시스우","148","0","-148","4122300","0","-4122300"
"006805","미래에셋증권우","789","7","-782","4299650","37940","-4261710"
"002795","아모레G우","3001","2757","-244","53795750","49382600","-4413150"
"008775","호텔신라우","120","57","-63","8657200","4102100","-4555100"
"033530","세종공업","4417","3763","-654","30964070","26355350","-4608720"
"000105","유한양행우","82","0","-82","4645300","0","-4645300"
"002620","제일파마홀딩스","448","56","-392","5587600","696000","-4891600"
"006840","AK홀딩스","5910","5627","-283","118458850","113442050","-5016800"
"000320","노루홀딩스","659","180","-479","7614350","2079000","-5535350"
"282690","동아타이어","3145","2674","-471","39234100","33395950","-5838150"
"019685","대교우B","2310","0","-2310","5975155","0","-5975155"
"000157","두산2우B","257","206","-51","29026500","23048500","-5978000"
"008350","남선알미늄","299158","296963","-2195","841213895","834974585","-6239310"
"014990","인디에프","7477","546","-6931","7158652","525275","-6633377"
"009415","태영건설우","837","240","-597","9529450","2712000","-6817450"
"134380","미원화학","100","1","-99","7022400","70100","-6952300"
"005745","크라운해태홀딩스우","522","0","-522","7109150","0","-7109150"
"000050","경방","487","22","-465","7478650","335950","-7142700"
"019440","세아특수강","2489","2045","-444","40638550","33246450","-7392100"
"090080","평화산업","50904","46436","-4468","86893345","79335670","-7557675"
"101140","인바이오젠","24580","21173","-3407","55783355","47927540","-7855815"
"400760","NH올원리츠","1535","49","-1486","8188770","260680","-7928090"
"058850","KTcs","10664","7306","-3358","24904925","16967320","-7937605"
"002025","코오롱우","490","33","-457","8654050","579150","-8074900"
"029530","신도리코","752","492","-260","24376150","15949850","-8426300"
"004440","삼일씨엔에스","3087","2244","-843","30039650","21555030","-8484620"
"002170","삼양통상","173","20","-153","9832100","1136000","-8696100"
"004380","삼익THK","2615","1948","-667","34977800","26143950","-8833850"
"016590","신대양제지","185","90","-95","17367900","8430800","-8937100"
"009470","삼화전기","833","480","-353","21524500","12334500","-9190000"
"005305","롯데칠성우","219","100","-119","17085100","7781300","-9303800"
"009160","SIMPAC","11691","10727","-964","100664670","91259250","-9405420"
"003547","대신증권2우B","725","64","-661","10580050","934450","-9645600"
"078935","GS우","686","428","-258","25737950","15777300","-9960650"
"025000","KPX케미칼","203","6","-197","10572700","310200","-10262500"
"020000","한섬","90661","90746","85","3506723500","3496344950","-10378550"
"003120","일성신약","152","23","-129","12649600","1908800","-10740800"
"072710","농심홀딩스","220","71","-149","15896000","5106100","-10789900"
"044820","코스맥스비티아이","2575","1771","-804","33696500","22839150","-10857350"
"006890","태경케미컬","6179","5466","-713","93403250","82338450","-11064800"
"33637K","솔루스첨단소재1우","2061","1313","-748","30435550","19325950","-11109600"
"010960","삼호개발","6495","4181","-2314","31560635","20321685","-11238950"
"000150","두산","23110","22987","-123","1959261900","1947970000","-11291900"
"214390","경보제약","3993","2580","-1413","32091920","20663000","-11428920"
"009140","경인전자","496","90","-406","13962850","2531250","-11431600"
"000225","유유제약1우","3122","1906","-1216","31288010","19191680","-12096330"
"016450","한세예스24홀딩스","2145","317","-1828","14496520","2138690","-12357830"
"085620","미래에셋생명","7030","3737","-3293","26696240","14179495","-12516745"
"012800","대창","63354","57109","-6245","122218255","109688925","-12529330"
"094280","효성ITX","752","4","-748","12715100","67300","-12647800"
"002810","삼영무역","1041","88","-953","14481400","1223200","-13258200"
"012160","영흥","25775","13144","-12631","27063730","13797650","-13266080"
"001380","SG글로벌","17254","9758","-7496","30615430","17321265","-13294165"
"096775","SK이노베이션우","137","28","-109","17005000","3472000","-13533000"
"004310","현대약품","6009","3102","-2907","29446290","15221535","-14224755"
"003495","대한항공우","424","20","-404","15402100","725150","-14676950"
"003555","LG우","495","251","-244","30115800","15289300","-14826500"
"357250","미래에셋맵스리츠","3248","311","-2937","16402710","1563960","-14838750"
"092440","기신정기","5000","1617","-3383","21888005","7035965","-14852040"
"010600","웰바이오텍","53514","44135","-9379","88609525","73363990","-15245535"
"051905","LG생활건강우","993","960","-33","459663000","444380000","-15283000"
"000430","대원강업","7991","3473","-4518","27307990","11886700","-15421290"
"015590","큐로","66164","33132","-33032","30849386","15386421","-15462965"
"003480","한진중공업홀딩스","27881","24275","-3606","124200640","108252595","-15948045"
"000140","하이트진로홀딩스","2490","1270","-1220","33211500","16844950","-16366550"
"011390","부산산업","382","220","-162","39707000","22910000","-16797000"
"000860","강남제비스코","1152","465","-687","28304950","11455050","-16849900"
"014160","대영포장","75567","68510","-7057","173193160","156123595","-17069565"
"071950","코아스","26606","10630","-15976","28381485","11306460","-17075025"
"008970","동양철관","56979","43949","-13030","74472980","57302170","-17170810"
"007690","국도화학","1532","1212","-320","81005700","63788700","-17217000"
"900140","엘브이엠씨홀딩스","23999","18899","-5100","84853360","66721725","-18131635"
"079430","현대리바트","2487","1149","-1338","33842100","15608850","-18233250"
"003680","한성기업","24656","22458","-2198","206541110","188193210","-18347900"
"034300","신세계건설","931","379","-552","30952750","12564550","-18388200"
"00104K","CJ4우(전환)","276","28","-248","20512200","2085300","-18426900"
"001510","SK증권","79307","57320","-21987","66412649","47943598","-18469051"
"001560","제일연마","6880","4936","-1944","66626050","47837770","-18788280"
"002210","동성제약","5575","3146","-2429","44745630","25186630","-19559000"
"011330","유니켐","26032","10372","-15660","32964080","13045115","-19918965"
"002920","유성기업","7829","1561","-6268","25187020","5003500","-20183520"
"033920","무학","27375","25080","-2295","230485760","210266390","-20219370"
"004840","DRB동일","4528","881","-3647","25604650","5001890","-20602760"
"002450","삼익악기","15091","2239","-12852","24802445","3668110","-21134335"
"024900","덕양산업","7808","908","-6900","24022835","2791030","-21231805"
"417310","코람코더원리츠","3473","0","-3473","21537890","0","-21537890"
"339770","교촌에프앤비","3490","1973","-1517","50764450","28742400","-22022050"
"015860","일진홀딩스","31855","27780","-4075","173691680","151075490","-22616190"
"007120","미래아이앤지","74308","17907","-56401","30491280","7390174","-23101106"
"001290","상상인증권","24342","3596","-20746","27235835","4030535","-23205300"
"001620","케이비아이동국실업","34822","2118","-32704","24774283","1510658","-23263625"
"027740","마니커","127193","113338","-13855","236594080","212862400","-23731680"
"004270","남성","25699","17699","-8000","78507865","54135670","-24372195"
"28513K","SK케미칼우","1199","793","-406","75561300","50845200","-24716100"
"002760","보락","23341","10948","-12393","46347685","21598205","-24749480"
"067830","세이브존I&C","10885","3521","-7364","36919195","11884085","-25035110"
"096760","JW홀딩스","7613","1449","-6164","31107485","5929545","-25177940"
"015260","에이엔피","36203","26286","-9917","88247800","62896345","-25351455"
"007110","일신석재","37354","22715","-14639","65243310","39725895","-25517415"
"084870","TBH글로벌","12891","490","-12401","26705230","1021760","-25683470"
"107590","미원홀딩스","190","3","-187","26525500","418500","-26107000"
"001820","삼화콘덴서","4938","4444","-494","257585000","231407300","-26177700"
"007590","동방아그로","5522","2013","-3509","41552240","15082950","-26469290"
"268280","미원에스씨","142","6","-136","28681000","1203000","-27478000"
"007340","디티알오토모티브","3730","3344","-386","279121100","251262700","-27858400"
"094800","맵스리얼티1","6407","625","-5782","30963550","3004525","-27959025"
"272550","삼양패키징","1618","352","-1266","35811050","7753500","-28057550"
"013520","화승코퍼레이션","19928","3703","-16225","35019515","6517550","-28501965"
"004255","NPC우","11869","7298","-4571","73822020","45170830","-28651190"
"37550K","DL이앤씨우","958","107","-851","32972250","3645950","-29326300"
"000540","흥국화재","8501","764","-7737","32408870","2864880","-29543990"
"003220","대원제약","26373","24667","-1706","446979700","417310500","-29669200"
"035150","백산","23547","21024","-2523","281699600","251562150","-30137450"
"002270","롯데푸드","120","26","-94","38624500","8344500","-30280000"
"010040","한국내화","16134","8094","-8040","61191850","30715455","-30476395"
"011230","삼화전자","10431","1816","-8615","36865510","6384620","-30480890"
"002420","세기상사","3579","612","-2967","37055850","6357550","-30698300"
"004970","신라교역","2560","84","-2476","31944600","1041750","-30902850"
"350520","이지스레지던스리츠","5372","0","-5372","31093620","0","-31093620"
"119650","KC코트렐","17062","11457","-5605","93421010","61986830","-31434180"
"120115","코오롱인더우","1106","67","-1039","33795600","2039550","-31756050"
"136490","선진","12737","10389","-2348","167547350","135428500","-32118850"
"006220","제주은행","5753","498","-5255","35339180","3049620","-32289560"
"070960","용평리조트","8900","2165","-6735","43723655","10634800","-33088855"
"004710","한솔테크닉스","7428","2250","-5178","47808970","14488210","-33320760"
"004920","씨아이테크","35142","4998","-30144","39594510","5648795","-33945715"
"006200","한국전자홀딩스","38604","18380","-20224","66307555","31616035","-34691520"
"091810","티웨이항공","44602","32123","-12479","122418345","87716820","-34701525"
"016385","KG스틸우","84","0","-84","35280000","0","-35280000"
"019680","대교","11286","1658","-9628","41567485","6076250","-35491235"
"001770","SHD","3652","2381","-1271","103595000","67880700","-35714300"
"024720","한국콜마홀딩스","4268","2557","-1711","89086550","53245050","-35841500"
"004985","성신양회우","3247","1299","-1948","59814150","23756850","-36057300"
"234080","JW생명과학","3286","646","-2640","45539250","8958200","-36581050"
"008730","율촌화학","1854","249","-1605","42430850","5671900","-36758950"
"014790","한라","8961","1860","-7101","46451510","9664150","-36787360"
"025750","한솔홈데코","60624","38485","-22139","101021280","64181065","-36840215"
"077970","STX엔진","7184","4573","-2611","98977650","62105500","-36872150"
"120030","조선선재","329","0","-329","36929000","0","-36929000"
"009580","무림P&P","188531","179805","-8726","923214370","884414835","-38799535"
"016580","환인제약","2930","638","-2292","50143950","10916900","-39227050"
"372910","한컴라이프케어","15821","9605","-6216","98930940","59090370","-39840570"
"004540","깨끗한나라","98720","91378","-7342","463577660","422990515","-40587145"
"001570","금양","14481","5339","-9142","64774180","23859335","-40914845"
"015360","예스코홀딩스","1152","33","-1119","42514200","1214150","-41300050"
"092200","디아이씨","17231","8979","-8252","86074055","44584755","-41489300"
"35320K","대덕전자1우","2925","101","-2824","43348100","1494750","-41853350"
"014910","성문전자","19359","1110","-18249","44496105","2557490","-41938615"
"071970","STX중공업","11375","2902","-8473","56591565","14359155","-42232410"
"007700","F&F홀딩스","7590","5789","-1801","177433900","135125050","-42308850"
"011150","CJ씨푸드","27847","16933","-10914","109027995","66170805","-42857190"
"001750","한양증권","5397","2120","-3277","70602400","27684650","-42917750"
"004060","SG세계물산","164118","102348","-61770","114220893","71027028","-43193865"
"377190","디앤디플랫폼리츠","10436","2325","-8111","55689840","12415500","-43274340"
"001720","신영증권","856","85","-771","48691200","4854400","-43836800"
"084695","대상홀딩스우","6283","2870","-3413","81934850","37497400","-44437450"
"009180","한솔로지스틱스","564952","556207","-8745","2334646990","2288504125","-46142865"
"000815","삼성화재우","441","154","-287","71046500","24875000","-46171500"
"009440","KC그린홀딩스","27073","16647","-10426","121676140","74766245","-46909895"
"145270","케이탑리츠","57705","23895","-33810","80905865","33595085","-47310780"
"088260","이리츠코크렙","14263","7090","-7173","94345240","46967510","-47377730"
"013870","지엠비코리아","17576","9071","-8505","99122780","51353650","-47769130"
"051630","진양화학","10976","969","-10007","52472570","4587960","-47884610"
"091090","세원이앤씨","56324","5530","-50794","53145873","5217940","-47927933"
"003160","디아이","29914","24106","-5808","247120560","198828330","-48292230"
"264900","크라운제과","16015","11516","-4499","173106900","124690850","-48416050"
"001940","KISCO홀딩스","6472","3604","-2868","111444000","62171750","-49272250"
"322000","현대에너지솔루션","5008","2860","-2148","115185250","65429500","-49755750"
"025890","한국주강","15650","2070","-13580","57480915","7698890","-49782025"
"102260","동성케미컬","11791","1000","-10791","55282490","4695610","-50586880"
"001340","백광산업","50200","41058","-9142","266150640","215513640","-50637000"
"267290","경동도시가스","9839","7762","-2077","249566300","197905850","-51660450"
"229640","LS전선아시아","12551","5961","-6590","99909940","47253720","-52656220"
"008420","문배철강","61777","51233","-10544","301955810","248580505","-53375305"
"000070","삼양홀딩스","3165","2497","-668","256816600","202938500","-53878100"
"074610","이엔플러스","109710","95926","-13784","435479010","381195370","-54283640"
"011810","STX","16136","3024","-13112","66796185","12366700","-54429485"
"082640","동양생명","15628","6985","-8643","99218020","44302520","-54915500"
"004560","현대비앤지스틸","19744","16314","-3430","321697750","265988650","-55709100"
"010100","한국프랜지","22871","4176","-18695","69641605","12679470","-56962135"
"011300","성안","137398","38989","-98409","79539097","22566828","-56972269"
"002030","아세아","514","128","-386","75870000","18572500","-57297500"
"004100","태양금속","81611","39544","-42067","112598765","54504615","-58094150"
"036580","팜스코","58999","50027","-8972","388201140","329788010","-58413130"
"003560","IHQ","62570","6991","-55579","66158335","7382550","-58775785"
"334890","이지스밸류리츠","14155","4031","-10124","83652480","23735680","-59916800"
"015020","이스타코","79298","47525","-31773","148622900","88648420","-59974480"
"003070","코오롱글로벌","3951","882","-3069","78549650","17547950","-61001700"
"26490K","크라운제과우","5192","941","-4251","75496250","13690500","-61805750"
"001500","현대차증권","6577","662","-5915","69049400","6948450","-62100950"
"000180","성창기업지주","62130","39630","-22500","172818655","110531855","-62286800"
"102460","이연제약","4356","1888","-2468","110262650","47704700","-62557950"
"058430","포스코스틸리온","2820","1477","-1343","131767100","69107100","-62660000"
"024090","디씨엠","3599","1267","-2332","96749100","33696000","-63053100"
"014710","사조씨푸드","41080","30804","-10276","251268380","188104100","-63164280"
"281820","케이씨텍","5342","2194","-3148","108229850","44483850","-63746000"
"030000","제일기획","111079","108486","-2593","2795454300","2731192650","-64261650"
"009320","대우부품","34165","4485","-29680","74896345","9826005","-65070340"
"095570","AJ네트웍스","11195","641","-10554","69531230","3962370","-65568860"
"017040","광명전기","65768","41927","-23841","180508000","114810500","-65697500"
"071055","한국금융지주우","1211","178","-1033","77683800","11438600","-66245200"
"005740","크라운해태홀딩스","8453","1566","-6887","81831910","15033660","-66798250"
"014440","영보화학","27448","12819","-14629","126156515","59030015","-67126500"
"004150","한솔홀딩스","23191","2987","-20204","78468920","10094320","-68374600"
"003610","방림","46116","26616","-19500","163894525","95135630","-68758895"
"011420","갤럭시아에스엠","60927","29063","-31864","131769990","62993535","-68776455"
"007980","태평양물산","35768","6678","-29090","85227920","15930620","-69297300"
"001140","국보","274434","223053","-51381","361762565","292086780","-69675785"
"003090","대웅","15788","13256","-2532","435708150","365959900","-69748250"
"008250","이건산업","10340","4125","-6215","118300650","47250250","-71050400"
"155660","DSR","16488","4978","-11510","101948670","30813610","-71135060"
"004910","조광페인트","9634","578","-9056","77459890","4659350","-72800540"
"006340","대원전선","242623","204603","-38020","465007960","391439660","-73568300"
"363280","티와이홀딩스","4229","1192","-3037","102586000","28693350","-73892650"
"006980","우성","8632","6264","-2368","271322450","196999400","-74323050"
"000300","대유플러스","128665","63093","-65572","146037760","71578075","-74459685"
"005960","동부건설","7303","1469","-5834","93133450","18572050","-74561400"
"009310","참엔지니어링","66252","4732","-61520","80615615","5758700","-74856915"
"003200","일신방직","836","202","-634","99161000","23986500","-75174500"
"002070","비비안","78417","48536","-29881","198169090","122081845","-76087245"
"396690","미래에셋글로벌리츠","14481","2021","-12460","89057470","12361860","-76695610"
"100250","진양홀딩스","27504","5129","-22375","94262000","17538605","-76723395"
"009410","태영건설","17523","9184","-8339","162212030","84995440","-77216590"
"002990","금호건설","15195","7262","-7933","150890430","72328200","-78562230"
"375500","DL이앤씨","46176","44872","-1304","2408117700","2329326100","-78791600"
"055490","테이팩스","2568","1600","-968","208007700","129056100","-78951600"
"021050","서원","51708","9800","-41908","97470790","18500660","-78970130"
"214420","토니모리","102795","89879","-12916","604925580","525335980","-79589600"
"115390","락앤락","8538","225","-8313","84254800","2217340","-82037460"
"008490","서흥","3362","1122","-2240","123282950","40965400","-82317550"
"017900","광전자","31953","366","-31587","84254285","965790","-83288495"
"244920","에이플러스에셋","15231","2579","-12652","101871780","17330640","-84541140"
"097230","HJ중공업","11286","315","-10971","87434340","2452690","-84981650"
"005750","대림B&Co","12915","1725","-11190","98219650","13033320","-85186330"
"005945","NH투자증권우","8610","280","-8330","88902900","2884200","-86018700"
"089470","HDC현대EP","22071","3435","-18636","103099760","16118125","-86981635"
"090435","아모레퍼시픽우","1337","121","-1216","97775400","8847700","-88927700"
"003570","SNT중공업","11225","1276","-9949","100476520","11416960","-89059560"
"002790","아모레G","34451","32457","-1994","1589791950","1500714500","-89077450"
"163560","동일고무벨트","15036","3739","-11297","122412270","30372980","-92039290"
"009810","플레이그램","149409","92666","-56743","245536880","152729875","-92807005"
"016610","DB금융투자","15494","387","-15107","95572210","2388870","-93183340"
"004890","동일산업","614","60","-554","103599500","9990000","-93609500"
"007280","한국특강","36168","2894","-33274","102981900","8251885","-94730015"
"012030","DB","152777","55371","-97406","150974632","54499278","-96475354"
"026890","스틱인베스트먼트","27069","16657","-10412","255744470","157593910","-98150560"
"004830","덕성","69676","57260","-12416","542944070","444142200","-98801870"
"005430","한국공항","2291","207","-2084","108742100","9840650","-98901450"
"001800","오리온홀딩스","15885","8783","-7102","222391200","123056150","-99335050"
"214320","이노션","10553","8658","-1895","538009300","437693550","-100315750"
"009190","대양금속","155549","136210","-19339","740802675","638828020","-101974655"
"010050","우리종금","132846","11371","-121475","113486891","9718515","-103768376"
"001740","SK네트웍스","117372","94990","-22382","552027815","446926725","-105101090"
"005090","SGC에너지","10641","8395","-2246","520550700","411004950","-109545750"
"003470","유안타증권","39351","6209","-33142","131696880","20836555","-110860325"
"093050","LF","18525","12793","-5732","361806250","250468150","-111338100"
"002100","경농","11416","2905","-8511","149503700","38045900","-111457800"
"002320","한진","5104","1611","-3493","162782550","51303700","-111478850"
"005180","빙그레","5311","3142","-2169","280807800","166204500","-114603300"
"002960","한국쉘석유","512","55","-457","128561500","13831500","-114730000"
"111110","호전실업","24019","12944","-11075","248183650","132976050","-115207600"
"005810","풍산홀딩스","4069","46","-4023","118656250","1340250","-117316000"
"005300","롯데칠성","11041","10398","-643","2032737000","1913733000","-119004000"
"133820","화인베스틸","73544","35914","-37630","230771095","111146990","-119624105"
"004960","한신공영","10797","3554","-7243","179893700","59544050","-120349650"
"001520","동양","136652","54062","-82590","200505510","79324235","-121181275"
"097955","CJ제일제당 우","770","102","-668","140100500","18538000","-121562500"
"016710","대성홀딩스","6807","4723","-2084","400168900","278416300","-121752600"
"001060","JW중외제약","31115","26693","-4422","815910150","693109750","-122800400"
"008700","아남전자","109366","57154","-52212","257985580","134896390","-123089190"
"014580","태경비케이","35224","8257","-26967","164481960","38520235","-125961725"
"192650","드림텍","16832","4318","-12514","170451400","43632750","-126818650"
"000240","한국앤컴퍼니","17040","7463","-9577","229896750","100716200","-129180550"
"170900","동아에스티","4166","2199","-1967","274471500","145145300","-129326200"
"007160","사조산업","3229","618","-2611","161040200","30920900","-130119300"
"123890","한국자산신탁","36936","3362","-33574","144958355","13167990","-131790365"
"192400","쿠쿠홀딩스","8269","751","-7518","146905900","13326850","-133579050"
"007460","에이프로젠 MED","149249","61126","-88123","228060195","93488160","-134572035"
"031440","신세계푸드","2789","787","-2002","192601200","54474700","-138126500"
"006380","카프로","50485","19042","-31443","221985085","83403995","-138581090"
"005500","삼진제약","5853","210","-5643","143798000","5154350","-138643650"
"057050","현대홈쇼핑","8080","5664","-2416","466782100","327133700","-139648400"
"092780","동양피스톤","85600","64983","-20617","556112740","416142660","-139970080"
"018250","애경산업","11469","3592","-7877","205112250","64361700","-140750550"
"030610","교보증권","19131","121","-19010","141962760","897580","-141065180"
"011930","신성이엔지","98491","22988","-75503","184466710","43084690","-141382020"
"010640","진양폴리","34093","7751","-26342","183406970","41200440","-142206530"
"019180","티에이치엔","40030","6496","-33534","170892165","27718730","-143173435"
"033180","KH 필룩스","239289","170789","-68500","502768130","358788105","-143980025"
"060980","한라홀딩스","5862","2240","-3622","236649100","90469750","-146179350"
"025820","이구산업","76823","39570","-37253","306302395","157021565","-149280830"
"077500","유니퀘스트","18824","5326","-13498","208551150","59077450","-149473700"
"003240","태광산업","193","40","-153","190394000","39478000","-150916000"
"006040","동원산업","823","183","-640","194581500","43216000","-151365500"
"248070","솔루엠","16087","9740","-6347","384542250","232606100","-151936150"
"044450","KSS해운","25992","12741","-13251","298802800","146096200","-152706600"
"014820","동원시스템즈","4174","1437","-2737","233755500","80480700","-153274800"
"084010","대한제강","13035","5361","-7674","264047150","108485400","-155561750"
"000890","보해양조","196957","17750","-179207","176372109","15916313","-160455796"
"006060","화승인더","41657","11732","-29925","226553150","64259550","-162293600"
"001630","종근당홀딩스","2874","382","-2492","187638300","24931100","-162707200"
"053210","스카이라이프","20200","2461","-17739","186260580","22723430","-163537150"
"053690","한미글로벌","21420","8240","-13180","265871800","101964300","-163907500"
"049770","동원F&B","1177","197","-980","197031500","32807000","-164224500"
"010060","OCI","40839","39676","-1163","4339031000","4173706500","-165324500"
"003540","대신증권","22634","12187","-10447","366865800","197789050","-169076750"
"130660","한전산업","22510","9884","-12626","299865150","129916650","-169948500"
"058730","다스코","264377","239029","-25348","1685863650","1514504510","-171359140"
"161000","애경케미칼","20774","3074","-17700","204503450","30305920","-174197530"
"001200","유진투자증권","63129","8684","-54445","203399640","28012460","-175387180"
"009900","명신산업","29595","21212","-8383","622666500","445927300","-176739200"
"009970","영원무역홀딩스","7035","3405","-3630","347704850","168414200","-179290650"
"012280","영화금속","193834","70684","-123150","283013275","103497935","-179515340"
"020150","일진머티리얼즈","93254","91206","-2048","7617826300","7435481400","-182344900"
"357120","코람코에너지리츠","72954","45281","-27673","480541910","297589400","-182952510"
"383800","LX홀딩스","27178","8452","-18726","268213660","83509620","-184704040"
"010955","S-Oil우","4194","1235","-2959","261466000","76286900","-185179100"
"108670","LX하우시스","15109","11527","-3582","787663000","600663400","-186999600"
"023350","한국종합기술","431855","406705","-25150","3793500650","3605536960","-187963690"
"016880","웅진","901013","815844","-85169","1920393300","1729967565","-190425735"
"013580","계룡건설","8213","2613","-5600","282530900","89796000","-192734900"
"395400","SK리츠","56355","27815","-28540","381454430","188147680","-193306750"
"013890","지누스","8542","5478","-3064","542320500","346549500","-195771000"
"089590","제주항공","24548","15133","-9415","512781150","316013700","-196767450"
"002350","넥센타이어","86611","55049","-31562","542033520","344449700","-197583820"
"005385","현대차우","8446","6291","-2155","775045000","577430000","-197615000"
"007660","이수페타시스","197148","170692","-26456","1417549190","1219095330","-198453860"
"012610","경인양행","62320","33923","-28397","435538890","236876450","-198662440"
"036420","콘텐트리중앙","13526","9285","-4241","634471450","435134550","-199336900"
"00680K","미래에셋증권2우B","52639","4791","-47848","228518480","20824625","-207693855"
"126560","현대퓨처넷","88642","23928","-64714","286575600","77540110","-209035490"
"001680","대상","37208","28182","-9026","889793450","674492400","-215301050"
"192820","코스맥스","15968","13198","-2770","1257553600","1040349600","-217204000"
"007810","코리아써키트","32867","25259","-7608","962979500","741980650","-220998850"
"213500","한솔제지","21154","4906","-16248","289874550","67276800","-222597750"
"030210","다올투자증권","68694","17972","-50722","307940950","80735830","-227205120"
"027410","BGF","53119","9883","-43236","284713250","52969280","-231743970"
"002710","TCC스틸","67605","47553","-20052","797810000","562437950","-235372050"
"003280","흥아해운","378390","299507","-78883","1091683835","854740735","-236943100"
"081660","휠라홀딩스","94361","86455","-7906","2867271200","2628845950","-238425250"
"100840","SNT에너지","26086","13728","-12358","511610350","268704850","-242905500"
"069640","한세엠케이","64777","4859","-59918","263994625","19891365","-244103260"
"023150","MH에탄올","34984","11958","-23026","370570050","126232000","-244338050"
"005030","부산주공","500949","190810","-310139","403453616","154692623","-248760993"
"005680","삼영전자","22252","944","-21308","260311750","11042700","-249269050"
"013570","디와이","52483","21894","-30589","440435750","183371260","-257064490"
"280360","롯데제과","2982","756","-2226","350264000","88763500","-261500500"
"128820","대성산업","101684","48490","-53194","500843475","239178465","-261665010"
"026940","부국철강","93438","39287","-54151","458781420","193433040","-265348380"
"001530","DI동일","14151","2721","-11430","337833400","64727100","-273106300"
"194370","제이에스코퍼레이션","15910","2708","-13202","332028700","55983200","-276045500"
"003780","진양산업","58215","23761","-34454","466525880","189248340","-277277540"
"002310","아세아제지","7421","978","-6443","319542250","42130750","-277411500"
"003545","대신증권우","20421","1738","-18683","303528650","25899500","-277629150"
"041650","상신브레이크","196899","137356","-59543","871283625","591997885","-279285740"
"012630","HDC","44801","4941","-39860","318559870","35222530","-283337340"
"298040","효성중공업","5807","1110","-4697","353226600","67498400","-285728200"
"069730","DSR제강","66951","18335","-48616","394276090","108250200","-286025890"
"084690","대상홀딩스","34426","5471","-28955","343204720","54739640","-288465080"
"006280","녹십자","8885","7238","-1647","1577217000","1286908000","-290309000"
"029780","삼성카드","33065","24192","-8873","1088295250","796397300","-291897950"
"293940","신한알파리츠","60359","22430","-37929","465313060","173071900","-292241160"
"030790","비케이탑스","1875090","1701332","-173758","2877958345","2585216665","-292741680"
"003920","남양유업","877","110","-767","341156000","43006500","-298149500"
"097520","엠씨넥스","18302","10867","-7435","733849100","434034000","-299815100"
"023590","다우기술","20176","5099","-15077","404694200","102848350","-301845850"
"011760","현대코퍼레이션","46293","30054","-16239","878216250","572605000","-305611250"
"002700","신일전자","210167","74822","-135345","480787600","171209540","-309578060"
"008260","NI스틸","86345","24577","-61768","433677155","122738025","-310939130"
"009290","광동제약","47357","1914","-45443","324578510","13132130","-311446380"
"017390","서울가스","2431","741","-1690","447922000","136294000","-311628000"
"028100","동아지질","19110","2701","-16409","364653650","51481300","-313172350"
"006880","신송홀딩스","98855","70664","-28191","1065022400","749396700","-315625700"
"005010","휴스틸","43825","30395","-13430","1035282250","707103500","-328178750"
"004140","동방","257379","158865","-98514","852430060","522545250","-329884810"
"002360","SH에너지화학","313176","56182","-256994","405783295","73255860","-332527435"
"001470","삼부토건","471161","344353","-126808","1209147125","876482450","-332664675"
"014280","금강공업","41371","2104","-39267","373725300","19074280","-354651020"
"344820","KCC글라스","11027","4888","-6139","638534800","282941600","-355593200"
"272450","진에어","32705","12065","-20640","572598500","209969400","-362629100"
"226320","잇츠한불","49402","33469","-15933","1110864800","748203150","-362661650"
"079980","휴비스","68327","21704","-46623","533692750","169416740","-364276010"
"103590","일진전기","69903","2651","-67252","392651130","14797050","-377854080"
"064960","SNT모티브","19653","11050","-8603","873883350","491525000","-382358350"
"007210","벽산","124012","15990","-108022","441874535","56681730","-385192805"
"005440","현대그린푸드","54367","9036","-45331","471338200","78387520","-392950680"
"104700","한국철강","53581","7530","-46051","461689220","64881700","-396807520"
"006120","SK디스커버리","17849","7504","-10345","701794800","294982150","-406812650"
"000670","영풍","673","40","-633","433988000","25724000","-408264000"
"001020","페이퍼코리아","502188","320986","-181202","1149097130","727252470","-421844660"
"008770","호텔신라","113982","107860","-6122","8706219700","8275065200","-431154500"
"003690","코리안리","51243","5519","-45724","483339750","52011820","-431327930"
"003960","사조대림","16455","2074","-14381","500853500","62758550","-438094950"
"032560","황금에스티","65449","15648","-49801","593946140","143042710","-450903430"
"138490","코오롱플라스틱","242891","214176","-28715","3504675550","3048360400","-456315150"
"051915","LG화학우","8390","6547","-1843","2117864000","1654025000","-463839000"
"004980","성신양회","53905","16636","-37269","677541600","208829800","-468711800"
"003010","혜인","147509","76582","-70927","978314450","507651920","-470662530"
"034310","NICE","29402","459","-28943","485987950","7642800","-478345150"
"002220","한일철강","145999","61759","-84240","834931080","356555130","-478375950"
"365550","ESR켄달스퀘어리츠","127987","52069","-75918","857125340","347958390","-509166950"
"093240","형지엘리트","252307","24637","-227670","564816895","54525345","-510291550"
"088980","맥쿼리인프라","56864","20022","-36842","793154700","279333400","-513821300"
"207940","삼성바이오로직스","13562","12892","-670","10761718000","10233587000","-528131000"
"000210","DL","22469","13887","-8582","1405801700","870593100","-535208600"
"075580","세진중공업","94376","14969","-79407","638268170","100819990","-537448180"
"005610","SPC삼립","8070","1684","-6386","683526700","143860600","-539666100"
"004430","송원산업","95629","73508","-22121","2361069300","1816370300","-544699000"
"006740","영풍제지","638512","593378","-45134","9392456200","8842860050","-549596150"
"021240","코웨이","97309","89423","-7886","6879875100","6319355700","-560519400"
"114090","GKL","73136","33257","-39879","1027936700","466706000","-561230700"
"348950","제이알글로벌리츠","126844","27704","-99140","719894550","156659270","-563235280"
"004370","농심","6634","4767","-1867","2002420000","1438703500","-563716500"
"001430","세아베스틸지주","47736","13960","-33776","807270500","235794450","-571476050"
"096770","SK이노베이션","58875","56002","-2873","11784436500","11212070000","-572366500"
"013360","일성건설","186429","60308","-126121","852987975","271775665","-581212310"
"034830","한국토지신탁","327391","46412","-280979","685654530","97878555","-587775975"
"025540","한국단자","11198","1570","-9628","699662100","98112400","-601549700"
"002410","범양건영","123310","17862","-105448","710410380","103006240","-607404140"
"066575","LG전자우","11262","315","-10947","627660100","17562200","-610097900"
"017800","현대엘리베이","28183","10408","-17775","969873350","358230750","-611642600"
"103140","풍산","31803","10822","-20981","937685550","318462150","-619223400"
"009830","한화솔루션","137248","116335","-20913","4240683350","3596297700","-644385650"
"090430","아모레퍼시픽","122975","118802","-4173","20985973500","20336667000","-649306500"
"178920","PI첨단소재","42650","28102","-14548","1904845350","1255094100","-649751250"
"013000","세우글로벌","761115","518217","-242898","1979384830","1323433760","-655951070"
"064350","현대로템","107286","71325","-35961","1970470250","1311871650","-658598600"
"020560","아시아나항공","72080","36754","-35326","1372536100","700660450","-671875650"
"298000","효성화학","3769","454","-3315","771311000","93676000","-677635000"
"005420","코스모화학","55827","13627","-42200","897165500","217995500","-679170000"
"000880","한화","51465","26917","-24548","1460219750","763021100","-697198650"
"068270","셀트리온","74970","70522","-4448","12166010000","11441542500","-724467500"
"003530","한화투자증권","255118","80644","-174474","1079094445","340015945","-739078500"
"185750","종근당","9962","1746","-8216","918350200","160891500","-757458700"
"004490","세방전지","20507","9488","-11019","1411063200","650343600","-760719600"
"012510","더존비즈온","76316","56395","-19921","3009174800","2225508900","-783665900"
"082740","HSD엔진","97416","17135","-80281","968350190","170153390","-798196800"
"009540","한국조선해양","47012","37626","-9386","4057873600","3247738200","-810135400"
"002690","동일제강","327955","145333","-182622","1467139815","647430240","-819709575"
"004800","효성","14353","4203","-10150","1163924600","341161800","-822762800"
"002240","고려제강","59947","27836","-32111","1560253500","735921150","-824332350"
"111770","영원무역","29568","11226","-18342","1338475000","508102850","-830372150"
"051600","한전KPS","56783","34670","-22113","2141774700","1300983850","-840790850"
"005870","휴니드","168857","83334","-85523","1810170100","888004500","-922165600"
"042700","한미반도체","134816","70637","-64179","1954109800","1020995850","-933113950"
"210540","디와이파워","83974","19195","-64779","1323871250","300781450","-1023089800"
"017550","수산중공업","741668","473347","-268321","2844279240","1807626870","-1036652370"
"069260","TKG휴켐스","54417","7245","-47172","1197303250","159319150","-1037984100"
"000370","한화손해보험","309370","91736","-217634","1475718830","437574680","-1038144150"
"079160","CJ CGV","60588","20709","-39879","1586582500","546469900","-1040112600"
"204320","만도","123282","103621","-19661","6605749700","5542737400","-1063012300"
"028050","삼성엔지니어링","355874","315308","-40566","9240835450","8148856950","-1091978500"
"015230","대창단조","282705","89419","-193286","1602097990","506676750","-1095421240"
"003580","HLB글로벌","233246","70537","-162709","1569191490","473711270","-1095480220"
"010120","LS ELECTRIC","34118","11648","-22470","1709624550","583084900","-1126539650"
"002460","화성산업","51061","2691","-48370","1194697750","63099800","-1131597950"
"128940","한미약품","7044","3190","-3854","2069998000","936424000","-1133574000"
"004990","롯데지주","46334","10847","-35487","1531889250","358540300","-1173348950"
"004000","롯데정밀화학","38831","23879","-14952","3047786900","1872801400","-1174985500"
"033240","자화전자","57598","18693","-38905","1746550750","565304400","-1181246350"
"192080","더블유게임즈","42440","16247","-26193","1917928650","736021500","-1181907150"
"017960","한국카본","171767","84523","-87244","2334488400","1137546400","-1196942000"
"120110","코오롱인더","55157","36186","-18971","3547849100","2323987900","-1223861200"
"005950","이수화학","87344","7040","-80304","1349758200","108669700","-1241088500"
"249420","일동제약","84369","59285","-25084","4113584800","2854878900","-1258705900"
"014830","유니드","18462","7600","-10862","2148374000","883869500","-1264504500"
"105630","한세실업","94483","44432","-50051","2390029550","1124821400","-1265208150"
"145720","덴티움","51096","32035","-19061","3504913600","2196611400","-1308302200"
"010130","고려아연","18335","15900","-2435","9905878000","8588445000","-1317433000"
"016380","KG스틸","789090","731083","-58007","16664753550","15336649850","-1328103700"
"272210","한화시스템","115164","28172","-86992","1772527300","433839850","-1338687450"
"016360","삼성증권","97996","62461","-35535","3694240900","2355519500","-1338721400"
"008560","메리츠증권","772462","542959","-229503","4641232910","3245342070","-1395890840"
"336370","솔루스첨단소재","39241","17210","-22031","2524804500","1107021200","-1417783300"
"071090","하이스틸","453445","227083","-226362","2823503710","1401542080","-1421961630"
"003410","쌍용C&E","243109","61750","-181359","1907012980","484060690","-1422952290"
"000080","하이트진로","106907","64908","-41999","3798570000","2303075300","-1495494700"
"004250","NPC","184888","40559","-144329","1921201900","419789550","-1501412350"
"002780","진흥기업","840020","194154","-645866","1950123555","447921225","-1502202330"
"005387","현대차2우B","23005","6191","-16814","2135254000","574167300","-1561086700"
"005940","NH투자증권","252332","97213","-155119","2565598150","990215150","-1575383000"
"267260","현대일렉트릭","80641","14416","-66225","1959737300","353084350","-1606652950"
"005850","에스엘","129374","69696","-59678","3539075300","1901655450","-1637419850"
"007070","GS리테일","127304","64150","-63154","3305522900","1662719650","-1642803250"
"011790","SKC","48306","37009","-11297","7097015000","5444638500","-1652376500"
"018260","삼성에스디에스","47083","34859","-12224","6719227000","4977528500","-1741698500"
"002380","KCC","11539","6399","-5140","3931428500","2172125000","-1759303500"
"006800","미래에셋증권","406404","178931","-227473","3160343350","1395005080","-1765338270"
"298050","효성첨단소재","5270","1257","-4013","2478972500","590937000","-1888035500"
"267270","현대건설기계","78664","30647","-48017","3107109450","1205541650","-1901567800"
"000810","삼성화재","46082","36308","-9774","9026003500","7117691500","-1908312000"
"117580","대성에너지","473625","340005","-133620","6913233950","4997354800","-1915879150"
"003550","LG","104975","76906","-28069","7425493400","5437643100","-1987850300"
"011700","한신기계","528295","367172","-161123","6453436900","4404629450","-2048807450"
"294870","HDC현대산업개발","196590","31432","-165158","2758210650","440190850","-2318019800"
"047040","대우건설","855692","484266","-371426","5344335650","3024890380","-2319445270"
"039490","키움증권","53131","25041","-28090","4574617000","2155006600","-2419610400"
"006260","LS","59102","17561","-41541","3494901300","1034031400","-2460869900"
"032640","LG유플러스","510858","328147","-182711","7108496950","4565991100","-2542505850"
"298020","효성티앤씨","11620","4771","-6849","4387523000","1808032000","-2579491000"
"139480","이마트","62216","41325","-20891","7881727500","5232197000","-2649530500"
"139130","DGB금융지주","441398","129385","-312013","3836360770","1127097100","-2709263670"
"031430","신세계인터내셔날","250245","164077","-86168","8459874950","5516726850","-2943148100"
"071050","한국금융지주","97399","52998","-44401","6600657100","3597682400","-3002974700"
"042660","대우조선해양","148330","20949","-127381","3500435800","494778300","-3005657500"
"033780","KT&G","146208","107860","-38348","11994109700","8853920700","-3140189000"
"003670","포스코케미칼","88010","62604","-25406","10932322000","7752926000","-3179396000"
"267250","HD현대","91384","35695","-55689","5330052300","2080179400","-3249872900"
"079550","LIG넥스원","118976","76372","-42604","9503879500","6017213600","-3486665900"
"004020","현대제철","137826","45639","-92187","5585527750","1851023400","-3734504350"
"042670","현대두산인프라코어","680147","90697","-589450","4386296980","588578050","-3797718930"
"352820","하이브","63796","45916","-17880","14604518500","10477409500","-4127109000"
"003230","삼양식품","87277","41772","-45505","8176014700","3904535600","-4271479100"
"012330","현대모비스","140097","118360","-21737","27713564000","23418236000","-4295328000"
"030200","KT","347503","223416","-124087","12350645700","7949918350","-4400727350"
"097950","CJ제일제당","36567","25123","-11444","14756632000","10138849500","-4617782500"
"028260","삼성물산","93050","51320","-41730","10360726000","5718054000","-4642672000"
"377300","카카오페이","128103","73453","-54650","11640192400","6693509300","-4946683100"
"014680","한솔케미칼","38728","17487","-21241","9088099000","4099791500","-4988307500"
"105560","KB금융","571033","482152","-88881","32509045400","27515604800","-4993440600"
"195870","해성디에스","108287","34790","-73497","7422717300","2372864800","-5049852500"
"010620","현대미포조선","113640","42615","-71025","8927242100","3355392300","-5571849800"
"009150","삼성전기","99099","63441","-35658","15789622500","10123511500","-5666111000"
"034220","LG디스플레이","905055","569725","-335330","15319674400","9641274950","-5678399450"
"010140","삼성중공업","1256887","232858","-1024029","7050406460","1304501610","-5745904850"
"015760","한국전력","411496","115960","-295536","9139223100","2574791200","-6564431900"
"138930","BNK금융지주","984275","112467","-871808","7476359350","855491990","-6620867360"
"034730","SK","58674","31136","-27538","14212865500","7550992500","-6661873000"
"001440","대한전선","9304563","6057162","-3247401","19225138740","12442266600","-6782872140"
"055550","신한지주","631071","459551","-171520","25529737550","18600375600","-6929361950"
"259960","크래프톤","76048","48231","-27817","19024376000","12084977000","-6939399000"
"024110","기업은행","831084","156739","-674345","9103009250","1716247950","-7386761300"
"012450","한화에어로스페이스","189125","49735","-139390","10098204500","2645092000","-7453112500"
"161390","한국타이어앤테크놀로지","411589","175520","-236069","13609210100","5794663400","-7814546700"
"323410","카카오뱅크","573935","361834","-212101","22966063700","14489889850","-8476173850"
"373220","LG에너지솔루션","93692","70531","-23161","36945788000","27834260500","-9111527500"
"112610","씨에스윈드","364474","153543","-210931","17731280100","7439586250","-10291693850"
"034020","두산에너빌리티","905866","362139","-543727","18316924350","7355052500","-10961871850"
"005490","POSCO홀딩스","92087","42372","-49715","25279599000","11643695500","-13635903500"
"000660","SK하이닉스","992176","853863","-138313","109880000000","94538101500","-15341898500"
"086790","하나금융지주","651045","296340","-354705","29086737700","13238441500","-15848296200"
"005930","삼성전자","2588284","2323003","-265281","170325901900","152926999100","-17398902800"
"011070","LG이노텍","79462","26713","-52749","26909652500","9046488000","-17863164500"
"005935","삼성전자우","707256","316626","-390630","41330026100","18504409900","-22825616200"
"066570","LG전자","405152","186397","-218755","44280335500","20336649500","-23943686000"
"006400","삼성SDI","158686","74686","-84000","92310296000","43509132000","-48801164000"