종목코드,종목명,거래량_매도,거래량_매수,거래량_순매수,거래대금_매도,거래대금_매수,거래대금_순매수
"035720","카카오","669213","889207","219994","55655301000","73987394800","18332093800"
"006400","삼성SDI","79294","103276","23982","46275087000","60143623000","13868536000"
"035420","NAVER","188049","233757","45708","51563654500","64155571500","12591917000"
"097950","CJ제일제당","35041","65422","30381","13864003500","26081914500","12217911000"
"090430","아모레퍼시픽","38874","109838","70964","6423064500","18186420500","11763356000"
"055550","신한지주","301644","574350","272706","12451345250","23727139050","11275793800"
"034220","LG디스플레이","312364","806261","493897","5320673950","13742995800","8422321850"
"031430","신세계인터내셔날","40376","286472","246096","1334320700","9459093700","8124773000"
"068270","셀트리온","82873","126659","43786","13419832500","20596833000","7177000500"
"005930","삼성전자","8676711","8784593","107882","569896490500","577039945000","7143454500"
"051910","LG화학","95231","109197","13966","46682128000","53585929500","6903801500"
"000270","기아","336160","411300","75140","27977222800","34305544300","6328321500"
"032640","LG유플러스","190113","619758","429645","2657991100","8701866900","6043875800"
"302440","SK바이오사이언스","15307","63182","47875","1801084000","7511947000","5710863000"
"195870","해성디에스","26256","95597","69341","1712837300","6364803000","4651965700"
"128940","한미약품","5565","20342","14777","1638389500","6014719500","4376330000"
"033780","KT&G","89300","140367","51067","7354606500","11571036300","4216429800"
"267250","HD현대","26676","89347","62671","1555672300","5251277700","3695605400"
"020000","한섬","36933","135480","98547","1382317950","5058898600","3676580650"
"323410","카카오뱅크","84428","172263","87835","3363390950","6887269300","3523878350"
"004170","신세계","19166","33653","14487","4581961000","8054618500","3472657500"
"005490","POSCO홀딩스","79053","91253","12200","21725680500","25139555000","3413874500"
"086790","하나금융지주","255463","325548","70085","11755856550","15024804200","3268947650"
"006260","LS","15308","71637","56329","859268500","4115950200","3256681700"
"267260","현대일렉트릭","18107","146636","128529","426330650","3549388750","3123058100"
"298050","효성첨단소재","1102","7509","6407","511492500","3547847000","3036354500"
"000120","CJ대한통운","11709","36226","24517","1374593000","4342281000","2967688000"
"011170","롯데케미칼","14131","29617","15486","2684144500","5637831000","2953686500"
"021240","코웨이","25361","67519","42158","1754215500","4683883000","2929667500"
"036460","한국가스공사","97154","164702","67548","4174654500","7079119200","2904464700"
"018260","삼성에스디에스","35925","55077","19152","5198853500","7983207000","2784353500"
"353200","대덕전자","54050","145628","91578","1600386700","4316635550","2716248850"
"014680","한솔케미칼","8998","20140","11142","2074517500","4692825500","2618308000"
"259960","크래프톤","16828","27461","10633","4112809500","6729216000","2616406500"
"086280","현대글로비스","23794","36353","12559","4825099000","7380942000","2555843000"
"005850","에스엘","11266","108108","96842","290580250","2836815550","2546235300"
"010620","현대미포조선","44389","76089","31700","3462939900","5981876600","2518936700"
"006280","녹십자","3696","17839","14143","642244500","3148357500","2506113000"
"120110","코오롱인더","21389","59480","38091","1374115700","3871770200","2497654500"
"011780","금호석유","13862","30143","16281","2025467500","4389307500","2363840000"
"005380","현대차","359633","371963","12330","64209738500","66460750000","2251011500"
"006800","미래에셋증권","234010","519592","285582","1825525770","4066240090","2240714320"
"000990","DB하이텍","143787","175645","31858","9253845500","11367155600","2113310100"
"011790","SKC","54867","68744","13877","8042102500","10134942000","2092839500"
"018670","SK가스","9125","26489","17364","1094500000","3175010500","2080510500"
"204320","만도","65483","104415","38932","3439784300","5501633800","2061849500"
"192820","코스맥스","24316","50841","26525","1853117900","3912505300","2059387400"
"069620","대웅제약","5600","17349","11749","941592000","2974402500","2032810500"
"008560","메리츠증권","573838","890070","316232","3598350980","5590242610","1991891630"
"012450","한화에어로스페이스","63137","99083","35946","3455341500","5443674500","1988333000"
"004430","송원산업","60112","138933","78821","1488918800","3449082600","1960163800"
"010120","LS ELECTRIC","31950","67206","35256","1575779150","3346898450","1771119300"
"272210","한화시스템","46864","161106","114242","718429000","2481304150","1762875150"
"017670","SK텔레콤","146969","176373","29404","8579490000","10290203800","1710713800"
"003550","LG","63114","86637","23523","4464848200","6152326600","1687478400"
"010060","OCI","25202","41038","15836","2641081000","4288755000","1647674000"
"326030","SK바이오팜","11028","29613","18585","940538200","2541229400","1600691200"
"271560","오리온","11597","29140","17543","1019253000","2573227400","1553974400"
"033240","자화전자","52018","100959","48941","1540650400","3043120550","1502470150"
"005940","NH투자증권","157850","302856","145006","1614788100","3106893950","1492105850"
"089590","제주항공","120927","187914","66987","2420257100","3865025000","1444767900"
"096770","SK이노베이션","80052","87075","7023","16024210000","17452158000","1427948000"
"006650","대한유화","1652","11894","10242","231067000","1657148000","1426081000"
"023530","롯데쇼핑","24733","39702","14969","2295895200","3684997900","1389102700"
"030000","제일기획","65270","119212","53942","1642267500","3010897250","1368629750"
"139480","이마트","12096","22911","10815","1496315500","2852002000","1355686500"
"004490","세방전지","8803","27495","18692","604606100","1898468100","1293862000"
"069960","현대백화점","12472","28554","16082","914187600","2106322700","1192135100"
"007810","코리아써키트","36401","77255","40854","1042104200","2228650200","1186546000"
"003670","포스코케미칼","86585","96026","9441","10794949000","11949515500","1154566500"
"003030","세아제강지주","2045","9863","7818","295113500","1425425000","1130311500"
"019170","신풍제약","15931","56443","40512","438368700","1554932050","1116563350"
"001680","대상","18832","65157","46325","452848200","1563032900","1110184700"
"214320","이노션","589","23000","22411","29050850","1138963600","1109912750"
"272450","진에어","74531","137746","63215","1282058450","2384331500","1102273050"
"267270","현대건설기계","28701","55110","26409","1168484250","2256505700","1088021450"
"000210","DL","5510","21784","16274","341354100","1363526400","1022172300"
"000370","한화손해보험","182448","383084","200636","867924705","1820326165","952401460"
"009830","한화솔루션","146755","176968","30213","4536170300","5480760900","944590600"
"000100","유한양행","49496","65398","15902","2860148400","3781718800","921570400"
"003490","대한항공","334605","365094","30489","9740729150","10640879100","900149950"
"180640","한진칼","16276","32153","15877","882636900","1759448000","876811100"
"030200","KT","290884","315025","24141","10424309700","11296070750","871761050"
"032830","삼성생명","64333","77764","13431","4042014600","4904370800","862356200"
"064960","SNT모티브","13158","30896","17738","588559700","1381495650","792935950"
"093050","LF","8139","48284","40145","156781700","926666000","769884300"
"293940","신한알파리츠","34714","133990","99276","262629860","1014384240","751754380"
"035150","백산","6647","68963","62316","79992700","826689000","746696300"
"001740","SK네트웍스","66714","222421","155707","312604845","1044079910","731475065"
"004370","농심","2604","4961","2357","780632500","1491439000","710806500"
"298040","효성중공업","6061","17768","11707","358764900","1069485900","710721000"
"145720","덴티움","18665","28815","10150","1242598900","1935084300","692485400"
"002320","한진","446","21713","21267","14144250","688726950","674582700"
"034120","SBS","13245","27029","13784","625796850","1286753000","660956150"
"175330","JB금융지주","3329","79332","76003","28120300","677121120","649000820"
"000810","삼성화재","26748","29803","3055","5283046500","5923376500","640330000"
"161390","한국타이어앤테크놀로지","78365","97443","19078","2526485250","3155142500","628657250"
"244920","에이플러스에셋","23872","118270","94398","153515730","779630240","626114510"
"010690","화신","1314","74174","72860","11272610","635863050","624590440"
"105630","한세실업","72592","97041","24449","1823497700","2441234250","617736550"
"042670","현대두산인프라코어","108570","200736","92166","703411190","1307775910","604364720"
"348950","제이알글로벌리츠","47522","146583","99061","268814320","830840120","562025800"
"001530","DI동일","97","23101","23004","2286450","537339500","535053050"
"001430","세아베스틸지주","880","32526","31646","14857700","549509100","534651400"
"005385","현대차우","1035","6891","5856","94690400","626239900","531549500"
"057050","현대홈쇼핑","3274","12531","9257","186080900","713744400","527663500"
"383800","LX홀딩스","36","51558","51522","354650","507399020","507044370"
"001800","오리온홀딩스","5797","39425","33628","80468450","549590900","469122450"
"365550","ESR켄달스퀘어리츠","68782","135542","66760","457338670","901327040","443988370"
"079160","CJ CGV","43013","58826","15813","1128902350","1548485400","419583050"
"081660","휠라홀딩스","59361","72883","13522","1782972600","2192323300","409350700"
"009540","한국조선해양","45543","50091","4548","3924506700","4328840700","404334000"
"192650","드림텍","2454","42134","39680","23868520","421895370","398026850"
"005387","현대차2우B","5636","9936","4300","517022300","913058900","396036600"
"008770","호텔신라","121418","126378","4960","9152119000","9521045300","368926300"
"344820","KCC글라스","6130","12303","6173","354902800","712475200","357572400"
"126560","현대퓨처넷","10","110815","110805","32445","355248575","355216130"
"005610","SPC삼립","4848","9010","4162","405103800","754306800","349203000"
"210540","디와이파워","596","22606","22010","9327400","350718850","341391450"
"009900","명신산업","16710","32331","15621","349552150","679764700","330212550"
"029530","신도리코","519","10668","10149","16873750","346523000","329649250"
"000070","삼양홀딩스","1032","5031","3999","83939800","410514100","326574300"
"002270","롯데푸드","0","994","994","0","318050000","318050000"
"005960","동부건설","12444","36992","24548","154661750","470542200","315880450"
"014820","동원시스템즈","5664","11410","5746","311288700","626276200","314987500"
"111110","호전실업","265","30272","30007","2655550","311007880","308352330"
"004960","한신공영","0","17742","17742","0","298037450","298037450"
"003090","대웅","9078","19539","10461","252590250","547175950","294585700"
"001440","대한전선","644145","776514","132369","1342717325","1626093780","283376455"
"002350","넥센타이어","61304","103839","42535","381587070","650538630","268951560"
"155660","DSR","1962","44816","42854","11748580","277579860","265831280"
"185750","종근당","8707","11521","2814","806834400","1069735600","262901200"
"006220","제주은행","2","42517","42515","12440","262001230","261988790"
"363280","티와이홀딩스","2580","13410","10830","61327350","320760850","259433500"
"024110","기업은행","97758","120102","22344","1082693000","1337379800","254686800"
"097955","CJ제일제당 우","84","1403","1319","15105000","255235500","240130500"
"281820","케이씨텍","236","12065","11829","4774800","241984250","237209450"
"017550","수산중공업","11358","72818","61460","41769755","269966240","228196485"
"017390","서울가스","2","1231","1229","371000","227274500","226903500"
"006060","화승인더","8119","48742","40623","44709840","268517170","223807330"
"003000","부광약품","62316","82841","20525","662436900","882060250","219623350"
"001040","CJ","9639","12199","2560","803644000","1020183300","216539300"
"006040","동원산업","523","1408","885","122466000","331365000","208899000"
"012750","에스원","13829","16845","3016","929963400","1137351200","207387800"
"001520","동양","3457","144567","141110","5045675","205886275","200840600"
"051915","LG화학우","69","873","804","17123000","217296000","200173000"
"003240","태광산업","112","313","201","111113000","311026000","199913000"
"025540","한국단자","539","3710","3171","33596300","231511800","197915500"
"084690","대상홀딩스","132","20108","19976","1320600","198884500","197563900"
"028100","동아지질","639","11118","10479","11812950","209348750","197535800"
"000880","한화","14196","20904","6708","407179300","601741900","194562600"
"088980","맥쿼리인프라","284180","297594","13414","3942638800","4136744100","194105300"
"014280","금강공업","11503","31506","20003","102527110","286996520","184469410"
"033270","유나이티드제약","100","6812","6712","2665250","184087450","181422200"
"078935","GS우","20","4794","4774","743700","180250700","179507000"
"009970","영원무역홀딩스","268","3848","3580","13436550","190572550","177136000"
"016710","대성홀딩스","3","2980","2977","178200","176567600","176389400"
"053210","스카이라이프","1118","19926","18808","10251610","184920090","174668480"
"017960","한국카본","118633","128842","10209","1607469250","1778366150","170896900"
"030210","다올투자증권","1413","40107","38694","6237545","176729975","170492430"
"417310","코람코더원리츠","28175","55615","27440","174030440","341491510","167461070"
"003160","디아이","234","19984","19750","1950820","165914520","163963700"
"007540","샘표","0","2501","2501","0","158980300","158980300"
"005430","한국공항","12","3310","3298","561700","158080750","157519050"
"001080","만호제강","0","5408","5408","0","145057050","145057050"
"002310","아세아제지","1387","4764","3377","58407950","200302850","141894900"
"381970","케이카","96201","102043","5842","2405790050","2547554000","141763950"
"210980","SK디앤디","112","5201","5089","3090150","142882950","139792800"
"028260","삼성물산","67901","68991","1090","7582540000","7720491000","137951000"
"027740","마니커","7960","76391","68431","15125400","147722340","132596940"
"088260","이리츠코크렙","17417","37246","19829","114305000","245297670","130992670"
"383220","F&F","77244","77826","582","9386136500","9516568500","130432000"
"044450","KSS해운","121","11387","11266","1384450","130075800","128691350"
"117580","대성에너지","1333","10397","9064","19206500","145419900","126213400"
"377190","디앤디플랫폼리츠","12806","36019","23213","67772060","191123520","123351460"
"013000","세우글로벌","17738","71145","53407","42932730","165497325","122564595"
"003555","LG우","469","2476","2007","28467100","150049100","121582000"
"090435","아모레퍼시픽우","0","1713","1713","0","120811200","120811200"
"000860","강남제비스코","208","5032","4824","5049900","123674850","118624950"
"019440","세아특수강","71","7213","7142","1155700","119026550","117870850"
"005690","파미셀","471","9981","9510","5546300","119936300","114390000"
"039490","키움증권","22969","24239","1270","2012740500","2127035300","114294800"
"170900","동아에스티","1458","3079","1621","94735100","203170000","108434900"
"006880","신송홀딩스","0","10316","10316","0","108125950","108125950"
"094800","맵스리얼티1","7674","29922","22248","36934295","144781135","107846840"
"031440","신세계푸드","1427","2919","1492","98838600","201444100","102605500"
"006340","대원전선","8727","60491","51764","16828010","118831080","102003070"
"003520","영진약품","69269","91742","22473","306616500","408516890","101900390"
"027410","BGF","8103","26655","18552","43511330","143669290","100157960"
"017800","현대엘리베이","14060","16763","2703","481801500","578189200","96387700"
"396690","미래에셋글로벌리츠","21635","37208","15573","129897390","223838430","93941040"
"005010","휴스틸","2426","6073","3647","59756300","150536800","90780500"
"001460","BYC","0","201","201","0","89236000","89236000"
"139130","DGB금융지주","49317","59082","9765","434464510","521321720","86857210"
"102460","이연제약","69","3430","3361","1710300","86816600","85106300"
"357120","코람코에너지리츠","220232","232975","12743","1441750340","1525067290","83316950"
"001720","신영증권","261","1738","1477","14622500","97575400","82952900"
"001750","한양증권","24","6281","6257","315800","82868050","82552250"
"075580","세진중공업","59606","70947","11341","398899640","479938810","81039170"
"037710","광주신세계","18","2222","2204","648850","80707150","80058300"
"000320","노루홀딩스","439","7296","6857","5017750","84988800","79971050"
"001060","JW중외제약","16234","19287","3053","425349650","504769100","79419450"
"005720","넥센","346","18325","17979","1513055","80837650","79324595"
"002030","아세아","53","581","528","7876500","85982500","78106000"
"00104K","CJ4우(전환)","633","1656","1023","45903700","122860900","76957200"
"082640","동양생명","3235","15146","11911","20591790","96652860","76061070"
"004980","성신양회","1","6026","6025","12450","72434850","72422400"
"298020","효성티앤씨","1549","1732","183","593121000","664638000","71517000"
"194370","제이에스코퍼레이션","9996","13325","3329","207704400","276445900","68741500"
"097520","엠씨넥스","9975","11432","1457","389228050","457877650","68649600"
"003070","코오롱글로벌","210","3590","3380","4182650","71128850","66946200"
"003720","삼영화학","18","21808","21790","53460","66908420","66854960"
"024720","한국콜마홀딩스","17","3245","3228","344600","66194450","65849850"
"082740","HSD엔진","47635","52776","5141","472563670","535641480","63077810"
"092220","KEC","179","20624","20445","565065","63579030","63013965"
"282690","동아타이어","1766","6704","4938","21624550","83300950","61676400"
"006405","삼성SDI우","48","254","206","14616000","75830000","61214000"
"100840","SNT에너지","1590","4698","3108","31643650","91251350","59607700"
"001270","부국증권","233","2436","2203","5813000","61261650","55448650"
"020120","키다리스튜디오","13829","20120","6291","120192750","175467200","55274450"
"000500","가온전선","3","2157","2154","75750","54285000","54209250"
"051905","LG생활건강우","0","117","117","0","53959000","53959000"
"005390","신성통상","22668","37714","15046","75492075","128472505","52980430"
"004710","한솔테크닉스","2","8263","8261","12710","52033920","52021210"
"074610","이엔플러스","13776","27091","13315","56948705","108833670","51884965"
"00279K","아모레G3우(전환)","1","1450","1449","35650","51687200","51651550"
"280360","롯데제과","0","415","415","0","48492000","48492000"
"338100","NH프라임리츠","5683","15475","9792","28122820","76494290","48371470"
"271940","일진하이솔루스","8626","9808","1182","341576600","388058300","46481700"
"034830","한국토지신탁","1351","23267","21916","2815780","48655345","45839565"
"000240","한국앤컴퍼니","7793","10911","3118","105641450","148838150","43196700"
"003690","코리안리","22332","26842","4510","209986280","252719390","42733110"
"012160","영흥","9","40452","40443","9495","41586493","41576998"
"002880","대유에이텍","105","35466","35361","119730","40114975","39995245"
"003830","대한화섬","74","389","315","9072500","48848500","39776000"
"00680K","미래에셋증권2우B","113","9179","9066","494375","39854160","39359785"
"005680","삼영전자","19690","22999","3309","228254000","267571250","39317250"
"003570","SNT중공업","480","4751","4271","4220400","41881600","37661200"
"005810","풍산홀딩스","21","1302","1281","617200","38140100","37522900"
"226320","잇츠한불","97","1844","1747","2096700","39573900","37477200"
"268280","미원에스씨","0","182","182","0","37439000","37439000"
"002170","삼양통상","942","1604","662","52244300","89572800","37328500"
"058650","세아홀딩스","0","338","338","0","35990000","35990000"
"002210","동성제약","1","4451","4450","7980","35470900","35462920"
"005030","부산주공","0","43284","43284","0","34963598","34963598"
"37550L","DL이앤씨2우(전환)","0","818","818","0","32749100","32749100"
"008060","대덕","24","4220","4196","185340","32353290","32167950"
"004800","효성","3852","4229","377","312514100","344110500","31596400"
"357250","미래에셋맵스리츠","9907","16120","6213","49877760","81412750","31534990"
"003010","혜인","3310","8097","4787","21400230","51808140","30407910"
"005945","NH투자증권우","185","3076","2891","1924000","32275700","30351700"
"005360","모나미","0","6646","6646","0","30343045","30343045"
"023810","인팩","2270","5580","3310","20703130","50586650","29883520"
"00088K","한화3우B","0","1849","1849","0","28533850","28533850"
"015360","예스코홀딩스","0","749","749","0","27603900","27603900"
"002710","TCC스틸","7693","10132","2439","90059300","116780800","26721500"
"007340","디티알오토모티브","3122","3442","320","229138800","255485000","26346200"
"001045","CJ우","0","500","500","0","25849500","25849500"
"071970","STX중공업","1","5269","5268","5010","25610015","25605005"
"129260","인터지스","804","8450","7646","2656560","27773075","25116515"
"014790","한라","5959","10334","4375","30162850","54170520","24007670"
"011785","금호석유우","0","240","240","0","22837200","22837200"
"015890","태경산업","6960","10312","3352","53067430","74590090","21522660"
"097230","HJ중공업","154","2902","2748","1211640","22679580","21467940"
"006370","대구백화점","0","2001","2001","0","20935350","20935350"
"000890","보해양조","13","23154","23141","11642","20624143","20612501"
"006740","영풍제지","1339","2828","1489","15412350","35308800","19896450"
"019180","티에이치엔","0","4580","4580","0","19067025","19067025"
"003650","미창석유","30","261","231","2378400","20775900","18397500"
"023590","다우기술","58","958","900","1163600","19359950","18196350"
"078000","텔코웨어","16","1737","1721","166950","18161450","17994500"
"138930","BNK금융지주","139532","141170","1638","1075316220","1093035270","17719050"
"380440","엔에이치스팩19호","1","8231","8230","2140","17543360","17541220"
"007570","일양약품","393","1128","735","9034100","25960200","16926100"
"404990","신한서부티엔디리츠","36821","39731","2910","198758430","215449140","16690710"
"002020","코오롱","2","608","606","54600","16585300","16530700"
"264900","크라운제과","0","1461","1461","0","15342550","15342550"
"084010","대한제강","2459","3161","702","49496950","64512000","15015050"
"078520","에이블씨엔씨","70","2272","2202","467740","15402640","14934900"
"003850","보령","13009","14168","1159","154372350","169245650","14873300"
"015860","일진홀딩스","201","2976","2775","1081750","15570980","14489230"
"33626L","두산퓨얼셀2우B","0","921","921","0","14308950","14308950"
"267290","경동도시가스","0","553","553","0","13625350","13625350"
"004540","깨끗한나라","37","3014","2977","163905","13489915","13326010"
"002795","아모레G우","62","801","739","1075700","14185900","13110200"
"025620","제이준코스메틱","6","10651","10645","7665","12730215","12722550"
"002790","아모레G","30811","31094","283","1394761850","1407242250","12480400"
"214420","토니모리","285","2362","2077","1562260","13140870","11578610"
"017040","광명전기","3","4047","4044","8270","11023665","11015395"
"214330","금호에이치티","0","7989","7989","0","10950845","10950845"
"009155","삼성전기우","0","122","122","0","10806900","10806900"
"000670","영풍","388","402","14","254166000","264848000","10682000"
"001140","국보","5","8371","8366","6910","10026280","10019370"
"016800","퍼시스","0","278","278","0","9991900","9991900"
"095720","웅진씽크빅","35","2935","2900","111975","9194805","9082830"
"036580","팜스코","1675","2627","952","11115680","17206680","6091000"
"020760","일진디스플","4591","7783","3192","9250685","15326365","6075680"
"004890","동일산업","29","65","36","4694000","10737000","6043000"
"016590","신대양제지","0","63","63","0","5874100","5874100"
"008970","동양철관","11","4519","4508","14270","5803430","5789160"
"044820","코스맥스비티아이","2047","2453","406","26603100","32370050","5766950"
"012030","DB","27","5992","5965","26388","5747900","5721512"
"140910","에이리츠","102","852","750","768080","6406420","5638340"
"014530","극동유화","0","1335","1335","0","5569740","5569740"
"007460","에이프로젠 MED","106","3814","3708","161230","5701165","5539935"
"003480","한진중공업홀딩스","5038","6254","1216","22306085","27779940","5473855"
"120030","조선선재","0","48","48","0","5362500","5362500"
"33637K","솔루스첨단소재1우","0","357","357","0","5328100","5328100"
"002200","한국수출포장","0","209","209","0","5293550","5293550"
"001260","남광토건","0","453","453","0","5259150","5259150"
"018470","조일알미늄","201","2434","2233","462560","5573520","5110960"
"161000","애경케미칼","120","608","488","1186830","5965320","4778490"
"069730","DSR제강","0","810","810","0","4744840","4744840"
"005740","크라운해태홀딩스","3","493","490","29160","4731630","4702470"
"001470","삼부토건","796","2600","1804","2033320","6706845","4673525"
"000680","LS네트웍스","434","1574","1140","1546300","5561905","4015605"
"002140","고려산업","0","557","557","0","3751550","3751550"
"003545","대신증권우","0","242","242","0","3617750","3617750"
"037560","LG헬로비전","598","1207","609","3504510","6969820","3465310"
"069640","한세엠케이","0","888","888","0","3282085","3282085"
"001820","삼화콘덴서","61","119","58","3160100","6098200","2938100"
"130660","한전산업","10","200","190","134850","2703050","2568200"
"003220","대원제약","43","197","154","709800","3263500","2553700"
"006390","한일현대시멘트","124","200","76","3797650","6066300","2268650"
"007700","F&F홀딩스","3","100","97","70800","2319200","2248400"
"007280","한국특강","8","745","737","22760","2121170","2098410"
"072710","농심홀딩스","0","28","28","0","2025100","2025100"
"063160","종근당바이오","3","66","63","98500","2118000","2019500"
"033530","세종공업","41","315","274","287080","2192820","1905740"
"004560","현대비앤지스틸","694","820","126","11181550","13058200","1876650"
"003060","에이프로젠제약","0","2124","2124","0","1633173","1633173"
"011000","진원생명과학","453","608","155","4428940","6006210","1577270"
"079430","현대리바트","1","117","116","13750","1584150","1570400"
"068290","삼성출판사","0","57","57","0","1545200","1545200"
"004380","삼익THK","1","106","105","13400","1422100","1408700"
"002960","한국쉘석유","0","5","5","0","1258000","1258000"
"071055","한국금융지주우","0","18","18","0","1166100","1166100"
"002840","미원상사","1","8","7","158000","1249500","1091500"
"271980","제일약품","26","67","41","629250","1629700","1000450"
"009320","대우부품","89","540","451","194465","1172760","978295"
"139990","아주스틸","1","65","64","15250","977100","961850"
"000050","경방","1","53","52","15400","808250","792850"
"003920","남양유업","0","2","2","0","781000","781000"
"009290","광동제약","12","126","114","82510","862690","780180"
"090350","노루페인트","4","79","75","42350","816600","774250"
"009470","삼화전기","5","35","30","129250","875500","746250"
"071320","지역난방공사","0","21","21","0","739900","739900"
"298690","에어부산","19","357","338","42415","778365","735950"
"009680","모토닉","2","79","77","17950","703750","685800"
"033180","KH 필룩스","13","282","269","27390","577470","550080"
"001570","금양","4","122","118","17840","540295","522455"
"096760","JW홀딩스","6","132","126","24570","538075","513505"
"013360","일성건설","9","121","112","41830","552785","510955"
"000540","흥국화재","5","142","137","18815","528180","509365"
"039570","HDC랩스","0","52","52","0","505410","505410"
"092230","KPX홀딩스","0","8","8","0","490500","490500"
"035000","지투알","8","79","71","51440","504880","453440"
"017900","광전자","4","178","174","10660","462195","451535"
"014160","대영포장","20","221","201","45100","495155","450055"
"02826K","삼성물산우B","0","4","4","0","434000","434000"
"002810","삼영무역","7","38","31","97300","526300","429000"
"234080","JW생명과학","0","29","29","0","404600","404600"
"024090","디씨엠","7","21","14","189050","567050","378000"
"096775","SK이노베이션우","0","3","3","0","372000","372000"
"094280","효성ITX","5","25","20","84200","418300","334100"
"011280","태림포장","57","131","74","241750","552590","310840"
"016580","환인제약","17","35","18","291150","596300","305150"
"134380","미원화학","0","4","4","0","279200","279200"
"134790","시디즈","0","5","5","0","272800","272800"
"004080","신흥","0","16","16","0","268900","268900"
"002410","범양건영","1","48","47","5880","271900","266020"
"200880","서연이화","10","50","40","67000","331940","264940"
"089470","HDC현대EP","2","59","57","9230","269890","260660"
"308170","센트랄모텍","0","16","16","0","260150","260150"
"28513K","SK케미칼우","0","4","4","0","245600","245600"
"001550","조비","62","71","9","1357800","1593900","236100"
"016740","두올","2","66","64","7300","238240","230940"
"002220","한일철강","2","43","41","11500","241480","229980"
"014580","태경비케이","1","50","49","4700","232880","228180"
"006660","삼성공조","0","17","17","0","222500","222500"
"023000","삼원강재","3","75","72","9415","230945","221530"
"002360","SH에너지화학","10","185","175","12790","232815","220025"
"009200","무림페이퍼","0","71","71","0","219500","219500"
"004450","삼화왕관","0","5","5","0","219500","219500"
"010960","삼호개발","1","46","45","4870","223865","218995"
"000220","유유제약","0","31","31","0","218470","218470"
"005750","대림B&Co","0","29","29","0","217600","217600"
"034590","인천도시가스","0","8","8","0","216650","216650"
"014710","사조씨푸드","0","35","35","0","214320","214320"
"101140","인바이오젠","4","99","95","9220","222015","212795"
"075180","새론오토모티브","0","37","37","0","212650","212650"
"047400","유니온머티리얼","3","79","76","8475","219595","211120"
"005800","신영와코루","0","17","17","0","210300","210300"
"011090","에넥스","10","114","104","20540","228510","207970"
"091090","세원이앤씨","14","237","223","13276","220530","207254"
"006090","사조오양","0","20","20","0","205650","205650"
"227840","현대코퍼레이션홀딩스","0","17","17","0","205550","205550"
"009810","플레이그램","8","141","133","13320","218165","204845"
"000910","유니온","0","29","29","0","200550","200550"
"000590","CS홀딩스","0","3","3","0","199100","199100"
"013870","지엠비코리아","0","35","35","0","193130","193130"
"000520","삼일제약","0","24","24","0","190280","190280"
"009180","한솔로지스틱스","3","52","49","11720","199170","187450"
"004410","서울식품","62","659","597","19158","204329","185171"
"002720","국제약품","0","34","34","0","184520","184520"
"013700","까뮤이앤씨","3","83","80","7110","190425","183315"
"014440","영보화학","1","41","40","4620","185915","181295"
"000700","유수홀딩스","19","49","30","114430","294850","180420"
"026940","부국철강","1","38","37","4890","180425","175535"
"007980","태평양물산","4","78","74","9650","182750","173100"
"004270","남성","2","59","57","6130","177990","171860"
"000950","전방","0","3","3","0","170900","170900"
"100220","비상교육","0","24","24","0","168670","168670"
"024900","덕양산업","2","57","55","6150","172290","166140"
"007590","동방아그로","0","22","22","0","163960","163960"
"006980","우성","0","5","5","0","160700","160700"
"143210","핸즈코퍼레이션","2","36","34","9510","166730","157220"
"004840","DRB동일","8","37","29","43940","199090","155150"
"023150","MH에탄올","0","14","14","0","143900","143900"
"023350","한국종합기술","0","17","17","0","140290","140290"
"009460","한창제지","2640","2741","101","5372845","5512975","140130"
"000850","화천기공","0","4","4","0","138000","138000"
"049800","우진플라임","2","32","30","9360","146710","137350"
"021050","서원","3","77","74","5680","141590","135910"
"008870","금비","0","2","2","0","135900","135900"
"085310","엔케이","7","129","122","7805","140995","133190"
"002920","유성기업","3","44","41","9795","141920","132125"
"000650","천일고속","0","2","2","0","131400","131400"
"013520","화승코퍼레이션","8","83","75","14080","144790","130710"
"003080","성보화학","2","34","32","8410","139050","130640"
"041650","상신브레이크","1","34","33","4040","132715","128675"
"015020","이스타코","345","410","65","622910","745950","123040"
"001380","SG글로벌","3","73","70","5315","126660","121345"
"006200","한국전자홀딩스","3","76","73","5160","125200","120040"
"002100","경농","219","229","10","2837100","2953200","116100"
"002870","신풍제지","2","56","54","4160","115440","111280"
"002820","SUN&L","0","21","21","0","110910","110910"
"012320","경동인베스트","0","3","3","0","108600","108600"
"010660","화천기계","0","32","32","0","107355","107355"
"014130","한익스프레스","0","19","19","0","106650","106650"
"014990","인디에프","6","115","109","5790","109385","103595"
"123700","SJM","0","25","25","0","103090","103090"
"006570","대림통상","0","25","25","0","101940","101940"
"011390","부산산업","0","1","1","0","101500","101500"
"009310","참엔지니어링","4","88","84","4870","104735","99865"
"044380","주연테크","5","94","89","5400","100070","94670"
"012800","대창","119","170","51","227295","320145","92850"
"015260","에이엔피","0","39","39","0","92515","92515"
"001620","케이비아이동국실업","14","142","128","9990","100059","90069"
"090370","메타랩스","6","120","114","4766","92661","87895"
"000760","이화산업","0","5","5","0","87700","87700"
"001770","SHD","0","3","3","0","86950","86950"
"084670","동양고속","0","5","5","0","86900","86900"
"009770","삼정펄프","0","3","3","0","85950","85950"
"010400","우진아이엔에스","0","11","11","0","84610","84610"
"003610","방림","59","83","24","210895","295480","84585"
"072130","유엔젤","1","20","19","4250","85610","81360"
"010040","한국내화","55","76","21","207520","287220","79700"
"007120","미래아이앤지","12","205","193","4976","83945","78969"
"024070","WISCOM","0","24","24","0","76935","76935"
"004100","태양금속","2","59","57","2760","79695","76935"
"088790","진도","0","21","21","0","74840","74840"
"004720","팜젠사이언스","67","76","9","498890","569740","70850"
"33637L","솔루스첨단소재2우B","0","4","4","0","69900","69900"
"030720","동원수산","0","6","6","0","69000","69000"
"084870","TBH글로벌","0","33","33","0","67760","67760"
"031820","콤텍시스템","135","204","69","124740","191822","67082"
"025890","한국주강","0","18","18","0","66810","66810"
"008500","일정실업","0","3","3","0","66050","66050"
"004920","씨아이테크","3","62","59","3450","69260","65810"
"003680","한성기업","0","8","8","0","65760","65760"
"014910","성문전자","0","29","29","0","65560","65560"
"011420","갤럭시아에스엠","9","40","31","18675","83780","65105"
"005820","원림","0","3","3","0","64800","64800"
"001420","태원물산","0","12","12","0","61060","61060"
"010420","한솔PNS","1","32","31","2000","61885","59885"
"033250","체시스","1","50","49","1225","60560","59335"
"030790","비케이탑스","9458","9463","5","14987720","15044110","56390"
"011300","성안","0","94","94","0","53961","53961"
"011230","삼화전자","0","15","15","0","51720","51720"
"071950","코아스","0","44","44","0","46685","46685"
"092440","기신정기","4","7","3","17760","30625","12865"
"025560","미래산업","0","1","1","0","12800","12800"
"118000","초록뱀헬스케어","10","21","11","11500","23835","12335"
"001290","상상인증권","21","27","6","23545","30105","6560"
"33626K","두산퓨얼셀1우","6","6","0","75900","77100","1200"
"009140","경인전자","2","2","0","55300","55600","300"
"051630","진양화학","569","588","19","2722885","2722380","-505"
"002630","오리엔트바이오","13","12","-1","11896","11040","-856"
"001210","금호전기","6","5","-1","13230","10895","-2335"
"001795","대한제당우","14","14","0","67830","64260","-3570"
"005110","한창","7","0","-7","4830","0","-4830"
"025530","SJM홀딩스","2","0","-2","7380","0","-7380"
"002070","비비안","46","43","-3","113160","105700","-7460"
"000040","KR모터스","12","0","-12","9744","0","-9744"
"018500","동원금속","11","0","-11","10462","0","-10462"
"010770","평화홀딩스","3","0","-3","11190","0","-11190"
"012170","아센디오","11","0","-11","12705","0","-12705"
"378850","화승알앤에이","283","280","-3","1225845","1210300","-15545"
"008110","대동전자","3","0","-3","23040","0","-23040"
"001020","페이퍼코리아","10","0","-10","24600","0","-24600"
"011810","STX","6","0","-6","24960","0","-24960"
"003460","유화증권","11","0","-11","27335","0","-27335"
"008700","아남전자","162","143","-19","383330","328135","-55195"
"000215","DL우","3","0","-3","119550","0","-119550"
"000970","한국주철관","91","79","-12","891270","759940","-131330"
"003280","흥아해운","60","0","-60","161450","0","-161450"
"101530","해태제과식품","104","76","-28","854260","623580","-230680"
"030610","교보증권","194","160","-34","1450210","1192170","-258040"
"000547","흥국화재2우B","10","0","-10","296000","0","-296000"
"018250","애경산업","125","110","-15","2218400","1919200","-299200"
"001340","백광산업","3555","3591","36","18940740","18637030","-303710"
"004970","신라교역","59","32","-27","724700","393400","-331300"
"000180","성창기업지주","3642","3608","-34","10039420","9689580","-349840"
"092200","디아이씨","146","74","-72","704140","349845","-354295"
"000430","대원강업","241","119","-122","815600","394580","-421020"
"016450","한세예스24홀딩스","171","75","-96","1136380","496390","-639990"
"079980","휴비스","182","68","-114","1359990","497570","-862420"
"204210","모두투어리츠","1442","1267","-175","7407400","6513230","-894170"
"128820","대성산업","280","84","-196","1375240","411625","-963615"
"008350","남선알미늄","1367","1021","-346","3816645","2841160","-975485"
"322000","현대에너지솔루션","160","116","-44","3648650","2625950","-1022700"
"058860","KTis","504","59","-445","1310390","149550","-1160840"
"001725","신영증권우","26","4","-22","1456000","226400","-1229600"
"077970","STX엔진","148","46","-102","2024650","616550","-1408100"
"011930","신성이엔지","9415","8631","-784","17597800","16187670","-1410130"
"008420","문배철강","749","438","-311","3520715","2041340","-1479375"
"002780","진흥기업","5614","5011","-603","13068550","11576315","-1492235"
"123890","한국자산신탁","1170","756","-414","4539640","2932145","-1607495"
"081000","일진다이아","201","139","-62","5189300","3563850","-1625450"
"012610","경인양행","4569","4415","-154","31525460","29798200","-1727260"
"005950","이수화학","164","54","-110","2567950","832950","-1735000"
"003300","한일홀딩스","221","68","-153","2857100","878750","-1978350"
"069460","대호에이엘","4193","3530","-663","12645580","10579030","-2066550"
"000480","조선내화","32","6","-26","2608000","488500","-2119500"
"035510","신세계 I&C","6233","6106","-127","97733300","95510950","-2222350"
"104700","한국철강","4775","4520","-255","41241570","38968490","-2273080"
"001560","제일연마","267","16","-251","2507360","151900","-2355460"
"004690","삼천리","72","52","-20","8644500","6201000","-2443500"
"023960","에쓰씨엔지니어링","1238","287","-951","3486705","829015","-2657690"
"155900","바다로19호","1118","3","-1115","3644680","9725","-3634955"
"003780","진양산업","489","24","-465","3920520","192900","-3727620"
"145210","다이나믹디자인","686","1","-685","3743890","5510","-3738380"
"003120","일성신약","51","5","-46","4174300","409000","-3765300"
"004250","NPC","456","78","-378","4605650","792000","-3813650"
"001200","유진투자증권","1378","171","-1207","4402475","539155","-3863320"
"005440","현대그린푸드","28161","27519","-642","242403870","238241160","-4162710"
"004440","삼일씨엔에스","472","24","-448","4535510","231040","-4304470"
"009190","대양금속","1207","59","-1148","5003150","245645","-4757505"
"007110","일신석재","2923","145","-2778","5024960","248020","-4776940"
"003350","한국화장품제조","353","182","-171","10063050","5188200","-4874850"
"102260","동성케미컬","2021","891","-1130","9481255","4128940","-5352315"
"300720","한일시멘트","20266","19772","-494","379128900","373587000","-5541900"
"003960","사조대림","404","217","-187","12183900","6492450","-5691450"
"334890","이지스밸류리츠","12516","11554","-962","74570210","68847670","-5722540"
"003580","HLB글로벌","5546","4806","-740","37271070","31378900","-5892170"
"010640","진양폴리","1275","124","-1151","6662200","644920","-6017280"
"003200","일신방직","76","22","-54","8902500","2601500","-6301000"
"007860","서연","2515","1724","-791","20387800","14067160","-6320640"
"010050","우리종금","15292","7562","-7730","13023027","6443617","-6579410"
"005880","대한해운","3343","870","-2473","8967060","2302285","-6664775"
"005389","현대차3우B","84","1","-83","7379000","88900","-7290100"
"006490","인스코비","3895","1107","-2788","10263575","2945485","-7318090"
"029460","케이씨","394","41","-353","8457000","875900","-7581100"
"016090","대현","3052","90","-2962","7816280","228255","-7588025"
"010100","한국프랜지","2609","64","-2545","7814095","189855","-7624240"
"013570","디와이","1232","289","-943","10151300","2422440","-7728860"
"115390","락앤락","7184","6376","-808","70977880","63048330","-7929550"
"000020","동화약품","931","172","-759","10703950","1990050","-8713900"
"000390","삼화페인트","1097","127","-970","9933390","1165340","-8768050"
"001780","알루코","2963","358","-2605","10007700","1218220","-8789480"
"032560","황금에스티","1052","31","-1021","9351480","272250","-9079230"
"002620","제일파마홀딩스","817","77","-740","10046550","952050","-9094500"
"350520","이지스레지던스리츠","13796","12180","-1616","78869650","69743510","-9126140"
"372910","한컴라이프케어","1672","131","-1541","10067280","795520","-9271760"
"033920","무학","1225","93","-1132","10080560","766390","-9314170"
"100250","진양홀딩스","2964","218","-2746","10099665","744305","-9355360"
"009270","신원","5772","470","-5302","10219505","839270","-9380235"
"083420","그린케미칼","1104","68","-1036","10107060","622170","-9484890"
"024890","대원화성","3747","68","-3679","9861185","178425","-9682760"
"005320","국동","4739","102","-4637","9948810","214330","-9734480"
"017180","명문제약","2900","54","-2846","9974495","185385","-9789110"
"002760","보락","5188","113","-5075","10023290","218725","-9804565"
"017370","우신시스템","3404","35","-3369","9932095","102410","-9829685"
"027970","세하","6356","107","-6249","10101470","170815","-9930655"
"015590","큐로","22377","372","-22005","10158856","168818","-9990038"
"004700","조광피혁","420","206","-214","20065950","10053400","-10012550"
"008600","윌비스","8407","126","-8281","10199670","152555","-10047115"
"119650","KC코트렐","1969","0","-1969","10171010","0","-10171010"
"084680","이월드","4462","260","-4202","10805270","630345","-10174925"
"001500","현대차증권","1188","194","-994","12396750","2021200","-10375550"
"004140","동방","3736","318","-3418","11616115","976575","-10639540"
"004870","티웨이홀딩스","15021","10","-15011","11147462","7511","-11139951"
"248170","샘표식품","264","9","-255","11533200","393100","-11140100"
"163560","동일고무벨트","1817","361","-1456","14813580","2904810","-11908770"
"019680","대교","5417","2056","-3361","20026945","7618410","-12408535"
"004770","써니전자","6123","1937","-4186","18987835","6078635","-12909200"
"003540","대신증권","1049","250","-799","17017000","4040050","-12976950"
"000815","삼성화재우","180","94","-86","28738500","15338000","-13400500"
"003560","IHQ","13632","631","-13001","14224330","654220","-13570110"
"067830","세이브존I&C","4310","70","-4240","14180550","229855","-13950695"
"001510","SK증권","17491","747","-16744","14588316","619045","-13969271"
"138040","메리츠금융지주","98230","97682","-548","3317335000","3303279900","-14055100"
"000300","대유플러스","13337","230","-13107","14888775","256990","-14631785"
"023450","동남합성","258","6","-252","15147700","353800","-14793900"
"004830","덕성","4855","3032","-1823","41182060","26354710","-14827350"
"293480","하나제약","2945","2157","-788","56865900","41817450","-15048450"
"013580","계룡건설","474","30","-444","16279200","1027050","-15252150"
"011150","CJ씨푸드","4025","68","-3957","15530920","262925","-15267995"
"001360","삼성제약","4632","491","-4141","17059835","1781245","-15278590"
"004910","조광페인트","3192","1307","-1885","26493600","10362370","-16131230"
"133820","화인베스틸","5200","2","-5198","16545315","6400","-16538915"
"009160","SIMPAC","2078","136","-1942","17839400","1165320","-16674080"
"03473K","SK우","79","0","-79","16768500","0","-16768500"
"034310","NICE","2157","1092","-1065","35628650","18069450","-17559200"
"071840","롯데하이마트","1664","835","-829","36285650","18501100","-17784550"
"053690","한미글로벌","20871","19285","-1586","261233200","242540600","-18692600"
"192080","더블유게임즈","4993","4580","-413","229558050","210572850","-18985200"
"000140","하이트진로홀딩스","1554","89","-1465","20439050","1178800","-19260250"
"003470","유안타증권","6378","627","-5751","21402900","2105095","-19297805"
"007210","벽산","5919","384","-5535","20712460","1345735","-19366725"
"016610","DB금융투자","3297","106","-3191","20255890","657230","-19598660"
"007160","사조산업","400","8","-392","20072150","399500","-19672650"
"093240","형지엘리트","8958","259","-8699","20291930","583235","-19708695"
"103590","일진전기","3705","70","-3635","20111900","394010","-19717890"
"009070","KCTC","3609","74","-3535","20159610","413530","-19746080"
"025750","한솔홈데코","12299","151","-12148","20028130","246165","-19781965"
"092780","동양피스톤","3360","24","-3336","19946870","142790","-19804080"
"011330","유니켐","16476","136","-16340","20237875","167585","-20070290"
"058850","KTcs","8759","82","-8677","20297550","190160","-20107390"
"034300","신세계건설","627","6","-621","20469900","196050","-20273850"
"023800","인지컨트롤스","2188","152","-2036","22614050","1572900","-21041150"
"008260","NI스틸","12450","8229","-4221","63180025","41211415","-21968610"
"004310","현대약품","4731","73","-4658","22917110","352595","-22564515"
"339770","교촌에프앤비","1639","95","-1544","24029450","1391300","-22638150"
"070960","용평리조트","5973","1232","-4741","29112035","6005060","-23106975"
"001390","KG케미칼","1201","574","-627","45684450","21755900","-23928550"
"036530","SNT홀딩스","1519","64","-1455","25311500","1076600","-24234900"
"004150","한솔홀딩스","7460","88","-7372","25054370","296145","-24758225"
"003230","삼양식품","18797","18457","-340","1639426300","1614586600","-24839700"
"214390","경보제약","3491","124","-3367","27894320","997230","-26897090"
"006380","카프로","9279","3210","-6069","41578580","14404250","-27174330"
"071090","하이스틸","8493","3747","-4746","49015390","21268790","-27746600"
"010600","웰바이오텍","18338","0","-18338","30386025","0","-30386025"
"085620","미래에셋생명","9038","308","-8730","33782365","1157915","-32624450"
"007690","국도화학","1025","391","-634","53836000","20463200","-33372800"
"010780","아이에스동서","25102","24113","-989","1228130450","1194195000","-33935450"
"002600","조흥","180","1","-179","35192000","196500","-34995500"
"025000","KPX케미칼","832","152","-680","42943800","7871500","-35072300"
"229640","LS전선아시아","5941","1018","-4923","47267540","8100180","-39167360"
"012280","영화금속","30252","2920","-27332","43426920","4172590","-39254330"
"011500","한농화성","2630","32","-2598","40068800","490900","-39577900"
"004060","SG세계물산","60237","379","-59858","40389586","253603","-40135983"
"073240","금호타이어","95951","85367","-10584","385646155","345378660","-40267495"
"012690","모나리자","11234","68","-11166","40571650","245455","-40326195"
"013890","지누스","6979","6311","-668","439748500","399271500","-40477000"
"145990","삼양사","1400","566","-834","72718000","29830700","-42887300"
"400760","NH올원리츠","29473","21061","-8412","156472820","112128170","-44344650"
"123690","한국화장품","4754","25","-4729","44733200","236700","-44496500"
"008730","율촌화학","2816","712","-2104","63069850","16220550","-46849300"
"016880","웅진","103663","73999","-29664","206704420","158511295","-48193125"
"005305","롯데칠성우","624","1","-623","49030100","78400","-48951700"
"002690","동일제강","15136","2796","-12340","68547740","12719460","-55828280"
"107590","미원홀딩스","440","33","-407","60543000","4583000","-55960000"
"145270","케이탑리츠","52259","11795","-40464","72309620","16248330","-56061290"
"002450","삼익악기","34729","206","-34523","56643375","336040","-56307335"
"001070","대한방직","1277","10","-1267","60424400","476950","-59947450"
"267850","아시아나IDT","3884","50","-3834","66396550","858100","-65538450"
"272550","삼양패키징","4203","1150","-3053","91090300","24922950","-66167350"
"005500","삼진제약","4122","1321","-2801","100732200","32511500","-68220700"
"001940","KISCO홀딩스","4232","236","-3996","72699350","4006750","-68692600"
"006840","AK홀딩스","4051","448","-3603","81064000","9005400","-72058600"
"012510","더존비즈온","4314","2418","-1896","167240000","95088950","-72151050"
"009440","KC그린홀딩스","26737","9337","-17400","119781800","41561645","-78220155"
"012630","HDC","15017","3268","-11749","106716680","23378300","-83338380"
"010140","삼성중공업","410684","393889","-16795","2310740450","2222598430","-88142020"
"249420","일동제약","1953","107","-1846","94715000","5232100","-89482900"
"009580","무림P&P","22669","3261","-19408","107007920","15646205","-91361715"
"026890","스틱인베스트먼트","40025","30130","-9895","377979980","286228820","-91751160"
"090080","평화산업","54927","88","-54839","94198040","148300","-94049740"
"011070","LG이노텍","65975","65529","-446","22054523000","21960393500","-94129500"
"192400","쿠쿠홀딩스","8169","2837","-5332","145333300","50823300","-94510000"
"095570","AJ네트웍스","15503","94","-15409","95694560","580970","-95113590"
"006110","삼아알미늄","4245","21","-4224","97638950","483900","-97155050"
"005180","빙그레","1955","74","-1881","102943800","3894300","-99049500"
"002240","고려제강","12574","8450","-4124","319894600","213558100","-106336500"
"005090","SGC에너지","3231","898","-2333","155373950","42735350","-112638600"
"012330","현대모비스","70675","69876","-799","13953958000","13836066500","-117891500"
"009410","태영건설","36727","24078","-12649","342792500","224746500","-118046000"
"002390","한독","6008","25","-5983","125771100","526350","-125244750"
"102280","쌍방울","147184","473","-146711","128231628","404843","-127826785"
"005870","휴니드","14077","103","-13974","143476410","1062900","-142413510"
"064350","현대로템","44495","36306","-8189","810305850","663531500","-146774350"
"136490","선진","15173","3979","-11194","202230500","52965250","-149265250"
"006120","SK디스커버리","8833","4965","-3868","348002600","196714050","-151288550"
"007310","오뚜기","1591","1239","-352","706561500","552348500","-154213000"
"006890","태경케미컬","10477","22","-10455","158344050","330850","-158013200"
"029780","삼성카드","32322","27482","-4840","1064286450","905911150","-158375300"
"330590","롯데리츠","117300","89127","-28173","669394290","509330440","-160063850"
"036420","콘텐트리중앙","57725","53705","-4020","2613130050","2447364950","-165765100"
"002380","KCC","10805","10307","-498","3734973000","3567378000","-167595000"
"008490","서흥","4890","77","-4813","178120000","2805000","-175315000"
"017940","E1","5965","2367","-3598","291551200","115779950","-175771250"
"005250","녹십자홀딩스","19287","10369","-8918","381589900","205614500","-175975400"
"077500","유니퀘스트","17893","315","-17578","195638400","3428150","-192210250"
"284740","쿠쿠홈시스","22319","16316","-6003","728875350","535761400","-193113950"
"004990","롯데지주","34135","28222","-5913","1129466850","936048850","-193418000"
"294870","HDC현대산업개발","32756","18443","-14313","460036650","260277600","-199759050"
"066575","LG전자우","3892","232","-3660","216538200","12937300","-203600900"
"049770","동원F&B","1301","22","-1279","213595500","3628500","-209967000"
"058730","다스코","38485","5162","-33323","243901640","33645190","-210256450"
"008040","사조동아원","113747","12242","-101505","235619330","23584550","-212034780"
"069260","TKG휴켐스","24069","14315","-9754","530393000","316177750","-214215250"
"003530","한화투자증권","54481","1081","-53400","232911215","4576640","-228334575"
"002700","신일전자","106299","2400","-103899","239203365","5390500","-233812865"
"042700","한미반도체","67197","50119","-17078","952003300","712744800","-239258500"
"000640","동아쏘시오홀딩스","3499","1126","-2373","356777000","115522500","-241254500"
"004360","세방","35426","12126","-23300","398512100","136291150","-262220950"
"042660","대우조선해양","36249","24896","-11353","857224500","590534200","-266690300"
"178920","PI첨단소재","21605","15107","-6498","964023500","679111400","-284912100"
"010955","S-Oil우","8421","3653","-4768","525622700","229358400","-296264300"
"058430","포스코스틸리온","6639","195","-6444","307799250","9078850","-298720400"
"111770","영원무역","41453","34624","-6829","1882613700","1576212700","-306401000"
"018880","한온시스템","174963","145665","-29298","1875438600","1566682900","-308755700"
"025820","이구산업","81579","62","-81517","321638190","242750","-321395440"
"001250","GS글로벌","78321","153","-78168","328176900","640375","-327536525"
"317400","자이에스앤디","38133","188","-37945","334800850","1653970","-333146880"
"001880","DL건설","14156","102","-14054","340154300","2449150","-337705150"
"002900","TYM","372753","275272","-97481","1226196240","883388900","-342807340"
"026960","동서","28396","14629","-13767","720304200","371897700","-348406500"
"001790","대한제당","72173","499","-71674","355285360","2240845","-353044515"
"055490","테이팩스","7709","3278","-4431","620212600","265145800","-355066800"
"000230","일동홀딩스","11439","3639","-7800","533073300","170528950","-362544350"
"008250","이건산업","33384","20","-33364","369825100","226800","-369598300"
"122900","아이마켓코리아","54219","17016","-37203","559508050","176157800","-383350250"
"251270","넷마블","76076","71484","-4592","6610657300","6223989500","-386667800"
"015230","대창단조","129477","54364","-75113","723932240","302526060","-421406180"
"007070","GS리테일","64189","47584","-16605","1652225250","1226958550","-425266700"
"060980","한라홀딩스","11914","1100","-10814","475670000","43983950","-431686050"
"011700","한신기계","50359","14525","-35834","632864800","185187550","-447677250"
"035250","강원랜드","221239","202157","-19082","5607634200","5142053200","-465581000"
"009420","한올바이오파마","47640","19476","-28164","791602250","325558950","-466043300"
"010820","퍼스텍","108532","1621","-106911","482311320","7227130","-475084190"
"137310","에스디바이오센서","13063","2520","-10543","599417650","113666950","-485750700"
"001630","종근당홀딩스","8213","784","-7429","539913900","51673200","-488240700"
"001120","LX인터내셔널","86819","72886","-13933","3214997450","2717420800","-497576650"
"395400","SK리츠","315097","239032","-76065","2108986960","1600462660","-508524300"
"066570","LG전자","226517","222012","-4505","25155661500","24640209000","-515452500"
"001130","대한제분","3727","411","-3316","635491500","70292500","-565199000"
"047050","포스코인터내셔널","147751","122921","-24830","3454292650","2885534550","-568758100"
"108670","LX하우시스","16905","5764","-11141","880402100","303117200","-577284900"
"037270","YG PLUS","132759","46911","-85848","910708820","321350070","-589358750"
"017810","풀무원","40958","259","-40699","626068200","3944000","-622124200"
"307950","현대오토에버","7999","3019","-4980","1012953500","382790000","-630163500"
"002990","금호건설","67232","965","-66267","652472340","9456330","-643016010"
"336260","두산퓨얼셀","78190","60607","-17583","2912400150","2258274950","-654125200"
"008930","한미사이언스","29469","14673","-14796","1320545100","664410550","-656134550"
"286940","롯데정보통신","26208","5045","-21163","815124350","158829650","-656294700"
"028670","팬오션","418411","317160","-101251","2863906250","2176294900","-687611350"
"000400","롯데손해보험","379936","11463","-368473","712013730","21504625","-690509105"
"009450","경동나비엔","26355","11974","-14381","1272102400","577603350","-694499050"
"114090","GKL","88844","37974","-50870","1230955300","528728400","-702226900"
"161890","한국콜마","57958","41056","-16902","2452453700","1737163150","-715290550"
"068400","SK렌터카","69723","906","-68817","725790600","9495700","-716294900"
"088350","한화생명","585458","308927","-276531","1556306025","825853445","-730452580"
"000150","두산","18789","9585","-9204","1574599700","807149100","-767450600"
"011760","현대코퍼레이션","44548","920","-43628","860015550","17274100","-842741450"
"051600","한전KPS","41008","18225","-22783","1570164050","698141600","-872022450"
"248070","솔루엠","52064","14893","-37171","1227834300","353873800","-873960500"
"285130","SK케미칼","24871","17093","-7778","2904890500","2017971000","-886919500"
"138490","코오롱플라스틱","75836","15254","-60582","1101918700","209272000","-892646700"
"004090","한국석유","56673","595","-56078","939223350","9689500","-929533850"
"032350","롯데관광개발","101900","40070","-61830","1534750800","604076650","-930674150"
"002460","화성산업","40435","61","-40374","951438250","1397100","-950041150"
"005420","코스모화학","73026","11548","-61478","1139286050","184156350","-955129700"
"298000","효성화학","6241","1385","-4856","1253557500","279417000","-974140500"
"005300","롯데칠성","12963","7491","-5472","2411053000","1397287000","-1013766000"
"361610","SK아이이테크놀로지","39261","29967","-9294","4403609000","3375743500","-1027865500"
"213500","한솔제지","93346","15726","-77620","1262799000","214023900","-1048775100"
"071050","한국금융지주","61868","45266","-16602","4218778200","3107808800","-1110969400"
"183190","아세아시멘트","140856","55804","-85052","1868065650","741628000","-1126437650"
"241590","화승엔터프라이즈","108997","28416","-80581","1613149200","422048100","-1191101100"
"105840","우진","82806","196","-82610","1209225300","2779450","-1206445850"
"011200","HMM","286616","240863","-45753","8218047600","6915745050","-1302302550"
"001450","현대해상","156299","112182","-44117","4792741500","3454266600","-1338474900"
"105560","KB금융","369409","344377","-25032","21290995200","19899001100","-1391994100"
"009240","한샘","30491","9453","-21038","2018479300","624887300","-1393592000"
"036570","엔씨소프트","30418","26859","-3559","12258690000","10848805000","-1409885000"
"003410","쌍용C&E","287511","102949","-184562","2277447720","816087350","-1461360370"
"011210","현대위아","52199","28431","-23768","3228883600","1767030100","-1461853500"
"005935","삼성전자우","61125","35033","-26092","3568756900","2043238000","-1525518900"
"103140","풍산","81956","29455","-52501","2395920000","862743100","-1533176900"
"016360","삼성증권","110430","68331","-42099","4147255450","2571464950","-1575790500"
"306200","세아제강","12183","2959","-9224","2104036000","517138000","-1586898000"
"020560","아시아나항공","129531","39187","-90344","2436550900","741547100","-1695003800"
"014830","유니드","19587","4395","-15192","2282495000","513349000","-1769146000"
"047040","대우건설","420949","124210","-296739","2655700080","786888730","-1868811350"
"078930","GS","168285","128225","-40060","7995467150","6095639800","-1899827350"
"025860","남해화학","158229","7999","-150230","2044430150","103497450","-1940932700"
"316140","우리금융지주","487019","355665","-131354","7300949950","5345540000","-1955409950"
"000490","대동","151115","26970","-124145","2419295250","430663700","-1988631550"
"093370","후성","233669","113910","-119759","4313380200","2101430200","-2211950000"
"004020","현대제철","198353","138050","-60303","8104586050","5666984450","-2437601600"
"051900","LG생활건강","20574","17449","-3125","16462548000","13956497000","-2506051000"
"010130","고려아연","12181","7512","-4669","6643769000","4104070000","-2539699000"
"028050","삼성엔지니어링","249196","146269","-102927","6503136400","3834492250","-2668644150"
"402340","SK스퀘어","119652","59985","-59667","5402647650","2725733400","-2676914250"
"004000","롯데정밀화학","47812","11878","-35934","3730166200","929970000","-2800196200"
"034020","두산에너빌리티","727114","583883","-143231","14842528850","11951170950","-2891357900"
"000080","하이트진로","187825","106115","-81710","6714282500","3822790750","-2891491750"
"001230","동국제강","258552","90588","-167964","4599570900","1619806550","-2979764350"
"181710","NHN","101164","6017","-95147","3212831550","190075400","-3022756150"
"329180","현대중공업","51502","28029","-23473","6662937500","3639864500","-3023073000"
"377300","카카오페이","101774","67460","-34314","9223553500","6137121300","-3086432200"
"000720","현대건설","231523","157154","-74369","9736531350","6633444650","-3103086700"
"009150","삼성전기","123696","104100","-19596","19672378000","16566661500","-3105716500"
"336370","솔루스첨단소재","67213","17756","-49457","4247638800","1141619000","-3106019800"
"207940","삼성바이오로직스","18110","14165","-3945","14423790000","11304423000","-3119367000"
"000060","메리츠화재","145549","68115","-77434","5966055050","2822529000","-3143526050"
"052690","한전기술","52653","13786","-38867","4299355600","1142499400","-3156856200"
"020150","일진머티리얼즈","78354","38176","-40178","6366275600","3124600900","-3241674700"
"007660","이수페타시스","554221","95352","-458869","3934301670","683080550","-3251221120"
"005830","DB손해보험","93983","39118","-54865","5900866900","2473380800","-3427486100"
"089860","롯데렌탈","136982","38079","-98903","5533538100","1538465800","-3995072300"
"112610","씨에스윈드","126653","40450","-86203","6489951100","2072650300","-4417300800"
"241560","두산밥캣","168068","53941","-114127","6745092900","2171081950","-4574010950"
"047810","한국항공우주","238905","140291","-98614","11551194750","6770262400","-4780932350"
"015760","한국전력","696323","483161","-213162","15785133000","10959774650","-4825358350"
"091810","티웨이항공","2363524","196137","-2167387","6472233225","539880810","-5932352415"
"375500","DL이앤씨","221569","96270","-125299","11462767700","5004977400","-6457790300"
"006360","GS건설","356581","175146","-181435","13993354700","6907468400","-7085886300"
"000660","SK하이닉스","2040160","1976097","-64063","221536532500","214358244000","-7178288500"
"079550","LIG넥스원","118640","29492","-89148","9750003200","2429770300","-7320232900"
"039130","하나투어","117393","15587","-101806","8573612000","1139565000","-7434047000"
"034730","SK","78372","47494","-30878","19082225000","11582202500","-7500022500"
"282330","BGF리테일","59744","13085","-46659","11035372000","2430341500","-8605030500"
"005070","코스모신소재","213439","48852","-164587","11280670900","2620923600","-8659747300"
"352820","하이브","83489","27718","-55771","18733241500","6303241500","-12430000000"
"002150","도화엔지니어링","1308371","105582","-1202789","15148677900","1177588100","-13971089800"
"016380","KG스틸","784464","58782","-725682","18028443000","1284087500","-16744355500"
"373220","LG에너지솔루션","141287","97165","-44122","55177983500","38038127500","-17139856000"
"010950","S-Oil","265211","94911","-170300","28289533500","10142294500","-18147239000"