종목코드,종목명,거래량_매도,거래량_매수,거래량_순매수,거래대금_매도,거래대금_매수,거래대금_순매수
"000660","SK하이닉스","997902","1362680","364778","108360679500","148215502000","39854822500"
"000270","기아","568013","901162","333149","47312756300","75011716900","27698960600"
"010950","S-Oil","366183","609039","242856","39138127000","65085831500","25947704500"
"373220","LG에너지솔루션","106757","147882","41125","41925365500","57900168000","15974802500"
"034730","SK","45846","87320","41474","11219956500","21287289000","10067332500"
"017670","SK텔레콤","130567","283417","152850","7624617700","16546353500","8921735800"
"282330","BGF리테일","35532","82911","47379","6597163500","15345437500","8748274000"
"078930","GS","109689","272048","162359","5210881750","12921918000","7711036250"
"079550","LIG넥스원","36844","127041","90197","3036061800","10464923500","7428861700"
"028050","삼성엔지니어링","854472","1075521","221049","22306039000","28070110150","5764071150"
"000060","메리츠화재","90832","219085","128253","3728714950","8990915050","5262200100"
"097950","CJ제일제당","36896","49147","12251","14695982000","19475577500","4779595500"
"047810","한국항공우주","159482","257909","98427","7710475600","12457556650","4747081050"
"112610","씨에스윈드","39088","127245","88157","2002359700","6517629000","4515269300"
"375500","DL이앤씨","69139","154878","85739","3589898000","8018787300","4428889300"
"003670","포스코케미칼","104486","140510","36024","13025639500","17453523500","4427884000"
"047050","포스코인터내셔널","110981","279836","168855","2609237950","6565611750","3956373800"
"035420","NAVER","318976","333135","14159","87455882000","91284134500","3828252500"
"052690","한전기술","71624","107800","36176","5940669400","8881874000","2941204600"
"035250","강원랜드","119044","230759","111715","3031398950","5845940450","2814541500"
"033780","KT&G","108961","142110","33149","8981986100","11705545300","2723559200"
"000080","하이트진로","81314","150132","68818","2924761500","5393097000","2468335500"
"005300","롯데칠성","10997","24183","13186","2049923500","4509209500","2459286000"
"030200","KT","317766","386250","68484","11402330100","13843050650","2440720550"
"031430","신세계인터내셔날","112260","187094","74834","3694607450","6128442650","2433835200"
"011780","금호석유","42440","59248","16808","6174893500","8605743000","2430849500"
"005830","DB손해보험","94554","132774","38220","5956469100","8345344300","2388875200"
"000990","DB하이텍","200217","238236","38019","12963707400","15344771300","2381063900"
"249420","일동제약","124279","167975","43696","6013934800","8159243400","2145308600"
"336370","솔루스첨단소재","37310","71614","34304","2367043300","4508754900","2141711600"
"010060","OCI","32688","52823","20135","3432227500","5512786000","2080558500"
"020560","아시아나항공","68241","178526","110285","1281789550","3345533150","2063743600"
"011700","한신기계","1303930","1480394","176464","16466229750","18471208550","2004978800"
"352820","하이브","95294","104258","8964","21476044500","23473482000","1997437500"
"020150","일진머티리얼즈","129390","153823","24433","10600415800","12566686500","1966270700"
"241560","두산밥캣","102295","148959","46664","4118179950","5983923800","1865743850"
"117580","대성에너지","267048","398405","131357","3787912500","5644870350","1856957850"
"010130","고려아연","20170","23458","3288","11029559000","12813890000","1784331000"
"014830","유니드","21847","36479","14632","2543499000","4236922000","1693423000"
"093370","후성","221274","312971","91697","4096386200","5764512900","1668126700"
"002460","화성산업","13828","84722","70894","317171050","1979726350","1662555300"
"402340","SK스퀘어","268489","305155","36666","12136461750","13754613750","1618152000"
"138040","메리츠금융지주","98371","146247","47876","3319183150","4930320850","1611137700"
"051600","한전KPS","31074","72435","41361","1191428350","2770935850","1579507500"
"001450","현대해상","169490","218470","48980","5211018850","6707220900","1496202050"
"204320","만도","72025","99485","27460","3792926700","5195831700","1402905000"
"008350","남선알미늄","344992","843928","498936","949687260","2319194650","1369507390"
"114090","GKL","28884","125866","96982","400473450","1740558350","1340084900"
"183190","아세아시멘트","24740","124968","100228","329043550","1646865850","1317822300"
"009240","한샘","17185","36553","19368","1138882600","2425337900","1286455300"
"006740","영풍제지","203667","306590","102923","2550525800","3824557150","1274031350"
"004430","송원산업","101487","155079","53592","2505217250","3766283550","1261066300"
"006360","GS건설","144831","176309","31478","5705607150","6936181000","1230573850"
"039130","하나투어","33476","49858","16382","2448615800","3658924700","1210308900"
"000815","삼성화재우","1501","8909","7408","240165500","1438912500","1198747000"
"003410","쌍용C&E","139265","286612","147347","1103635410","2269332970","1165697560"
"178920","PI첨단소재","30172","53572","23400","1347876850","2382401650","1034524800"
"353200","대덕전자","340275","378926","38651","9962110100","10978137250","1016027150"
"298000","효성화학","767","5744","4977","154130500","1156514500","1002384000"
"064350","현대로템","79701","134590","54889","1454771650","2454384800","999613150"
"032640","LG유플러스","422438","495887","73449","5941175500","6934119950","992944450"
"025860","남해화학","428273","503208","74935","5575768400","6561945200","986176800"
"011000","진원생명과학","168216","267871","99655","1657395800","2642885570","985489770"
"007660","이수페타시스","358674","493354","134680","2544105360","3497572500","953467140"
"003580","HLB글로벌","124248","268579","144331","826224810","1777811040","951586230"
"018880","한온시스템","396519","480309","83790","4262417350","5159550550","897133200"
"036460","한국가스공사","100850","121514","20664","4338506000","5225901750","887395750"
"006800","미래에셋증권","336446","448289","111843","2641512050","3494986400","853474350"
"081660","휠라홀딩스","230610","258852","28242","6920902300","7771553950","850651650"
"088980","맥쿼리인프라","36680","97285","60605","508830950","1349509300","840678350"
"018670","SK가스","32621","39076","6455","3867450500","4669623000","802172500"
"383220","F&F","85014","91638","6624","10348972000","11149729000","800757000"
"137310","에스디바이오센서","67945","85244","17299","3087566650","3877689200","790122550"
"097955","CJ제일제당 우","627","4933","4306","112059500","881230500","769171000"
"377300","카카오페이","186806","195272","8466","16970311900","17734119700","763807800"
"003000","부광약품","61113","128312","67199","649645950","1360636500","710990550"
"033270","유나이티드제약","5428","31906","26478","146289350","854902200","708612850"
"381970","케이카","134263","163171","28908","3324136050","4032289200","708153150"
"005870","휴니드","88212","155255","67043","914810710","1608067720","693257010"
"286940","롯데정보통신","3079","25259","22180","96580950","786144050","689563100"
"005880","대한해운","89666","346171","256505","237704620","918281385","680576765"
"000150","두산","35384","43462","8078","2967530800","3642803700","675272900"
"092220","KEC","440492","663306","222814","1360507830","2032783610","672275780"
"100840","SNT에너지","7874","42407","34533","154963000","826280550","671317550"
"006405","삼성SDI우","129","2355","2226","37970500","693106000","655135500"
"029780","삼성카드","28129","47877","19748","928202900","1579357650","651154750"
"003780","진양산업","59896","139483","79587","482145700","1120863360","638717660"
"005420","코스모화학","72089","110320","38231","1126709150","1724037400","597328250"
"002710","TCC스틸","119288","172892","53604","1387183950","1981516800","594332850"
"213500","한솔제지","3929","47179","43250","53468550","637997550","584529000"
"026960","동서","17518","40370","22852","444781250","1024045500","579264250"
"000370","한화손해보험","157228","280446","123218","745007880","1321150745","576142865"
"007570","일양약품","8700","33365","24665","199426250","764783650","565357400"
"248070","솔루엠","27338","50190","22852","647394150","1188762050","541367900"
"009420","한올바이오파마","24232","56762","32530","402083450","942032000","539948550"
"004990","롯데지주","15703","31702","15999","520742050","1049555950","528813900"
"007310","오뚜기","940","2124","1184","418547000","940334000","521787000"
"036420","콘텐트리중앙","15372","26985","11613","701131350","1212236700","511105350"
"000970","한국주철관","20901","72622","51721","202200330","703544420","501344090"
"006880","신송홀딩스","198993","250538","51545","2202357550","2703330450","500972900"
"082740","HSD엔진","52829","102288","49459","527643110","1016798650","489155540"
"128820","대성산업","65694","164841","99147","322188045","809323855","487135810"
"145720","덴티움","56657","63914","7257","3774476500","4260657200","486180700"
"008260","NI스틸","68745","168038","99293","347732175","833463010","485730835"
"004360","세방","4238","44325","40087","47794000","496385600","448591600"
"000020","동화약품","17042","55727","38685","195982900","640000500","444017600"
"025820","이구산업","48281","159223","110942","190318050","625574710","435256660"
"015860","일진홀딩스","19940","98234","78294","105961370","523000000","417038630"
"306200","세아제강","15350","17777","2427","2680411000","3096392000","415981000"
"020120","키다리스튜디오","103748","150563","46815","896854080","1306733550","409879470"
"014530","극동유화","168017","263438","95421","706149170","1107375175","401226005"
"077500","유니퀘스트","8700","44934","36234","95297100","492763750","397466650"
"002360","SH에너지화학","27063","340576","313513","34622665","430081695","395459030"
"001040","CJ","16295","20894","4599","1360920400","1742027200","381106800"
"009830","한화솔루션","132981","145501","12520","4116187100","4497158850","380971750"
"013580","계룡건설","9098","20287","11189","308137550","688755550","380618000"
"013000","세우글로벌","1089131","1257146","168015","2562765965","2942159710","379393745"
"000400","롯데손해보험","20340","221354","201014","38234835","415357585","377122750"
"008420","문배철강","84462","164405","79943","399823945","776198320","376374375"
"097520","엠씨넥스","32640","42457","9817","1269053800","1638188250","369134450"
"032350","롯데관광개발","136898","161607","24709","2058115550","2422700850","364585300"
"095720","웅진씽크빅","630942","749947","119005","2007272725","2359684785","352412060"
"264900","크라운제과","11414","44651","33237","121994950","474287050","352292100"
"010780","아이에스동서","20902","28088","7186","1033928000","1372887950","338959950"
"005440","현대그린푸드","23653","62852","39199","204344920","541933330","337588410"
"086280","현대글로비스","36851","38547","1696","7478652500","7808117000","329464500"
"005385","현대차우","9981","13553","3572","909593000","1228774400","319181400"
"012510","더존비즈온","40812","48891","8079","1577095200","1895057050","317961850"
"013360","일성건설","166056","235892","69836","757557205","1074396995","316839790"
"207940","삼성바이오로직스","20976","21362","386","16725233000","17040841000","315608000"
"026940","부국철강","79273","144779","65506","379767940","688176545","308408605"
"001780","알루코","44651","134428","89777","151845545","456947875","305102330"
"005389","현대차3우B","485","3745","3260","42736900","328750400","286013500"
"002690","동일제강","207314","270971","63657","939743740","1223584225","283840485"
"007210","벽산","49781","130641","80860","175736900","456113720","280376820"
"272210","한화시스템","108738","127786","19048","1677349100","1951500500","274151400"
"017960","한국카본","159438","182574","23136","2170480500","2442635750","272155250"
"100250","진양홀딩스","28262","107230","78968","96805805","366274175","269468370"
"210540","디와이파워","83263","102192","18929","1275282850","1544051000","268768150"
"032560","황금에스티","34497","64674","30177","303310250","567135580","263825330"
"035150","백산","90706","114182","23476","1082933600","1345099200","262165600"
"395400","SK리츠","54214","93106","38892","363757660","625285360","261527700"
"004370","농심","6352","7219","867","1911613000","2170961500","259348500"
"005030","부산주공","1320394","1642861","322467","1113453346","1360565309","247111963"
"001520","동양","78569","251267","172698","113782495","360437990","246655495"
"003160","디아이","37523","67901","30378","308713750","554809200","246095450"
"090350","노루페인트","24822","48959","24137","255612200","498797600","243185400"
"004980","성신양회","38903","60022","21119","472450700","713316300","240865600"
"013700","까뮤이앤씨","75341","179745","104404","173172750","413575395","240402645"
"900140","엘브이엠씨홀딩스","26270","94695","68425","90698045","330444660","239746615"
"002150","도화엔지니어링","196144","220108","23964","1883250720","2122094260","238843540"
"001880","DL건설","2841","12587","9746","68405950","303053950","234648000"
"129260","인터지스","40780","108961","68181","134671510","356722655","222051145"
"330590","롯데리츠","35177","73805","38628","201316410","421395940","220079530"
"003280","흥아해운","84807","170930","86123","223182090","442916620","219734530"
"012800","대창","88066","202236","114170","165781190","384701380","218920190"
"226320","잇츠한불","23659","33903","10244","508915000","720906600","211991600"
"010690","화신","102440","127866","25426","868625720","1076991830","208366110"
"001020","페이퍼코리아","252859","340210","87351","602670020","810344330","207674310"
"009155","삼성전기우","337","2651","2314","30044600","237259000","207214400"
"058430","포스코스틸리온","2245","6617","4372","104334550","308034350","203699800"
"014160","대영포장","46485","136535","90050","103841965","305319350","201477385"
"004770","써니전자","314923","377150","62227","993816640","1194419930","200603290"
"003850","보령","11958","28678","16720","142446600","341461950","199015350"
"241590","화승엔터프라이즈","15770","28811","13041","233600400","427079700","193479300"
"017550","수산중공업","1691531","1754243","62712","6184420905","6372555055","188134150"
"010640","진양폴리","41682","76304","34622","221825800","405938820","184113020"
"267290","경동도시가스","9723","16731","7008","242568300","418852100","176283800"
"006490","인스코비","25948","91788","65840","68679610","242222530","173542920"
"001230","동국제강","197448","206792","9344","3506246250","3679291100","173044850"
"011090","에넥스","93742","180725","86983","187211535","359684680","172473145"
"194370","제이에스코퍼레이션","19228","28133","8905","398871500","570372200","171500700"
"012610","경인양행","80625","106270","25645","554986740","720819400","165832660"
"004140","동방","21277","75519","54242","65653280","230655480","165002200"
"001060","JW중외제약","36981","43625","6644","969249200","1132989400","163740200"
"069730","DSR제강","50904","80004","29100","298605220","460396290","161791070"
"000680","LS네트웍스","26267","72169","45902","93247360","254024590","160777230"
"267850","아시아나IDT","3282","12624","9342","55885950","212886000","157000050"
"084690","대상홀딩스","37598","53364","15766","373262930","530261180","156998250"
"009070","KCTC","21896","49348","27452","122580320","276647960","154067640"
"009410","태영건설","10528","27002","16474","97996450","252008880","154012430"
"005090","SGC에너지","9254","12403","3149","440795550","591979200","151183650"
"108670","LX하우시스","6125","8999","2874","318591400","468129700","149538300"
"350520","이지스레지던스리츠","4141","29631","25490","23750730","169035040","145284310"
"329180","현대중공업","76442","77544","1102","9895091000","10039131000","144040000"
"161890","한국콜마","46080","49461","3381","1938988250","2082253050","143264800"
"013570","디와이","75573","92563","16990","618651440","760088450","141437010"
"00680K","미래에셋증권2우B","62589","94674","32085","273065865","413428650","140362785"
"227840","현대코퍼레이션홀딩스","74531","85061","10530","1011496450","1150946200","139449750"
"024890","대원화성","28775","81824","53049","75985045","215216730","139231685"
"011785","금호석유우","2663","4131","1468","247843700","386770100","138926400"
"014440","영보화학","18965","50092","31127","86352420","225138760","138786340"
"192650","드림텍","32227","46137","13910","317743950","456435260","138691310"
"006040","동원산업","1691","2268","577","398258500","534836000","136577500"
"051630","진양화학","30357","59353","28996","143749395","279682815","135933420"
"011210","현대위아","29731","31804","2073","1837553900","1972588900","135035000"
"123690","한국화장품","22660","36816","14156","215190370","349161840","133971470"
"024720","한국콜마홀딩스","3362","9814","6452","68810850","198262900","129452050"
"078520","에이블씨엔씨","11792","30896","19104","79213350","205532110","126318760"
"002410","범양건영","93658","117001","23343","533996120","659183720","125187600"
"016880","웅진","4477024","4544362","67338","9657256365","9781645560","124389195"
"044450","KSS해운","11916","22748","10832","133976800","257220600","123243800"
"214420","토니모리","82363","105235","22872","453696800","575623120","121926320"
"001770","SHD","1477","5680","4203","43366600","163703900","120337300"
"000225","유유제약1우","2889","14835","11946","30083050","150393610","120310560"
"004540","깨끗한나라","21154","48314","27160","93882795","212400805","118518010"
"010660","화천기계","26510","61105","34595","88351960","205034500","116682540"
"005740","크라운해태홀딩스","13087","24640","11553","125013430","233917530","108904100"
"007810","코리아써키트","41757","45618","3861","1173773100","1281472600","107699500"
"145990","삼양사","1190","3270","2080","62087000","169736500","107649500"
"007980","태평양물산","17274","62641","45367","40911220","147704635","106793415"
"011300","성안","60718","244541","183823","34887862","140435904","105548042"
"047040","대우건설","767295","782889","15594","4841681280","4944328470","102647190"
"001530","DI동일","16369","21089","4720","383545850","485694650","102148800"
"008060","대덕","12000","25483","13483","92293030","194358220","102065190"
"016610","DB금융투자","16277","32992","16715","100955380","202459770","101504390"
"001210","금호전기","8015","54204","46189","17061385","116833185","99771800"
"011500","한농화성","17458","23976","6518","266502550","365496400","98993850"
"000180","성창기업지주","140548","177818","37270","384114965","481760815","97645850"
"011390","부산산업","760","1701","941","78060000","172103500","94043500"
"02826K","삼성물산우B","188","1061","873","20071500","113405500","93334000"
"004920","씨아이테크","18605","101447","82842","20984585","114234710","93250125"
"000300","대유플러스","104616","186551","81935","118907075","210385785","91478710"
"298690","에어부산","32063","74274","42211","70147420","160510925","90363505"
"017810","풀무원","8979","14719","5740","136477000","224991050","88514050"
"010040","한국내화","20158","43626","23468","76385585","164219210","87833625"
"020760","일진디스플","56773","100618","43845","113194455","198958510","85764055"
"070960","용평리조트","25642","43645","18003","124745280","209662265","84916985"
"001360","삼성제약","31150","54335","23185","114135520","198758025","84622505"
"012280","영화금속","162087","222356","60269","235663195","320005525","84342330"
"095570","AJ네트웍스","15970","29467","13497","99160120","181859400","82699280"
"002100","경농","22651","28923","6272","296275950","376485300","80209350"
"002220","한일철강","77345","93153","15808","435539560","515485460","79945900"
"293480","하나제약","1541","5658","4117","29868400","109352400","79484000"
"004720","팜젠사이언스","13758","24376","10618","102813520","181313570","78500050"
"003350","한국화장품제조","3789","6528","2739","108521950","186580600","78058650"
"001290","상상인증권","27083","97982","70899","30241310","107792355","77551045"
"005950","이수화학","92730","98969","6239","1430499650","1503941250","73441600"
"003220","대원제약","25442","30017","4575","419348100","491820950","72472850"
"023150","MH에탄올","13852","21009","7157","143259900","215330450","72070550"
"012690","모나리자","22992","42881","19889","83563720","155201840","71638120"
"003570","SNT중공업","13627","21889","8262","120682840","191935460","71252620"
"002990","금호건설","26607","33706","7099","259671360","329667600","69996240"
"004870","티웨이홀딩스","109622","203993","94371","81044505","150018914","68974409"
"003080","성보화학","19692","36751","17059","81643605","150269160","68625555"
"003480","한진중공업홀딩스","31312","46477","15165","139467370","205622475","66155105"
"163560","동일고무벨트","12835","20880","8045","103442710","168656560","65213850"
"37550K","DL이앤씨우","164","2112","1948","5472000","70563400","65091400"
"122900","아이마켓코리아","6159","12355","6196","63853150","128720200","64867050"
"007460","에이프로젠 MED","141463","183779","42316","211493105","275282675","63789570"
"089860","롯데렌탈","63108","64688","1580","2553688050","2617243700","63555650"
"031440","신세계푸드","3903","4957","1054","266419200","329962100","63542900"
"071055","한국금융지주우","426","1400","974","27212100","90498100","63286000"
"001200","유진투자증권","136144","155543","19399","431743185","494338665","62595480"
"008600","윌비스","109350","159189","49839","135716015","197674895","61958880"
"404990","신한서부티엔디리츠","14219","25967","11748","77137430","138925490","61788060"
"006090","사조오양","10638","16618","5980","109639300","171017350","61378050"
"003555","LG우","221","1227","1006","13340400","74130500","60790100"
"001800","오리온홀딩스","17994","22314","4320","249894400","308955450","59061050"
"155660","DSR","29847","40258","10411","182034440","240654140","58619700"
"008110","대동전자","6107","13931","7824","45739150","104295510","58556360"
"075580","세진중공업","106847","114749","7902","710865290","768863050","57997760"
"002760","보락","43845","73954","30109","85734495","143621705","57887210"
"005180","빙그레","4512","5604","1092","237590000","295391400","57801400"
"001130","대한제분","3014","3341","327","516657500","574047000","57389500"
"058860","KTis","17372","39733","22361","43926405","100842350","56915945"
"085310","엔케이","39042","90505","51463","42741235","99322165","56580930"
"006110","삼아알미늄","9903","12451","2548","225690700","281816350","56125650"
"26490K","크라운제과우","2906","6926","4020","41588750","97455950","55867200"
"071970","STX중공업","17781","29276","11495","85975995","141416655","55440660"
"017800","현대엘리베이","24672","26351","1679","850347850","905292950","54945100"
"083420","그린케미칼","15984","22054","6070","147515220","201881680","54366460"
"007160","사조산업","4990","6089","1099","248324350","302196300","53871950"
"103140","풍산","25204","26998","1794","735890150","789598650","53708500"
"378850","화승알앤에이","32912","45090","12178","143220985","196040155","52819170"
"000640","동아쏘시오홀딩스","418","923","505","42688000","94497000","51809000"
"28513K","SK케미칼우","1316","2173","857","80161800","131076800","50915000"
"092780","동양피스톤","9707","18259","8552","58337900","108530900","50193000"
"067830","세이브존I&C","5421","20448","15027","17957310","67453855","49496545"
"014580","태경비케이","33550","44483","10933","156085460","204477560","48392100"
"001550","조비","29122","31236","2114","657566600","705120100","47553500"
"044380","주연테크","83565","129124","45559","89217275","136705375","47488100"
"002870","신풍제지","74356","99297","24941","154760560","202151895","47391335"
"012030","DB","108997","160182","51185","104927081","151940302","47013221"
"000520","삼일제약","5033","10801","5768","40058440","85693730","45635290"
"023800","인지컨트롤스","11029","15349","4320","113337250","158706700","45369450"
"000157","두산2우B","451","866","415","50660000","95952000","45292000"
"004710","한솔테크닉스","5068","12451","7383","32025580","77272640","45247060"
"088790","진도","9168","22013","12845","33162565","78107015","44944450"
"003300","한일홀딩스","984","4442","3458","12733450","57565500","44832050"
"015260","에이엔피","7562","26405","18843","17857570","62457300","44599730"
"002840","미원상사","466","749","283","74218500","116981000","42762500"
"003560","IHQ","103255","143302","40047","107682960","149900150","42217190"
"008250","이건산업","17261","21125","3864","195408600","237353200","41944600"
"024900","덕양산업","12260","25923","13663","37620195","78776325","41156130"
"006390","한일현대시멘트","1283","2638","1355","38494700","79470200","40975500"
"041650","상신브레이크","13879","24012","10133","54201075","94841725","40640650"
"101530","해태제과식품","6770","11734","4964","54924940","95435730","40510790"
"003960","사조대림","22730","24452","1722","687048100","727364050","40315950"
"019680","대교","10419","21337","10918","38729575","78849165","40119590"
"005360","모나미","33384","42320","8936","151599535","191408270","39808735"
"006200","한국전자홀딩스","42121","64985","22864","68916400","108699890","39783490"
"009580","무림P&P","110472","119158","8686","524642135","564243175","39601040"
"016580","환인제약","3266","5593","2327","55825750","95424500","39598750"
"338100","NH프라임리츠","2545","10493","7948","12618025","51918935","39300910"
"009440","KC그린홀딩스","26320","34704","8384","115525680","153942950","38417270"
"084870","TBH글로벌","7568","26863","19295","15680475","54057735","38377260"
"091810","티웨이항공","172377","185208","12831","473014960","511179175","38164215"
"001340","백광산업","72714","80380","7666","385396480","422708550","37312070"
"145270","케이탑리츠","22694","49453","26759","31428035","68335920","36907885"
"018470","조일알미늄","323700","340358","16658","739605115","776018205","36413090"
"037270","YG PLUS","79176","84692","5516","541836880","577900270","36063390"
"004910","조광페인트","5075","9639","4564","40127180","75876770","35749590"
"004060","SG세계물산","146975","199048","52073","98656990","134141037","35484047"
"008970","동양철관","121219","148632","27413","155167085","190168695","35001610"
"031820","콤텍시스템","100552","137963","37411","94841625","129634735","34793110"
"009470","삼화전기","1312","2703","1391","33054450","67718900","34664450"
"004970","신라교역","1059","3914","2855","12956750","47575000","34618250"
"133820","화인베스틸","44213","56042","11829","138956605","172792050","33835445"
"069640","한세엠케이","8247","17259","9012","30671445","64230920","33559475"
"003495","대한항공우","522","1445","923","18981300","52087000","33105700"
"082640","동양생명","20537","25692","5155","130835480","163574340","32738860"
"078935","GS우","707","1556","849","26155100","57805650","31650550"
"036530","SNT홀딩스","535","2407","1872","8902650","40405600","31502950"
"268280","미원에스씨","375","528","153","75587500","105003000","29415500"
"009180","한솔로지스틱스","143768","151920","8152","554604880","583690125","29085245"
"013890","지누스","6810","7313","503","431129100","459915300","28786200"
"018250","애경산업","11173","12922","1749","195046800","223776150","28729350"
"001140","국보","621828","653194","31366","810502390","839178665","28676275"
"013520","화승코퍼레이션","21608","37894","16286","37629955","66171855","28541900"
"003720","삼영화학","52792","62746","9954","160133615","188567155","28433540"
"001685","대상우","1432","2832","1400","26692400","52654950","25962550"
"111110","호전실업","18895","21452","2557","189893300","215575670","25682370"
"357250","미래에셋맵스리츠","3243","8301","5058","16364350","41838290","25473940"
"014790","한라","17677","22745","5068","90495630","115749170","25253540"
"058850","KTcs","8577","19354","10777","19998470","44812255","24813785"
"011420","갤럭시아에스엠","50274","62386","12112","106787840","131303165","24515325"
"101140","인바이오젠","29838","40844","11006","67751725","92258800","24507075"
"003070","코오롱글로벌","4099","5400","1301","80828100","104688350","23860250"
"033530","세종공업","3514","6899","3385","24346410","47832820","23486410"
"023810","인팩","9383","12012","2629","85460020","108782810","23322790"
"025750","한솔홈데코","88596","101811","13215","144083370","167119800","23036430"
"001420","태원물산","5303","9877","4574","26886200","49851295","22965095"
"016090","대현","37632","46455","8823","95395465","117919570","22524105"
"000700","유수홀딩스","20166","23977","3811","121550690","143927710","22377020"
"007815","코리아써우","1104","3112","2008","11835400","33586750","21751350"
"009460","한창제지","71285","81301","10016","144610535","166101365","21490830"
"007700","F&F홀딩스","7114","8020","906","165715150","187125950","21410800"
"004380","삼익THK","5163","6642","1479","68359150","88675550","20316400"
"009310","참엔지니어링","56251","73144","16893","66568610","86703680","20135070"
"35320K","대덕전자1우","2805","4219","1414","40341650","60299800","19958150"
"005110","한창","15082","43466","28384","10274913","29559674","19284761"
"950210","프레스티지바이오파마","8295","9575","1280","132877450","152027150","19149700"
"001260","남광토건","2554","4107","1553","29361000","47648100","18287100"
"016740","두올","17314","21980","4666","62206930","79169335","16962405"
"33626L","두산퓨얼셀2우B","3480","4572","1092","53637450","70264850","16627400"
"012160","영흥","34189","50754","16565","35063295","51576528","16513233"
"004310","현대약품","9385","12782","3397","45449620","61884760","16435140"
"282690","동아타이어","5063","6401","1338","62557150","78729450","16172300"
"092230","KPX홀딩스","461","724","263","28239000","44229000","15990000"
"084695","대상홀딩스우","5148","6436","1288","68688950","84291400","15602450"
"018500","동원금속","60458","75414","14956","56584448","72102758","15518310"
"011150","CJ씨푸드","56404","60494","4090","218832335","234073150","15240815"
"010420","한솔PNS","29025","37493","8468","56724685","71901325","15176640"
"068290","삼성출판사","5446","5995","549","145485850","160033400","14547550"
"033250","체시스","66093","78504","12411","80459280","95005760","14546480"
"025890","한국주강","26637","30840","4203","99446790","113990075","14543285"
"118000","초록뱀헬스케어","17601","30377","12776","19993625","34468050","14474425"
"013870","지엠비코리아","4190","6826","2636","23135490","37570830","14435340"
"004150","한솔홀딩스","29254","33585","4331","98855175","112952580","14097405"
"034300","신세계건설","1194","1629","435","39629300","53139950","13510650"
"090370","메타랩스","51186","69353","18167","39722426","53160197","13437771"
"063160","종근당바이오","6029","6468","439","193787900","206806900","13019000"
"005305","롯데칠성우","193","359","166","15112600","28066500","12953900"
"272550","삼양패키징","2128","2704","576","46127500","58917600","12790100"
"000430","대원강업","15849","19973","4124","53617835","66390965","12773130"
"060980","한라홀딩스","4396","4709","313","175666950","188326400","12659450"
"002920","유성기업","4914","8664","3750","15707740","27892710","12184970"
"001510","SK증권","144702","160640","15938","120889849","132597693","11707844"
"068400","SK렌터카","10255","11419","1164","107490250","118991700","11501450"
"006380","카프로","41879","44226","2347","185884435","197145195","11260760"
"005800","신영와코루","755","1679","924","9559950","20435100","10875150"
"079430","현대리바트","4987","5720","733","66261100","76493000","10231900"
"00088K","한화3우B","19048","19643","595","293235150","302952700","9717550"
"015590","큐로","121213","140638","19425","54942113","64342423","9400310"
"037710","광주신세계","1646","1901","255","59582450","68881950","9299500"
"007690","국도화학","2066","2234","168","108438700","117688200","9249500"
"377190","디앤디플랫폼리츠","2123","3764","1641","11219770","19926720","8706950"
"081000","일진다이아","3781","4071","290","96920500","104577450","7656950"
"035510","신세계 I&C","7038","7544","506","110931250","118586700","7655450"
"008500","일정실업","3","313","310","66600","6841550","6774950"
"120115","코오롱인더우","1253","1476","223","38198650","44715050","6516400"
"005320","국동","54334","57660","3326","115171015","121673175","6502160"
"33637L","솔루스첨단소재2우B","157","529","372","2692950","9067350","6374400"
"092200","디아이씨","43151","44518","1367","204578865","210709840","6130975"
"004100","태양금속","68069","73182","5113","92178195","98281295","6103100"
"322000","현대에너지솔루션","6328","6618","290","143157450","149094550","5937100"
"417310","코람코더원리츠","10873","11863","990","66953680","72723080","5769400"
"000040","KR모터스","47773","55458","7685","38033203","43653444","5620241"
"011810","STX","21170","22587","1417","87146925","92731855","5584930"
"003470","유안타증권","19205","20790","1585","64465675","69810090","5344415"
"071320","지역난방공사","328","477","149","11611450","16804800","5193350"
"084670","동양고속","106","398","292","1860900","6905900","5045000"
"145210","다이나믹디자인","1300","2217","917","7158820","12106690","4947870"
"18064K","한진칼우","122","245","123","4550750","9081300","4530550"
"001380","SG글로벌","20093","22797","2704","35140380","39513690","4373310"
"001460","BYC","35","45","10","15426000","19790000","4364000"
"010400","우진아이엔에스","1152","1704","552","8783010","12896710","4113700"
"000140","하이트진로홀딩스","1653","1903","250","21757850","25129300","3371450"
"017900","광전자","24498","26249","1751","63702210","66850985","3148775"
"004440","삼일씨엔에스","2814","3123","309","27259420","29980280","2720860"
"003547","대신증권2우B","805","990","185","11644150","14332450","2688300"
"009270","신원","206606","209428","2822","368755840","371295830","2539990"
"006805","미래에셋증권우","412","865","453","2229980","4676780","2446800"
"010100","한국프랜지","34587","35943","1356","103395345","105699165","2303820"
"012320","경동인베스트","83","135","52","3009500","4908200","1898700"
"005250","녹십자홀딩스","26455","26525","70","522097850","523973750","1875900"
"002020","코오롱","1981","2044","63","53654350","55498100","1843750"
"00806K","대덕1우","120","300","180","1274650","3076200","1801550"
"006125","SK디스커버리우","85","128","43","2808250","4241000","1432750"
"058650","세아홀딩스","595","612","17","62415000","63841500","1426500"
"000087","하이트진로2우B","50","115","65","1032300","2373150","1340850"
"143210","핸즈코퍼레이션","358","550","192","1685990","2580555","894565"
"000540","흥국화재","2759","2963","204","10291960","11023005","731045"
"004700","조광피혁","0","15","15","0","716200","716200"
"248170","샘표식품","10813","10841","28","480844350","481215250","370900"
"002355","넥센타이어1우B","5","121","116","15945","380585","364640"
"007590","동방아그로","8146","8199","53","60901980","61195170","293190"
"078000","텔코웨어","1","25","24","10450","260250","249800"
"023450","동남합성","0","3","3","0","176100","176100"
"096300","베트남개발1","38","0","-38","7816","0","-7816"
"000760","이화산업","1","0","-1","17750","0","-17750"
"000215","DL우","4","3","-1","159950","119100","-40850"
"006660","삼성공조","3438","3436","-2","45135500","45088450","-47050"
"001725","신영증권우","1","0","-1","56300","0","-56300"
"003460","유화증권","35","0","-35","86800","0","-86800"
"003475","유안타증권우","55","25","-30","193715","88125","-105590"
"075180","새론오토모티브","21","0","-21","121730","0","-121730"
"039570","HDC랩스","20","3","-17","194970","29250","-165720"
"008355","남선알미우","8","0","-8","235200","0","-235200"
"001270","부국증권","15","4","-11","376050","98400","-277650"
"00499K","롯데지주우","6","0","-6","302400","0","-302400"
"102260","동성케미컬","11722","11665","-57","55021570","54703425","-318145"
"004450","삼화왕관","97","89","-8","4294200","3895000","-399200"
"006370","대구백화점","166","128","-38","1722350","1294450","-427900"
"002820","SUN&L","114","4","-110","603060","21350","-581710"
"123700","SJM","3919","3810","-109","16249950","15638920","-611030"
"36328K","티와이홀딩스우","54","22","-32","1095550","441150","-654400"
"023000","삼원강재","1312","1107","-205","4051425","3374520","-676905"
"008775","호텔신라우","210","199","-11","14909000","14103400","-805600"
"38380K","LX홀딩스1우","72","1","-71","1021100","13950","-1007150"
"016800","퍼시스","43","14","-29","1540500","499850","-1040650"
"204210","모두투어리츠","267","47","-220","1389690","244650","-1145040"
"019175","신풍제약우","24","0","-24","1176000","0","-1176000"
"006570","대림통상","480","185","-295","1961565","756815","-1204750"
"010770","평화홀딩스","2342","2063","-279","8825415","7530975","-1294440"
"155900","바다로19호","411","0","-411","1340345","0","-1340345"
"025530","SJM홀딩스","1122","713","-409","4071100","2555725","-1515375"
"096775","SK이노베이션우","147","136","-11","18267000","16694500","-1572500"
"010960","삼호개발","8127","7843","-284","39757515","38015165","-1742350"
"008870","금비","76","50","-26","5148600","3366300","-1782300"
"049800","우진플라임","3454","3000","-454","15899475","13864055","-2035420"
"002600","조흥","11","0","-11","2145000","0","-2145000"
"014280","금강공업","41589","41773","184","377275590","375112300","-2163290"
"134790","시디즈","57","13","-44","3149000","704200","-2444800"
"005745","크라운해태홀딩스우","403","220","-183","5454050","2950650","-2503400"
"000105","유한양행우","49","0","-49","2774000","0","-2774000"
"009835","한화솔루션우","559","490","-69","18483850","15655550","-2828300"
"019685","대교우B","1316","198","-1118","3409025","503820","-2905205"
"001045","CJ우","59","2","-57","3039500","102800","-2936700"
"004255","NPC우","11437","11227","-210","71032090","67974500","-3057590"
"372910","한컴라이프케어","5497","4979","-518","33317560","30102420","-3215140"
"140910","에이리츠","443","13","-430","3353670","97670","-3256000"
"000480","조선내화","45","5","-40","3666800","410500","-3256300"
"108675","LX하우시스우","123","1","-122","3432100","27800","-3404300"
"009770","삼정펄프","186","65","-121","5331250","1847900","-3483350"
"03473K","SK우","127","110","-17","26723500","23215000","-3508500"
"027970","세하","31502","29199","-2303","50464730","46778660","-3686070"
"214330","금호에이치티","322420","316876","-5544","445496105","441652370","-3843735"
"380440","엔에이치스팩19호","1841","0","-1841","3912125","0","-3912125"
"317400","자이에스앤디","3826","3381","-445","33737300","29768370","-3968930"
"003920","남양유업","102","92","-10","39893000","35797500","-4095500"
"002620","제일파마홀딩스","426","94","-332","5287350","1148550","-4138800"
"017180","명문제약","19376","18085","-1291","67288290","62382630","-4905660"
"005820","원림","261","24","-237","5635550","515100","-5120450"
"000390","삼화페인트","4698","4116","-582","42732800","37474600","-5258200"
"005725","넥센우","1530","0","-1530","5260100","0","-5260100"
"011230","삼화전자","13290","11754","-1536","46158810","40765440","-5393370"
"009160","SIMPAC","60328","60292","-36","522325170","516911850","-5413320"
"003830","대한화섬","47","3","-44","5854500","364500","-5490000"
"000850","화천기공","302","142","-160","10368550","4874300","-5494250"
"034590","인천도시가스","1932","1716","-216","52017100","46204600","-5812500"
"339770","교촌에프앤비","5642","5235","-407","82916850","76926150","-5990700"
"000050","경방","866","473","-393","13158200","7069550","-6088650"
"090435","아모레퍼시픽우","2224","2101","-123","155836600","149041200","-6795400"
"003200","일신방직","639","579","-60","74963500","67979000","-6984500"
"002025","코오롱우","462","60","-402","8235550","1065700","-7169850"
"044820","코스맥스비티아이","2241","1705","-536","29590200","22131850","-7458350"
"001070","대한방직","255","94","-161","12159650","4464150","-7695500"
"079980","휴비스","23928","23030","-898","178097830","169577620","-8520210"
"001470","삼부토건","670894","679813","8919","1737825805","1728884670","-8941135"
"004080","신흥","558","24","-534","9457650","400800","-9056850"
"009415","태영건설우","1867","1047","-820","20860050","11646700","-9213350"
"002420","세기상사","4191","3311","-880","43520600","34276700","-9243900"
"139990","아주스틸","6141","5509","-632","92147000","82800500","-9346500"
"005430","한국공항","2748","2556","-192","129355350","119967350","-9388000"
"016385","KG스틸우","25","0","-25","9570000","0","-9570000"
"119650","KC코트렐","10280","8415","-1865","53313650","43466320","-9847330"
"011330","유니켐","25126","16791","-8335","30998235","20758535","-10239700"
"000590","CS홀딩스","189","26","-163","12452900","1694600","-10758300"
"014990","인디에프","19353","7147","-12206","18437028","6821458","-11615570"
"001820","삼화콘덴서","11957","11659","-298","603127050","591448600","-11678450"
"002450","삼익악기","26953","19735","-7218","43903375","31889615","-12013760"
"00279K","아모레G3우(전환)","393","45","-348","13887950","1565750","-12322200"
"094800","맵스리얼티1","19186","16684","-2502","92747525","79903895","-12843630"
"004960","한신공영","8654","8149","-505","143709650","130782850","-12926800"
"089470","HDC현대EP","11883","9069","-2814","54727605","41623340","-13104265"
"003650","미창석유","235","67","-168","18592800","5274200","-13318600"
"071950","코아스","25910","13212","-12698","27419470","13768555","-13650915"
"210980","SK디앤디","1284","781","-503","35355250","21634250","-13721000"
"001620","케이비아이동국실업","30541","10396","-20145","21487350","7364364","-14122986"
"035000","지투알","3207","965","-2242","20533710","6225200","-14308510"
"400760","NH올원리츠","6077","3342","-2735","32288710","17737340","-14551370"
"019180","티에이치엔","49356","46161","-3195","206584280","192008115","-14576165"
"003680","한성기업","58885","57759","-1126","483850470","469222090","-14628380"
"025000","KPX케미칼","426","129","-297","22044700","6696100","-15348600"
"001720","신영증권","394","116","-278","22155200","6496800","-15658400"
"000155","두산우","549","313","-236","37336000","21334400","-16001600"
"004170","신세계","20863","20680","-183","5005410500","4988888000","-16522500"
"33637K","솔루스첨단소재1우","2977","1805","-1172","43619350","26380950","-17238400"
"115390","락앤락","8196","6403","-1793","80886700","63208840","-17677860"
"002030","아세아","305","184","-121","45023500","27326500","-17697000"
"001940","KISCO홀딩스","5510","4418","-1092","94335050","75900200","-18434850"
"001500","현대차증권","9731","7848","-1883","100983600","81917650","-19065950"
"005720","넥센","4908","586","-4322","21802290","2550640","-19251650"
"002390","한독","3636","2743","-893","76892950","57607700","-19285250"
"009680","모토닉","2717","537","-2180","24206620","4782360","-19424260"
"072710","농심홀딩스","301","29","-272","21703100","2102500","-19600600"
"069460","대호에이엘","14696","7702","-6994","44049530","23304505","-20745025"
"003060","에이프로젠제약","54412","27199","-27213","41920673","20967040","-20953633"
"006220","제주은행","11298","7931","-3367","69230060","48255300","-20974760"
"134380","미원화학","301","1","-300","21058700","70000","-20988700"
"094280","효성ITX","1388","119","-1269","23194950","1997700","-21197250"
"012170","아센디오","46663","28583","-18080","53873395","32539505","-21333890"
"002810","삼영무역","1914","381","-1533","26627750","5265500","-21362250"
"002200","한국수출포장","1591","723","-868","40028350","18313250","-21715100"
"092440","기신정기","7166","1963","-5203","31474645","8683610","-22791035"
"096760","JW홀딩스","8472","2856","-5616","34441020","11590600","-22850420"
"004840","DRB동일","7795","3542","-4253","42477660","19190150","-23287510"
"009140","경인전자","1340","504","-836","37253050","13877000","-23376050"
"003120","일성신약","390","99","-291","31909900","8095300","-23814600"
"100220","비상교육","8660","5311","-3349","61196650","37247140","-23949510"
"016450","한세예스24홀딩스","4147","512","-3635","27370220","3391270","-23978950"
"37550L","DL이앤씨2우(전환)","1202","597","-605","48116900","24002500","-24114400"
"015360","예스코홀딩스","674","10","-664","24797300","370000","-24427300"
"016590","신대양제지","320","42","-278","29772400","3912800","-25859600"
"214390","경보제약","7172","3839","-3333","57443180","30789870","-26653310"
"001560","제일연마","17730","14860","-2870","168925380","142252570","-26672810"
"001250","GS글로벌","679913","676311","-3602","2835328595","2808471350","-26857245"
"009320","대우부품","51669","39097","-12572","111816765","84577665","-27239100"
"085620","미래에셋생명","26710","19320","-7390","100391025","72581140","-27809885"
"072130","유엔젤","26353","19661","-6692","112920295","84668265","-28252030"
"00104K","CJ4우(전환)","401","14","-387","29399000","1026400","-28372600"
"084680","이월드","173373","161178","-12195","419319530","390161275","-29158255"
"006840","AK홀딩스","4651","3180","-1471","93193200","63879700","-29313500"
"005960","동부건설","13202","10946","-2256","166644150","136295300","-30348850"
"334890","이지스밸류리츠","13132","7935","-5197","78139680","47192190","-30947490"
"271980","제일약품","1562","261","-1301","38085000","6412400","-31672600"
"007120","미래아이앤지","131686","54579","-77107","54061827","22152982","-31908845"
"033920","무학","41507","37681","-3826","343739550","310973780","-32765770"
"200880","서연이화","28464","23399","-5065","189224470","156329670","-32894800"
"003545","대신증권우","24527","22101","-2426","366353150","332687550","-33665600"
"002880","대유에이텍","104130","74855","-29275","118359485","84594410","-33765075"
"004560","현대비앤지스틸","18857","16892","-1965","306834900","272857100","-33977800"
"192820","코스맥스","40870","40378","-492","3095183100","3061095300","-34087800"
"002270","롯데푸드","208","98","-110","65919500","31336000","-34583500"
"004985","성신양회우","6231","4255","-1976","111656350","76403950","-35252400"
"000320","노루홀딩스","4810","1664","-3146","54877500","19141500","-35736000"
"002170","삼양통상","913","238","-675","50542100","13312900","-37229200"
"029460","케이씨","4181","2388","-1793","88727800","50820600","-37907200"
"120030","조선선재","426","61","-365","47208000","6895500","-40312500"
"002795","아모레G우","6052","3684","-2368","105387150","64166650","-41220500"
"030610","교보증권","9523","3907","-5616","70832940","29224650","-41608290"
"002070","비비안","66400","49358","-17042","165080950","122499360","-42581590"
"001080","만호제강","4183","2607","-1576","112591950","68462250","-44129700"
"000950","전방","1004","213","-791","57528200","12138000","-45390200"
"103590","일진전기","110725","102495","-8230","615471710","569931270","-45540440"
"017370","우신시스템","34920","18994","-15926","102341275","56055460","-46285815"
"000220","유유제약","20674","14211","-6463","147128660","100812890","-46315770"
"014130","한익스프레스","9369","1072","-8297","52478270","6075340","-46402930"
"049770","동원F&B","1070","783","-287","175629000","128774000","-46855000"
"003010","혜인","225433","219182","-6251","1454746270","1407743160","-47003110"
"021050","서원","77420","53194","-24226","145051610","97851965","-47199645"
"002210","동성제약","6192","183","-6009","49056530","1436470","-47620060"
"010600","웰바이오텍","112478","83658","-28820","187108715","138674140","-48434575"
"229640","LS전선아시아","13157","7003","-6154","105037180","55936930","-49100250"
"308170","센트랄모텍","6123","3028","-3095","99636600","49630350","-50006250"
"097230","HJ중공업","7516","1070","-6446","58376960","8315110","-50061850"
"136490","선진","44286","40561","-3725","594976150","544108250","-50867900"
"001795","대한제당우","309811","299408","-10403","1500327715","1447980360","-52347355"
"33626K","두산퓨얼셀1우","15829","11827","-4002","197508400","144225350","-53283050"
"006060","화승인더","49834","40841","-8993","272509860","218841880","-53667980"
"001750","한양증권","4678","500","-4178","61324850","6543550","-54781300"
"396690","미래에셋글로벌리츠","25725","16648","-9077","154621330","99765020","-54856310"
"005680","삼영전자","45303","40624","-4679","521912900","465204600","-56708300"
"047400","유니온머티리얼","44850","24438","-20412","125265625","68522055","-56743570"
"011280","태림포장","28809","14883","-13926","121499660","62504865","-58994795"
"244920","에이플러스에셋","57290","48564","-8726","370452020","310309850","-60142170"
"014910","성문전자","32459","5755","-26704","73090015","12851870","-60238145"
"234080","JW생명과학","7200","2915","-4285","101097650","40793450","-60304200"
"000860","강남제비스코","3428","950","-2478","83516750","23178050","-60338700"
"002310","아세아제지","5101","3640","-1461","214240750","152961150","-61279600"
"019440","세아특수강","4973","1193","-3780","81234450","19416800","-61817650"
"002240","고려제강","36962","34517","-2445","931206750","868694200","-62512550"
"071840","롯데하이마트","5375","2471","-2904","117406050","54044950","-63361100"
"130660","한전산업","68661","64399","-4262","931774000","863856800","-67917200"
"079160","CJ CGV","47284","44987","-2297","1238236850","1170039350","-68197500"
"093240","형지엘리트","167822","138746","-29076","382026810","313687520","-68339290"
"025620","제이준코스메틱","554860","512985","-41875","695600655","627212100","-68388555"
"015020","이스타코","182811","143273","-39538","329869480","258943405","-70926075"
"014820","동원시스템즈","6198","4887","-1311","340316900","268489200","-71827700"
"004890","동일산업","1183","769","-414","197116000","125280500","-71835500"
"009190","대양금속","69718","53074","-16644","294741940","220696480","-74045460"
"004690","삼천리","2060","1437","-623","245291000","170735000","-74556000"
"192400","쿠쿠홀딩스","12193","8045","-4148","218254750","143656700","-74598050"
"102460","이연제약","13661","10780","-2881","340813000","265328150","-75484850"
"293940","신한알파리츠","42992","32944","-10048","326432910","250868600","-75564310"
"002960","한국쉘석유","331","28","-303","83158500","7040500","-76118000"
"281820","케이씨텍","17282","13375","-3907","342303150","266000800","-76302350"
"003540","대신증권","25494","20675","-4819","413661100","335930700","-77730400"
"000500","가온전선","10677","7640","-3037","272717550","193991450","-78726100"
"271940","일진하이솔루스","21505","19420","-2085","847009400","765463100","-81546300"
"002720","국제약품","27960","12893","-15067","152515690","70214770","-82300920"
"005810","풍산홀딩스","3079","217","-2862","90205200","6378550","-83826650"
"053690","한미글로벌","47083","40796","-6287","592827450","508379750","-84447700"
"091090","세원이앤씨","216753","127894","-88859","204140043","119414117","-84725926"
"001570","금양","39284","20084","-19200","174199985","89190760","-85009225"
"088260","이리츠코크렙","19251","6332","-12919","126889610","41720270","-85169340"
"084010","대한제강","11899","7602","-4297","241036850","153485650","-87551200"
"033180","KH 필룩스","281318","236174","-45144","573883695","486219630","-87664065"
"024070","WISCOM","34904","7299","-27605","112151815","23298765","-88853050"
"025560","미래산업","19173","12142","-7031","243529450","154027650","-89501800"
"192080","더블유게임즈","16953","14944","-2009","775557750","683866700","-91691050"
"000890","보해양조","230529","124819","-105710","205135701","110541439","-94594262"
"055490","테이팩스","5722","4555","-1167","464396100","368722700","-95673400"
"004835","덕성우","26720","18514","-8206","296524350","200399290","-96125060"
"357120","코람코에너지리츠","99511","84724","-14787","651495410","554126740","-97368670"
"004270","남성","59255","27114","-32141","179595375","82041675","-97553700"
"001630","종근당홀딩스","2072","583","-1489","136749600","38350900","-98398700"
"008490","서흥","3757","1051","-2706","137082000","38434250","-98647750"
"027740","마니커","349781","303997","-45784","676091160","577327780","-98763380"
"024090","디씨엠","6973","3245","-3728","188785800","87220050","-101565750"
"005750","대림B&Co","26589","12829","-13760","197408480","94903700","-102504780"
"006890","태경케미컬","30830","24125","-6705","468663000","365352900","-103310100"
"005390","신성통상","53341","21907","-31434","177188490","72850815","-104337675"
"104700","한국철강","35322","22891","-12431","302360660","196848980","-105511680"
"014710","사조씨푸드","86222","68982","-17240","530971800","424166160","-106805640"
"017940","E1","6188","3912","-2276","302615750","191750900","-110864850"
"005945","NH투자증권우","12998","2147","-10851","134369300","22183850","-112185450"
"107590","미원홀딩스","887","73","-814","122545500","10078500","-112467000"
"009200","무림페이퍼","195531","161335","-34196","611134695","496621600","-114513095"
"009290","광동제약","38911","20582","-18329","266886480","140705120","-126181360"
"007340","디티알오토모티브","6187","4452","-1735","458867200","328985200","-129882000"
"073240","금호타이어","115343","81919","-33424","463709910","329698655","-134011255"
"019170","신풍제약","74830","70267","-4563","2060095800","1925964150","-134131650"
"298040","효성중공업","10104","7848","-2256","603476700","465809400","-137667300"
"123890","한국자산신탁","59982","23730","-36252","232309745","92153615","-140156130"
"010955","S-Oil우","3947","1682","-2265","246777200","105507100","-141270100"
"272450","진에어","43294","35443","-7851","739304600","594942750","-144361850"
"161000","애경케미칼","27108","11907","-15201","265664040","116998240","-148665800"
"010050","우리종금","243510","69237","-174273","207696117","59023774","-148672343"
"071090","하이스틸","283923","260385","-23538","1647091450","1497689080","-149402370"
"034310","NICE","12178","2986","-9192","201057250","49549450","-151507800"
"000670","영풍","310","78","-232","204190000","51449000","-152741000"
"005610","SPC삼립","7148","5346","-1802","597148400","440199400","-156949000"
"030210","다올투자증권","49166","13239","-35927","215934925","58301050","-157633875"
"126560","현대퓨처넷","110274","59857","-50417","350144790","189592480","-160552310"
"000910","유니온","59073","35659","-23414","410533660","249154170","-161379490"
"026890","스틱인베스트먼트","76297","58997","-17300","722545020","560468870","-162076150"
"006980","우성","22940","18214","-4726","760380550","595440750","-164939800"
"005500","삼진제약","9224","2281","-6943","226054050","56046950","-170007100"
"006340","대원전선","797071","703050","-94021","1546797165","1376467725","-170329440"
"030720","동원수산","82434","68768","-13666","961378500","791042450","-170336050"
"007280","한국특강","93085","32442","-60643","263310775","91822485","-171488290"
"009970","영원무역홀딩스","11357","7874","-3483","561654350","387976950","-173677400"
"023590","다우기술","20086","11287","-8799","402598600","226600050","-175998550"
"004410","서울식품","2206782","1628843","-577939","688729919","509370690","-179359229"
"007110","일신석재","147074","41486","-105588","252740545","71523895","-181216650"
"363280","티와이홀딩스","12024","4466","-7558","287584000","106351200","-181232800"
"011930","신성이엔지","270602","173642","-96960","509608310","327471430","-182136880"
"008730","율촌화학","12751","4561","-8190","287264300","102685400","-184578900"
"042700","한미반도체","193192","180239","-12953","2684158300","2499568900","-184589400"
"051900","LG생활건강","20443","20172","-271","16319880000","16132470000","-187410000"
"053210","스카이라이프","27035","6465","-20570","247753870","59320600","-188433270"
"000070","삼양홀딩스","4651","2288","-2363","378679400","186308100","-192371300"
"284740","쿠쿠홈시스","11398","5250","-6148","373898300","172085100","-201813200"
"029530","신도리코","8846","2590","-6256","286971150","84038450","-202932700"
"111770","영원무역","60894","56407","-4487","2760138700","2557145500","-202993200"
"003240","태광산업","269","56","-213","263948000","55587000","-208361000"
"093050","LF","20103","8820","-11283","378866950","166838000","-212028950"
"027410","BGF","45564","6068","-39496","245634270","32594760","-213039510"
"077970","STX엔진","63831","49356","-14475","888997250","674337850","-214659400"
"090080","평화산업","207937","82268","-125669","357970765","141638255","-216332510"
"042660","대우조선해양","126208","116390","-9818","2981542250","2762385100","-219157150"
"012750","에스원","23642","20383","-3259","1594825200","1374852800","-219972400"
"002630","오리엔트바이오","1016626","774686","-241940","937845094","712884777","-224960317"
"003610","방림","159126","99468","-59658","594907080","365646130","-229260950"
"017040","광명전기","239454","153458","-85996","650761285","416351300","-234409985"
"300720","한일시멘트","36014","23380","-12634","672922100","436795650","-236126450"
"036580","팜스코","168371","130832","-37539","1135709730","894027570","-241682160"
"280360","롯데제과","2594","416","-2178","302155500","48306000","-253849500"
"002790","아모레G","49204","44013","-5191","2230488400","1975730350","-254758050"
"023960","에쓰씨엔지니어링","130136","42205","-87931","376864875","120616250","-256248625"
"170900","동아에스티","4173","249","-3924","272497100","16164200","-256332900"
"008700","아남전자","334763","225546","-109217","799377490","525275260","-274102230"
"008040","사조동아원","1806595","1684835","-121760","3703541785","3417352960","-286188825"
"007540","샘표","33281","28809","-4472","2129579700","1833944500","-295635200"
"017390","서울가스","3045","1419","-1626","560021500","261089500","-298932000"
"003520","영진약품","129215","60564","-68651","573283370","268335175","-304948195"
"383800","LX홀딩스","55924","23726","-32198","550205770","232317010","-317888760"
"006120","SK디스커버리","15444","7357","-8087","609694550","290493700","-319200850"
"012630","HDC","55067","8982","-46085","390496670","63922480","-326574190"
"009810","플레이그램","628889","427054","-201835","997612085","670952120","-326659965"
"002700","신일전자","305890","155178","-150712","687834615","347444050","-340390565"
"030790","비케이탑스","1046026","845297","-200729","1526985785","1181582220","-345403565"
"007860","서연","111339","68800","-42539","924621650","570675060","-353946590"
"001740","SK네트웍스","223105","144853","-78252","1046306960","681562160","-364744800"
"267260","현대일렉트릭","86575","72852","-13723","2066620850","1699267900","-367352950"
"000720","현대건설","156053","147673","-8380","6581490650","6211109000","-370381650"
"009450","경동나비엔","10913","3169","-7744","523532700","152606350","-370926350"
"064960","SNT모티브","25481","16904","-8577","1135971550","746477050","-389494500"
"037560","LG헬로비전","145595","78656","-66939","837960000","446927470","-391032530"
"066575","LG전자우","15486","8389","-7097","861783200","468870200","-392913000"
"004250","NPC","336603","299947","-36656","3435421390","3041388090","-394033300"
"025540","한국단자","13863","7274","-6589","863062300","450452400","-412609900"
"051915","LG화학우","6234","4505","-1729","1550135500","1121146000","-428989500"
"008930","한미사이언스","19403","9950","-9453","876305700","445551900","-430753800"
"307950","현대오토에버","22643","19474","-3169","2863614500","2431506500","-432108000"
"139130","DGB금융지주","215966","166795","-49171","1905443450","1470915520","-434527930"
"028100","동아지질","29955","6695","-23260","559195100","123798200","-435396900"
"058730","다스코","381034","315512","-65522","2351193530","1910875290","-440318240"
"000240","한국앤컴퍼니","38644","4800","-33844","524223700","65347800","-458875900"
"271560","오리온","54809","49433","-5376","4839623600","4349494100","-490129500"
"175330","JB금융지주","150452","92068","-58384","1282462150","786417990","-496044160"
"002320","한진","20830","5031","-15799","658702550","158222950","-500479600"
"023350","한국종합기술","186173","127780","-58393","1558503830","1057477400","-501026430"
"344820","KCC글라스","16401","7770","-8631","945104300","443628900","-501475400"
"251270","넷마블","75959","69945","-6014","6616091600","6105981200","-510110400"
"008560","메리츠증권","530353","448916","-81437","3321180000","2810764210","-510415790"
"016710","대성홀딩스","13866","5025","-8841","815153500","296476100","-518677400"
"004490","세방전지","33215","25684","-7531","2272864600","1731753600","-541111000"
"001430","세아베스틸지주","46940","14610","-32330","787420050","244171500","-543248550"
"001790","대한제당","689255","586553","-102702","3274698560","2731174515","-543524045"
"003690","코리안리","81198","23047","-58151","764107650","217974880","-546132770"
"069960","현대백화점","38578","31103","-7475","2844573800","2293874800","-550699000"
"012450","한화에어로스페이스","121889","112291","-9598","6699290300","6147968500","-551321800"
"005010","휴스틸","77039","53824","-23215","1898673400","1347070250","-551603150"
"074610","이엔플러스","329693","188549","-141144","1335665385","766894150","-568771235"
"365550","ESR켄달스퀘어리츠","144386","58542","-85844","959801860","388866520","-570935340"
"298020","효성티앤씨","12753","11258","-1495","4882979000","4305774500","-577204500"
"105630","한세실업","69147","46311","-22836","1729848150","1146980650","-582867500"
"010120","LS ELECTRIC","66437","55060","-11377","3305594900","2712337500","-593257400"
"011760","현대코퍼레이션","98300","66670","-31630","1908373550","1301422450","-606951100"
"051905","LG생활건강우","1440","119","-1321","663760000","54751000","-609009000"
"003530","한화투자증권","378187","235676","-142511","1614165205","1000962290","-613202915"
"003090","대웅","31603","9370","-22233","882797700","260968300","-621829400"
"009900","명신산업","71005","40093","-30912","1481917450","834504050","-647413400"
"057050","현대홈쇼핑","15299","3765","-11534","871122400","214472600","-656649800"
"010820","퍼스텍","737091","589067","-148024","3323418385","2653971495","-669446890"
"015230","대창단조","725146","603153","-121993","4032310750","3360895590","-671415160"
"002350","넥센타이어","156050","47042","-109008","971143670","293569910","-677573760"
"005690","파미셀","80991","23775","-57216","960415350","282050300","-678365050"
"023530","롯데쇼핑","34744","27320","-7424","3222817000","2536222100","-686594900"
"015760","한국전력","359284","328434","-30850","8150005000","7453054700","-696950300"
"102280","쌍방울","2317064","1519510","-797554","2007511933","1309913402","-697598531"
"034830","한국토지신탁","414995","73705","-341290","865302460","154286320","-711016140"
"069620","대웅제약","13905","9873","-4032","2377156500","1665706500","-711450000"
"348950","제이알글로벌리츠","148610","21668","-126942","841379120","122157410","-719221710"
"006650","대한유화","18743","13449","-5294","2613084000","1876451500","-736632500"
"214320","이노션","16719","1317","-15402","826972200","65285900","-761686300"
"006280","녹십자","21406","16970","-4436","3747354000","2959173000","-788181000"
"002780","진흥기업","810110","477298","-332812","1901171020","1112795630","-788375390"
"001680","대상","78144","45627","-32517","1876017500","1086881200","-789136300"
"089590","제주항공","69163","31651","-37512","1428186350","628778800","-799407550"
"069260","TKG휴켐스","58138","21199","-36939","1281129200","467620400","-813508800"
"001120","LX인터내셔널","179346","156268","-23078","6657038700","5838307450","-818731250"
"000880","한화","44218","15190","-29028","1267962100","436477550","-831484550"
"039490","키움증권","54298","44689","-9609","4764823100","3918873100","-845950000"
"185750","종근당","10893","1616","-9277","1010537300","149997200","-860540100"
"015890","태경산업","334675","224736","-109939","2497037200","1631413280","-865623920"
"180640","한진칼","29381","13434","-15947","1604780700","729377800","-875402900"
"181710","NHN","57002","28785","-28217","1819539800","915490350","-904049450"
"002140","고려산업","243290","117624","-125666","1717534950","813238650","-904296300"
"042670","현대두산인프라코어","327617","183207","-144410","2117615760","1182233900","-935381860"
"003030","세아제강지주","15421","8791","-6630","2226744500","1265736500","-961008000"
"002900","TYM","4152145","3874944","-277201","13698283965","12703121205","-995162760"
"005387","현대차2우B","25223","13884","-11339","2316437200","1270422000","-1046015200"
"000490","대동","227627","159438","-68189","3695323800","2604467300","-1090856500"
"000100","유한양행","76850","57153","-19697","4440100700","3308413400","-1131687300"
"004800","효성","20741","6567","-14174","1683004900","533806900","-1149198000"
"066570","LG전자","189055","178826","-10229","21027070500","19874063500","-1153007000"
"034220","LG디스플레이","958770","886176","-72594","16362504300","15112688150","-1249816150"
"006260","LS","44837","22415","-22422","2563980200","1287163800","-1276816400"
"003230","삼양식품","50050","34760","-15290","4370650800","3034071200","-1336579600"
"033240","자화전자","157300","112274","-45026","4708447850","3334624700","-1373823150"
"195870","해성디에스","148363","129501","-18862","9563562700","8187062100","-1376500600"
"032830","삼성생명","113798","90625","-23173","7171916800","5708577400","-1463339400"
"003490","대한항공","286095","236103","-49992","8351280450","6869811150","-1481469300"
"007070","GS리테일","153955","94619","-59336","3963422800","2433639350","-1529783450"
"030000","제일기획","241085","179999","-61086","6075541400","4530512300","-1545029100"
"005850","에스엘","81619","22149","-59470","2117841800","572055300","-1545786500"
"000210","DL","37247","11686","-25561","2314698800","727416500","-1587282300"
"018260","삼성에스디에스","56834","45955","-10879","8234824000","6637900500","-1596923500"
"004000","롯데정밀화학","66687","45883","-20804","5216169900","3579960700","-1636209200"
"001390","KG케미칼","96054","48331","-47723","3665528450","1846010350","-1819518100"
"285130","SK케미칼","39958","24155","-15803","4698546000","2851667500","-1846878500"
"004830","덕성","512497","273604","-238893","4232841600","2261466190","-1971375410"
"298050","효성첨단소재","8606","4362","-4244","4014617500","2026254000","-1988363500"
"138490","코오롱플라스틱","566823","432819","-134004","8176219200","6171862900","-2004356300"
"361610","SK아이이테크놀로지","101580","83180","-18400","11361523000","9306927000","-2054596000"
"088350","한화생명","1116335","341176","-775159","2973941405","909967345","-2063974060"
"294870","HDC현대산업개발","231271","83027","-148244","3254864800","1171471200","-2083393600"
"326030","SK바이오팜","44722","20126","-24596","3828807800","1719677100","-2109130700"
"105840","우진","837002","697362","-139640","12155922450","10024790500","-2131131950"
"267270","현대건설기계","77241","24968","-52273","3149885850","1017445550","-2132440300"
"004090","한국석유","254353","120530","-133823","4207741200","2005149100","-2202592100"
"009150","삼성전기","125899","112362","-13537","20083533500","17855616500","-2227917000"
"028670","팬오션","1176697","835136","-341561","8047293370","5732796900","-2314496470"
"316140","우리금융지주","801922","642926","-158996","12023937600","9655657100","-2368280500"
"011790","SKC","72851","57014","-15837","10651733500","8262678000","-2389055500"
"001440","대한전선","12394383","11141167","-1253216","25915162155","23506042710","-2409119445"
"010140","삼성중공업","802261","372288","-429973","4525161970","2097396980","-2427764990"
"016380","KG스틸","1178229","1066055","-112174","26288336350","23838339250","-2449997100"
"009540","한국조선해양","50334","21418","-28916","4350295800","1852413400","-2497882400"
"020000","한섬","131120","63673","-67447","4869591850","2360364800","-2509227050"
"021240","코웨이","100953","63988","-36965","7001137300","4433879900","-2567257400"
"016360","삼성증권","222993","154045","-68948","8381114300","5795249650","-2585864650"
"000120","CJ대한통운","40220","18147","-22073","4800285500","2147201000","-2653084500"
"000810","삼성화재","47898","34154","-13744","9496194000","6762794000","-2733400000"
"161390","한국타이어앤테크놀로지","304926","214470","-90456","9843702150","6935235200","-2908466950"
"028260","삼성물산","93731","67439","-26292","10486774000","7543325500","-2943448500"
"004020","현대제철","160727","88106","-72621","6576845500","3603488750","-2973356750"
"011170","롯데케미칼","62861","46442","-16419","11946246000","8827047000","-3119199000"
"139480","이마트","47958","22118","-25840","5945242500","2741668000","-3203574500"
"128940","한미약품","18569","7085","-11484","5484009500","2073405000","-3410604500"
"002380","KCC","23767","13777","-9990","8226257000","4759666000","-3466591000"
"267250","HD현대","77956","18270","-59686","4566579000","1068772800","-3497806200"
"003550","LG","146497","92117","-54380","10355996100","6527620900","-3828375200"
"336260","두산퓨얼셀","281605","179872","-101733","10615586400","6718703600","-3896882800"
"071050","한국금융지주","117997","59138","-58859","8067594400","4045532100","-4022062300"
"138930","BNK금융지주","802677","262158","-540519","6192443520","2031079940","-4161363580"
"120110","코오롱인더","118131","49691","-68440","7656467800","3195864600","-4460603200"
"000230","일동홀딩스","186687","88743","-97944","8798608750","4201542400","-4597066350"
"259960","크래프톤","56338","37271","-19067","13795566500","9123700000","-4671866500"
"005940","NH투자증권","651869","194520","-457349","6669658900","1995636850","-4674022050"
"005070","코스모신소재","304452","212222","-92230","16169332200","11405024900","-4764307300"
"008770","호텔신라","134011","69391","-64620","10079082700","5228516800","-4850565900"
"036570","엔씨소프트","35134","22618","-12516","14127201000","9153246000","-4973955000"
"024110","기업은행","675343","225355","-449988","7502143200","2504421050","-4997722150"
"010620","현대미포조선","85716","17797","-67919","6721853700","1383640200","-5338213500"
"014680","한솔케미칼","67141","42390","-24751","15609834500","9850645000","-5759189500"
"302440","SK바이오사이언스","144818","82547","-62271","17023980000","9666501000","-7357479000"
"012330","현대모비스","142527","104835","-37692","28192049500","20742478000","-7449571500"
"068270","셀트리온","118738","69376","-49362","19272453000","11264309000","-8008144000"
"005380","현대차","182581","137274","-45307","32691996500","24600636000","-8091360500"
"011070","LG이노텍","99296","73255","-26041","33310051000","24427066500","-8882984500"
"096770","SK이노베이션","113678","63962","-49716","22772987000","12814854000","-9958133000"
"105560","KB금융","1100581","920409","-180172","63505982000","53184302100","-10321679900"
"034020","두산에너빌리티","1180851","597294","-583557","24123708400","12206812250","-11916896150"
"011200","HMM","1336930","911569","-425361","38336423950","26145339500","-12191084450"
"090430","아모레퍼시픽","156859","83009","-73850","25983784000","13685937000","-12297847000"
"006400","삼성SDI","192839","165198","-27641","112684156000","96635580000","-16048576000"
"035720","카카오","901905","686785","-215120","75007532100","57042586400","-17964945700"
"323410","카카오뱅크","760205","299169","-461036","30329264200","11952418750","-18376845450"
"051910","LG화학","307458","269015","-38443","152435188500","133784648500","-18650540000"
"055550","신한지주","800199","344171","-456028","33061232250","14222508750","-18838723500"
"086790","하나금융지주","862355","318759","-543596","39721054150","14698988600","-25022065550"
"005490","POSCO홀딩스","155125","46697","-108428","42705057000","12862897000","-29842160000"
"005935","삼성전자우","954092","299567","-654525","55701320900","17483628400","-38217692500"
"005930","삼성전자","4861303","2817516","-2043787","319312644900","185289373800","-134023271100"