종목코드,종목명,거래량_매도,거래량_매수,거래량_순매수,거래대금_매도,거래대금_매수,거래대금_순매수
"112040","위메이드","150364","350732","200368","10336855300","24138800000","13801944700"
"293490","카카오게임즈","138174","219450","81276","7743893900","12291199200","4547305300"
"215000","골프존","9559","31661","22102","1713476800","5677555600","3964078800"
"086520","에코프로","48264","88960","40696","4014195400","7381569800","3367374400"
"053800","안랩","58939","92053","33114","6219219600","9581630300","3362410700"
"036930","주성엔지니어링","251703","408362","156659","5266852900","8509845750","3242992850"
"005290","동진쎄미켐","184999","264841","79842","7403150600","10513332000","3110181400"
"225570","넥슨게임즈","84005","244291","160286","1647664300","4742127300","3094463000"
"078340","컴투스","30890","63134","32244","2660222200","5482318600","2822096400"
"108320","LX세미콘","74283","95659","21376","9229040500","11837518800","2608478300"
"299900","위지윅스튜디오","50502","137511","87009","1444963400","3957573450","2512610050"
"141080","레고켐바이오","57871","129644","71773","2045510350","4534701350","2489191000"
"137400","피엔티","39569","96045","56476","1745595000","4231048600","2485453600"
"131290","티에스이","24152","56349","32197","1839387000","4280786400","2441399400"
"206560","덱스터","45635","197223","151588","708950150","3069033650","2360083500"
"122870","와이지엔터테인먼트","63225","103440","40215","3429299300","5645937800","2216638500"
"074600","원익QnC","112710","177698","64988","3613315500","5687217150","2073901650"
"256840","한국비엔씨","401247","648751","247504","3466523410","5506932350","2040408940"
"121800","비덴트","344763","506112","161349","4401015650","6373408900","1972393250"
"194480","데브시스터즈","40990","78513","37523","2129560900","4070205950","1940645050"
"025900","동화기업","19367","45294","25927","1432596200","3328092300","1895496100"
"064550","바이오니아","49454","116671","67217","1367188250","3243571850","1876383600"
"213420","덕산네오룩스","41279","84698","43419","1695407700","3512944100","1817536400"
"064260","다날","321212","522189","200977","2798725630","4519847440","1721121810"
"053270","구영테크","3959054","4380600","421546","17224016360","18862195560","1638179200"
"101730","위메이드맥스","35963","159023","123060","483159700","2109227450","1626067750"
"064760","티씨케이","18333","29987","11654","2584005500","4209169400","1625163900"
"078600","대주전자재료","39640","60432","20792","3121985900","4731519400","1609533500"
"053050","지에스이","464372","695394","231022","3003450640","4476932710","1473482070"
"067990","도이치모터스","33192","173256","140064","348222150","1810197200","1461975050"
"063170","서울옥션","41161","103237","62076","937597950","2340352300","1402754350"
"032500","케이엠더블유","36142","80300","44158","1147652400","2538788300","1391135900"
"189860","서전기전","733088","847443","114355","9084832150","10451376000","1366543850"
"054210","이랜텍","110168","175340","65172","2243307200","3527525500","1284218300"
"036810","에프에스티","5375","65775","60400","106974550","1299286500","1192311950"
"205470","휴마시스","105366","207468","102102","1246302550","2429486950","1183184400"
"104200","NHN벅스","39768","139563","99795","444688800","1557391700","1112702900"
"063080","컴투스홀딩스","41374","56051","14677","3111474500","4177735000","1066260500"
"068240","다원시스","22311","58308","35997","661446000","1714216650","1052770650"
"024740","한일단조","639269","935323","296054","2258200475","3306569135","1048368660"
"200130","콜마비앤에이치","14399","47865","33466","435755200","1448063750","1012308550"
"101490","에스앤에스텍","12622","52552","39930","319822750","1327654700","1007831950"
"214150","클래시스","134387","191159","56772","2473945650","3460868200","986922550"
"036010","아비코전자","22716","105944","83228","267026650","1247751200","980724550"
"013810","스페코","544309","672599","128290","4298605910","5274185750","975579840"
"100090","삼강엠앤티","48128","98045","49917","944486000","1904248500","959762500"
"065440","이루온","2106029","2466838","360809","6430620815","7367814050","937193235"
"051370","인터플렉스","29772","91415","61643","457660450","1379616850","921956400"
"243840","신흥에스이씨","8388","23611","15223","493615000","1395291800","901676800"
"182360","큐브엔터","47962","109760","61798","702570300","1597457900","894887600"
"102710","이엔에프테크놀로지","17632","43844","26212","605372100","1490511400","885139300"
"060230","소니드","1060494","1833609","773115","1195461590","2069968365","874506775"
"095660","네오위즈","35496","80891","45395","688733650","1563047500","874313850"
"053030","바이넥스","39876","101911","62035","554929350","1413749350","858820000"
"192410","THQ","289666","487426","197760","1402873150","2259796555","856923405"
"048410","현대바이오","98715","127138","28423","2859463550","3710842000","851378450"
"258830","세종메디칼","48222","278245","230023","177649010","1023887180","846238170"
"067310","하나마이크론","72300","121154","48854","1256318000","2084832850","828514850"
"048530","인트론바이오","89545","142870","53325","1401361700","2226462850","825101150"
"274090","켄코아에어로스페이스","137385","190647","53262","2188423250","2998364400","809941150"
"024880","케이피에프","51132","190998","139866","292226160","1090814560","798588400"
"253450","스튜디오드래곤","21788","31571","9783","1757601700","2546928100","789326400"
"276040","스코넥","12608","71972","59364","164788600","948124250","783335650"
"094480","갤럭시아머니트리","38095","136034","97939","301081640","1069624940","768543300"
"060560","홈센타홀딩스","2431565","2911917","480352","4037375065","4804301395","766926330"
"145020","휴젤","23351","30005","6654","2673699400","3433543100","759843700"
"140670","알에스오토메이션","38994","88477","49483","599772750","1359330400","759557650"
"356860","티엘비","10013","29406","19393","391113050","1136158300","745045250"
"348370","엔켐","23885","33595","9710","1845600100","2582685900","737085800"
"182400","엔케이맥스","69810","108038","38228","1319085700","2044182250","725096550"
"240810","원익IPS","60845","79918","19073","2309941950","3024046400","714104450"
"018310","삼목에스폼","26230","56930","30700","619360450","1330293550","710933100"
"065350","신성델타테크","20922","78206","57284","255238950","959010150","703771200"
"042420","네오위즈홀딩스","20248","40597","20349","695802400","1395499550","699697150"
"214370","케어젠","15961","22893","6932","1640134500","2316854300","676719800"
"067000","조이시티","195739","307206","111467","1244134900","1899965760","655830860"
"382840","원준","2689","8990","6301","269635000","901872700","632237700"
"124560","태웅로직스","32055","98987","66932","297200110","926531290","629331180"
"084990","헬릭스미스","43574","73485","29911","903773650","1529681100","625907450"
"214270","FSN","58863","169673","110810","338168850","964073960","625905110"
"080580","오킨스전자","36690","61995","25305","913713700","1531144200","617430500"
"383310","에코프로에이치엔","23545","37564","14019","1015488450","1623100800","607612350"
"061970","엘비세미콘","30554","86863","56309","334553100","940314500","605761400"
"080160","모두투어","45387","74167","28780","911290000","1507034500","595744500"
"353590","오토앤","44665","90670","46005","573599850","1162959250","589359400"
"036200","유니셈","13841","72236","58395","137584900","726434050","588849150"
"307750","국전약품","22801","102576","79775","167966500","748644830","580678330"
"118990","모트렉스","9038","27523","18485","281860000","856463550","574603550"
"096640","멜파스","298619","629687","331068","508990635","1063835015","554844380"
"218410","RFHIC","22768","41585","18817","666640950","1206169500","539528550"
"038110","에코플라스틱","2660140","2849016","188876","10146740680","10682746920","536006240"
"126700","하이비젼시스템","27591","56377","28786","518521650","1044959900","526438250"
"317830","에스피시스템스","77828","136978","59150","696574210","1220475930","523901720"
"357880","비트나인","14185","54144","39959","184929450","708278800","523349350"
"033160","엠케이전자","44211","82827","38616","608369200","1129417950","521048750"
"104620","노랑풍선","23535","69732","46197","265267250","783207650","517940400"
"131970","테스나","58906","71319","12413","2571870250","3088104150","516233900"
"054950","제이브이엠","13646","42814","29168","229312400","715037350","485724950"
"340360","다보링크","1266468","1536137","269669","2361502040","2841411690","479909650"
"090460","비에이치","109807","129269","19462","2895563300","3373991700","478428400"
"348210","넥스틴","13685","20831","7146","896416700","1372376000","475959300"
"239890","피엔에이치테크","15476","34058","18582","400524100","872637300","472113200"
"190510","나무가","27293","71031","43738","300203600","769823600","469620000"
"094170","동운아나텍","19690","103825","84135","110296080","575167450","464871370"
"291230","엔피","22015","74090","52075","198629140","663189570","464560430"
"039840","디오","13591","28726","15135","418018050","878157300","460139250"
"079370","제우스","10785","29104","18319","280948350","740065400","459117050"
"025550","한국선재","82444","166716","84272","458145800","916224670","458078870"
"005860","한일사료","128340","181923","53583","1089135110","1541920480","452785370"
"099430","바이오플러스","22276","40948","18672","545945350","997757450","451812100"
"178320","서진시스템","67830","92784","24954","1226025450","1676932900","450907450"
"289220","자이언트스텝","53250","70787","17537","1384187650","1831918150","447730500"
"371950","풍원정밀","32968","57095","24127","629871400","1075082900","445211500"
"090360","로보스타","13154","33476","20322","285813050","728896000","443082950"
"270660","에브리봇","13738","26730","12992","474639850","912642300","438002450"
"036090","위지트","115425","514047","398622","126154380","561142250","434987870"
"066310","큐에스아이","9582","39315","29733","140912500","575872550","434960050"
"117730","티로보틱스","38661","98815","60154","284078530","718856580","434778050"
"032300","한국파마","3877","18505","14628","113908400","545611900","431703500"
"215100","로보로보","181853","235201","53348","1558870500","1989552760","430682260"
"198440","고려시멘트","154869","257082","102213","662068290","1086824300","424756010"
"054450","텔레칩스","38195","65414","27219","603728550","1027908900","424180350"
"377330","이지트로닉스","30456","54318","23862","547187350","968471400","421284050"
"108860","셀바스AI","74843","135355","60512","531757470","952306780","420549310"
"047560","이스트소프트","11829","49701","37872","133009950","549164300","416154350"
"060250","NHN한국사이버결제","190685","213524","22839","3420042400","3833182000","413139600"
"094360","칩스앤미디어","17875","40415","22540","336475750","749264600","412788850"
"235980","메드팩토","47015","61881","14866","1273074350","1683270050","410195700"
"259630","엠플러스","13151","37763","24612","219831600","629301500","409469900"
"086040","바이오톡스텍","229745","278075","48330","2031700880","2440779830","409078950"
"066410","버킷스튜디오","234060","382166","148106","647672415","1054199440","406527025"
"347860","알체라","16926","38547","21621","319852600","722171550","402318950"
"021080","에이티넘인베스트","35609","133476","97867","148504765","549939115","401434350"
"251120","바이오에프디엔씨","25051","42578","17527","565050600","949394750","384344150"
"053260","금강철강","136702","178055","41353","1316613650","1700054200","383440550"
"265520","AP시스템","28846","46299","17453","643213900","1026488650","383274750"
"060150","인선이엔티","25861","63054","37193","265047500","642189550","377142050"
"227100","에이치앤비디자인","33460","112528","79068","161681720","537432100","375750380"
"376980","원티드랩","10721","23332","12611","315058200","682108450","367050250"
"208710","바이오로그디바이스","64335","291615","227280","102826515","463370015","360543500"
"025950","동신건설","21670","36163","14493","544825400","900496100","355670700"
"086390","유니테스트","17433","31766","14333","434151500","787970350","353818850"
"099320","쎄트렉아이","10459","17854","7395","494288550","848021300","353732750"
"200780","비씨월드제약","7400","36466","29066","86904350","437378200","350473850"
"377450","리파인","3721","28408","24687","52443150","401262450","348819300"
"018700","바른손","58884","157502","98618","210202420","556713410","346510990"
"119500","포메탈","66823","131697","64874","347368465","693767970","346399505"
"303030","지니틱스","119527","248326","128799","326570880","672557025","345986145"
"136410","아셈스","90117","116455","26338","1223921300","1566909700","342988400"
"049070","인탑스","27412","36122","8710","1030059800","1371645350","341585550"
"086900","메디톡스","5019","7842","2823","606670700","943106100","336435400"
"078890","가온미디어","14692","44356","29664","166241900","502172500","335930600"
"138080","오이솔루션","37405","48406","11001","1155740500","1488055550","332315050"
"315640","딥노이드","5114","36247","31133","53049350","372396150","319346800"
"361390","제노코","15698","26325","10627","473848300","789319100","315470800"
"347770","핌스","7720","24358","16638","148011950","462066100","314054150"
"376300","디어유","96707","104924","8217","3583344550","3895346700","312002150"
"293780","압타바이오","55266","74622","19356","905262750","1214880550","309617800"
"089140","넥스턴바이오","58758","145792","87034","212009370","520933585","308924215"
"024120","KB오토시스","149877","192154","42277","1096633760","1404291510","307657750"
"089030","테크윙","18446","33708","15262","371337900","677414100","306076200"
"299030","하나기술","6666","12153","5487","363917600","667804800","303887200"
"078130","국일제지","120991","228966","107975","342780100","646359465","303579365"
"032540","TJ미디어","44267","92608","48341","279019640","581248770","302229130"
"069080","웹젠","64314","79250","14936","1289387750","1587082300","297694550"
"122640","예스티","31258","67646","36388","254638450","548922800","294284350"
"071460","위니아","19667","98389","78722","72077745","356183655","284105910"
"115450","HLB테라퓨틱스","27661","63521","35860","215023040","496524940","281501900"
"093640","다믈멀티미디어","50735","118473","67738","210706630","491256685","280550055"
"377480","마인즈랩","11152","25636","14484","210945000","487362650","276417650"
"016920","카스","158914","249387","90473","484391185","759191100","274799915"
"234100","폴라리스세원","44092","142552","98460","121897595","393749820","271852225"
"058630","엠게임","86877","118181","31304","782588740","1054097530","271508790"
"047920","HLB제약","15985","49663","33678","128239210","399082910","270843700"
"102120","어보브반도체","15145","35558","20413","192283450","459770450","267487000"
"136480","하림","717750","787253","69503","2672624125","2937976540","265352415"
"044480","블루베리 NFT","12382","129927","117545","27743820","292518280","264774460"
"264450","유비쿼스","15422","26340","10918","364972700","628942700","263970000"
"131400","이브이첨단소재","145421","302459","157038","249329710","513054585","263724875"
"003380","하림지주","97744","123630","25886","988874250","1250554550","261680300"
"066670","디스플레이텍","44568","81994","37426","316348500","577592400","261243900"
"091580","상신이디피","23374","40048","16674","358482700","617390850","258908150"
"219550","디와이디","268843","329240","60397","1099315495","1358109190","258793695"
"024950","삼천리자전거","15646","43533","27887","145285220","399682970","254397750"
"297090","씨에스베어링","6151","25633","19482","79739750","333383250","253643500"
"253590","네오셈","62864","125371","62507","248250160","500856555","252606395"
"051160","지어소프트","10914","26752","15838","174308000","425566000","251258000"
"179290","엠아이텍","100800","128870","28070","968153840","1219116750","250962910"
"370090","퓨런티어","10641","25245","14604","181884150","427291650","245407500"
"085670","뉴프렉스","56714","98824","42110","325867540","570540280","244672740"
"080520","오디텍","21756","58494","36738","146798580","391024080","244225500"
"091700","파트론","153589","175718","22129","1703918450","1947048100","243129650"
"037760","쎄니트","47111","151448","104337","111033280","352445735","241412455"
"115960","연우","3555","14694","11139","77059350","316477050","239417700"
"186230","그린플러스","23932","40034","16102","360982050","599079300","238097250"
"086980","쇼박스","104219","149291","45072","550923420","784548820","233625400"
"079810","디이엔티","32515","61684","29169","254157840","485919610","231761770"
"052600","한네트","25315","54039","28724","205003230","434980450","229977220"
"250000","보라티알","17200","34206","17006","234591150","464346350","229755200"
"313760","윌링스","26455","48065","21610","292784150","521812200","229028050"
"058110","멕아이씨에스","10222","49972","39750","58531830","286331460","227799630"
"038500","삼표시멘트","66331","112380","46049","324360255","549605225","225244970"
"037070","파세코","34563","48342","13779","606412150","831425900","225013750"
"141000","비아트론","7072","28959","21887","71739380","291854330","220114950"
"033500","동성화인텍","34068","53134","19066","396447350","616553750","220106400"
"228670","레이","3811","14054","10243","81659450","299312000","217652550"
"285490","노바텍","11826","18086","6260","418666700","636248100","217581400"
"018620","우진비앤지","59379","161193","101814","125229480","340534210","215304730"
"042600","새로닉스","13482","22944","9462","308462050","523665200","215203150"
"115440","우리넷","39515","61495","21980","391403330","606113410","214710080"
"049480","오픈베이스","108928","171623","62695","378907220","593552740","214645520"
"002290","삼일기업공사","31076","77413","46337","143103535","356436765","213333230"
"019210","와이지-원","56700","81065","24365","491174820","703497950","212323130"
"099220","SDN","48768","163224","114456","89417875","300977570","211559695"
"093520","매커스","27943","50356","22413","270289250","481170180","210880930"
"047310","파워로직스","23911","54536","30625","165435670","374593520","209157850"
"051780","큐로홀딩스","216620","558499","341879","134603382","343551144","208947762"
"230360","에코마케팅","69527","81563","12036","1232115700","1439374400","207258700"
"003100","선광","2134","4993","2859","154831000","362019000","207188000"
"036890","진성티이씨","41173","58758","17585","486486750","692838200","206351450"
"010240","흥국","55351","82164","26813","432652790","638917590","206264800"
"036710","심텍홀딩스","95502","136230","40728","484322815","688085130","203762315"
"041920","메디아나","20853","58525","37672","111639780","313845600","202205820"
"225190","삼양옵틱스","2030","17351","15321","26944350","228746850","201802500"
"092040","아미코젠","20187","27000","6813","599819150","800363650","200544500"
"363250","진시스템","4062","23798","19736","42952450","242862400","199909950"
"126340","비나텍","2158","7201","5043","85367350","285001400","199634050"
"225590","패션플랫폼","93603","195029","101426","186729515","386285400","199555885"
"045100","한양이엔지","10961","23283","12322","170279750","369098550","198818800"
"204630","스튜디오산타클로스","9149","28017","18868","97899550","296462000","198562450"
"134580","탑코미디어","17972","39186","21214","164955500","361327630","196372130"
"024940","PN풍년","32945","72373","39428","167960905","363869615","195908710"
"033640","네패스","38816","45442","6626","1114864400","1310392200","195527800"
"033170","시그네틱스","142473","226725","84252","336457190","531879605","195422415"
"024840","KBI메탈","137029","224476","87447","308791505","503936575","195145070"
"041460","한국전자인증","27654","54415","26761","203550390","398595680","195045290"
"089890","코세스","16409","35135","18726","170065550","364168550","194103000"
"119860","다나와","15190","25344","10154","296709800","490811000","194101200"
"065660","안트로젠","14598","24049","9451","297617850","491329300","193711450"
"171090","선익시스템","14341","25000","10659","252735450","445947600","193212150"
"004650","창해에탄올","6153","20634","14481","82625000","275795600","193170600"
"046890","서울반도체","70688","85501","14813","886289950","1076813500","190523550"
"091120","이엠텍","32670","38091","5421","1220175150","1410060150","189885000"
"123410","코리아에프티","23031","84895","61864","70847285","260406680","189559395"
"278280","천보","26657","27439","782","6959539200","7147648900","188109700"
"046940","우원개발","14719","51803","37084","74711345","260888835","186177490"
"130500","GH신소재","9004","48638","39634","41600180","226891020","185290840"
"084650","랩지노믹스","82896","110290","27394","582388740","766003720","183614980"
"128540","에코캡","6779","35841","29062","42915610","225081050","182165440"
"032680","소프트센","86114","156658","70544","223962035","406123935","182161900"
"305090","마이크로디지탈","8994","22763","13769","117686750","298946600","181259850"
"052300","초록뱀컴퍼니","199982","347988","148006","241008145","421106060","180097915"
"217270","넵튠","6743","18956","12213","98370600","277716750","179346150"
"272290","이녹스첨단소재","69253","73997","4744","3181304950","3360120850","178815900"
"083650","비에이치아이","136136","172745","36609","692612310","871288065","178675755"
"140520","대창스틸","93713","140606","46893","352578600","528455635","175877035"
"052330","코텍","17963","36004","18041","190746690","365368780","174622090"
"072770","율호","148398","247443","99045","269207550","443551435","174343885"
"083790","크리스탈지노믹스","25442","62784","37342","117185010","291468685","174283675"
"253840","수젠텍","4294","21165","16871","43331490","214625080","171293590"
"314130","지놈앤컴퍼니","11514","19500","7986","243251300","413677000","170425700"
"306040","에스제이그룹","14729","21685","6956","362069800","531774500","169704700"
"126880","제이엔케이히터","51700","78328","26628","332190290","501154500","168964210"
"001810","무림SP","39030","89261","50231","131056445","299840720","168784275"
"122990","와이솔","6147","21667","15520","66430400","235143550","168713150"
"059090","미코","10355","27002","16647","106530400","275023900","168493500"
"340440","세림B&G","56509","104688","48179","149000410","317277375","168276965"
"045970","코아시아","7595","29586","21991","58772310","227019700","168247390"
"140410","메지온","100023","109179","9156","1764689800","1931651850","166962050"
"054780","키이스트","11780","28437","16657","118791230","285058670","166267440"
"347740","피엔케이피부임상연구센타","4057","13560","9503","71536900","236196650","164659750"
"089150","케이씨티","25808","52501","26693","157993990","320655690","162661700"
"051380","피씨디렉트","16108","23148","7040","351070450","513572200","162501750"
"263860","지니언스","9063","27137","18074","80977410","240976130","159998720"
"060240","룽투코리아","168502","196545","28043","1012625510","1171995320","159369810"
"263800","데이타솔루션","37928","59901","21973","268130060","424808900","156678840"
"131370","알서포트","56329","87686","31357","281226340","437884235","156657895"
"016600","큐캐피탈","789299","1014290","224991","563870605","720315770","156445165"
"067900","와이엔텍","66484","80309","13825","758635250","913693600","155058350"
"045520","크린앤사이언스","3878","15895","12017","50672900","205700800","155027900"
"144960","뉴파워프라즈마","15511","46248","30737","77050985","230526950","153475965"
"388720","유일로보틱스","10916","18902","7986","208685200","362024700","153339500"
"150900","파수","14173","29294","15121","146651450","299962550","153311100"
"039560","다산네트웍스","56857","77727","20870","418879290","568541330","149662040"
"353190","휴럼","122279","215418","93139","204332855","352753220","148420365"
"007770","한일화학","15592","24364","8772","269394900","417683950","148289050"
"282880","코윈테크","5815","11100","5285","168330650","316476100","148145450"
"199800","툴젠","3587","5903","2316","226905000","375013500","148108500"
"019550","SBI인베스트먼트","395900","478002","82102","700792095","848587850","147795755"
"241710","코스메카코리아","3326","14619","11293","44153800","191786950","147633150"
"024910","경창산업","24399","84867","60468","61067390","208445355","147377965"
"059120","아진엑스텍","14814","27208","12394","172145850","319321200","147175350"
"095500","미래나노텍","89390","110316","20926","644960120","791648720","146688600"
"170790","파이오링크","5375","15516","10141","75766050","221250400","145484350"
"189690","포시에스","5740","22906","17166","49575440","195050480","145475040"
"088390","이녹스","11642","19024","7382","233792950","378666050","144873100"
"122350","삼기","13312","52176","38864","49509355","194069455","144560100"
"148150","세경하이테크","4206","11210","7004","87082950","231052000","143969050"
"136540","윈스","12685","21776","9091","213372600","356995850","143623250"
"104040","대성파인텍","39577","112323","72746","76887465","220434790","143547325"
"256630","포인트엔지니어링","22968","67890","44922","73164080","216539295","143375215"
"137940","넥스트아이","71640","218934","147294","69816655","212116237","142299582"
"239340","줌인터넷","141259","167756","26497","750924460","893111430","142186970"
"108490","로보티즈","55121","63988","8867","1047427200","1189330950","141903750"
"382800","지앤비에스엔지니어링","4077","14107","10030","57753200","199006700","141253500"
"129890","앱코","7888","18738","10850","103838800","245025850","141187050"
"037440","희림","97848","114362","16514","829072170","970108250","141036080"
"058610","에스피지","124016","134550","10534","1879196150","2020132150","140936000"
"037370","EG","18538","31743","13205","208394150","348145600","139751450"
"217330","싸이토젠","262","2641","2379","15478400","154820700","139342300"
"330860","네패스아크","6077","9456","3379","250831450","389915600","139084150"
"222980","한국맥널티","71402","89624","18222","554237960","692177900","137939940"
"090850","현대이지웰","18505","32069","13564","189721700","327337250","137615550"
"101160","월덱스","35738","41649","5911","914700600","1051399500","136698900"
"276730","제주맥주","110024","166178","56154","286855570","423464745","136609175"
"191420","테고사이언스","1143","9841","8698","18183800","154612900","136429100"
"036540","SFA반도체","126122","148588","22466","771447800","906185830","134738030"
"089850","유비벨록스","8440","17700","9260","120628900","253458950","132830050"
"041930","동아화성","13184","25452","12268","144567950","277151350","132583400"
"044340","위닉스","3996","12984","8988","58759800","189880450","131120650"
"071670","에이테크솔루션","7388","18392","11004","86801700","216799250","129997550"
"337930","브랜드엑스코퍼레이션","27640","42751","15111","234823060","364665290","129842230"
"057680","티사이언티픽","167332","214388","47056","514054285","643122475","129068190"
"083450","GST","9180","13755","4575","261871450","388779000","126907550"
"080220","제주반도체","55301","80278","24977","282847650","408546540","125698890"
"039020","이건홀딩스","17978","44369","26391","85786630","210982830","125196200"
"075130","플랜티넷","22864","56845","33981","83914440","209019980","125105540"
"037460","삼지전자","4327","15159","10832","50365100","175355750","124990650"
"205500","액션스퀘어","59161","94922","35761","207833100","332125290","124292190"
"020180","대신정보통신","180294","272593","92299","247312270","371328115","124015845"
"004590","한국가구","33757","52307","18550","232960490","356722120","123761630"
"054180","메디콕스","103861","276857","172996","74319303","197992191","123672888"
"263600","덕우전자","17044","33532","16488","128044620","250844890","122800270"
"139670","키네마스터","55436","64780","9344","687366850","809271900","121905050"
"101930","인화정공","3475","11109","7634","53972500","175543400","121570900"
"950190","미투젠","3423","10340","6917","60984250","182522750","121538500"
"056080","유진로봇","155218","175735","20517","986650410","1108181850","121531440"
"277810","레인보우로보틱스","7988","13931","5943","165686550","286939450","121252900"
"247660","나노씨엠에스","103987","111931","7944","3233385750","3354138700","120752950"
"340930","유일에너테크","8643","16080","7437","141126450","260263450","119137000"
"288330","브릿지바이오테라퓨틱스","3782","14563","10781","42268100","161280450","119012350"
"043710","서울리거","31522","114272","82750","45368425","163881025","118512600"
"288980","모아데이타","7419","17070","9651","89459700","207246150","117786450"
"252990","샘씨엔에스","26545","45191","18646","167300650","284958110","117657460"
"049080","기가레인","305902","357032","51130","711852455","829129745","117277290"
"297890","HB솔루션","10444","17178","6734","181795000","298883000","117088000"
"054050","농우바이오","17551","27568","10017","209609950","326627150","117017200"
"036560","영풍정밀","5098","17267","12169","48253930","165255220","117001290"
"311390","네오크레마","3053","10150","7097","50604100","167586200","116982100"
"263700","케어랩스","13508","27720","14212","111235070","227393710","116158640"
"290270","휴네시온","8111","28711","20600","46196760","161860790","115664030"
"366030","공구우먼","22828","25860","3032","816404300","931322700","114918400"
"083500","에프엔에스테크","3535","14928","11393","35825200","150607250","114782050"
"067290","JW신약","64512","93235","28723","259402725","373433875","114031150"
"113810","디젠스","33385","139540","106155","36156960","150087350","113930390"
"372800","아이티아이즈","3587","12956","9369","42440300","155632150","113191850"
"158430","아톤","2777","6671","3894","80962600","193701150","112738550"
"048550","SM C&C","224384","247934","23550","1030415290","1143120220","112704930"
"171010","램테크놀러지","28786","44104","15318","203763470","316394300","112630830"
"369370","블리츠웨이","8161","32998","24837","37675870","149896020","112220150"
"290510","코리아센터","45020","62371","17351","292772110","404891580","112119470"
"307180","아이엘사이언스","6184","35377","29193","23939390","136008940","112069550"
"200470","에이팩트","13296","32177","18881","78579410","190284030","111704620"
"026150","특수건설","20371","30351","9980","227235850","338321850","111086000"
"053450","세코닉스","15297","26860","11563","148185680","259091330","110905650"
"099190","아이센스","9380","12997","3617","280565900","390062600","109496700"
"006050","국영지앤엠","35678","100594","64916","59545525","169017240","109471715"
"035290","골드앤에스","21822","59168","37346","64580510","173776860","109196350"
"039240","경남스틸","42111","66982","24871","190476945","299600045","109123100"
"088910","동우팜투테이블","153011","182510","29499","551680285","660564235","108883950"
"205100","엑셈","32547","56539","23992","148173525","255732735","107559210"
"131180","딜리","36599","92949","56350","69950940","177415040","107464100"
"122690","서진오토모티브","45957","75222","29265","164584795","271768215","107183420"
"260970","에스앤디","1748","7377","5629","33215900","139839450","106623550"
"032580","피델릭스","77430","142788","65358","124218515","230767310","106548795"
"094850","참좋은여행","23357","32193","8836","291629600","397201300","105571700"
"014470","부방","179204","217482","38278","475900665","580765495","104864830"
"054920","한컴위드","11651","25539","13888","88285090","193097080","104811990"
"115610","이미지스","210080","258418","48338","547655245","652261295","104606050"
"333430","일승","752857","789333","36476","3148666455","3251836930","103170475"
"043650","국순당","22574","33279","10705","221439220","324566000","103126780"
"003310","대주산업","2301493","2346162","44669","8954890835","9057973945","103083110"
"067170","오텍","21172","33121","11949","183446270","285781300","102335030"
"050110","캠시스","51807","110540","58733","89985890","192113680","102127790"
"016100","리더스코스메틱","18061","48860","30799","60802560","162402000","101599440"
"327260","RF머트리얼즈","6973","15443","8470","86498200","187216300","100718100"
"126640","화신정공","59148","112171","53023","112324455","212049980","99725525"
"123750","알톤스포츠","6379","32097","25718","25051720","124408225","99356505"
"376930","노을","8991","23622","14631","60838570","159621810","98783240"
"048910","대원미디어","11679","18476","6797","169666400","268009550","98343150"
"084850","아이티엠반도체","9539","12582","3043","314594300","411953500","97359200"
"368770","파이버프로","34019","54916","20897","161852065","258631555","96779490"
"073570","WI","238738","316959","78221","303896830","399442445","95545615"
"014190","원익큐브","71579","101772","30193","220867295","316167490","95300195"
"065680","우주일렉트로","1558","5144","3586","41231850","136342900","95111050"
"170030","현대공업","11895","24937","13042","86792530","181758940","94966410"
"037950","엘컴텍","175514","242196","66682","252434380","347067470","94633090"
"317690","퀀타매트릭스","5252","20146","14894","32946720","126234600","93287880"
"140070","서플러스글로벌","16234","36241","20007","76404475","169337030","92932555"
"096690","에이루트","95556","280832","185276","47789388","140352054","92562666"
"082850","우리바이오","109832","134725","24893","424383595","516675205","92291610"
"054540","삼영엠텍","44689","62864","18175","221838870","313810380","91971510"
"023900","풍국주정","4274","10055","5781","68047300","159975950","91928650"
"038870","에코바이오","4674","17654","12980","33303060","125070030","91766970"
"027050","코리아나","53435","76895","23460","213229345","304900780","91671435"
"301300","바이브컴퍼니","4321","6825","2504","159627400","251294650","91667250"
"092300","현우산업","31591","49870","18279","155896855","247478780","91581925"
"065500","오리엔트정공","79093","124488","45395","157522660","247069920","89547260"
"066130","하츠","6010","15849","9839","54539330","143927260","89387930"
"044490","태웅","7254","16012","8758","78537200","167445300","88908100"
"348030","모비릭스","2133","7823","5690","33476800","122103200","88626400"
"023440","제이스코홀딩스","16405","53810","37405","38781070","126988380","88207310"
"050960","수산아이앤티","8452","14752","6300","120904600","208866000","87961400"
"179900","유티아이","15158","21007","5849","231798300","319694300","87896000"
"065420","에스아이리소스","718842","809923","91081","649696961","737542532","87845571"
"338220","뷰노","3804","12627","8823","37647270","125423640","87776370"
"027710","팜스토리","5189966","5243429","53463","21561030510","21648723150","87692640"
"121440","골프존뉴딘홀딩스","14998","25057","10059","131744700","218780010","87035310"
"127710","아시아경제","10684","43337","32653","28475075","115321040","86845965"
"169330","엠브레인","31258","52853","21595","126914805","213439580","86524775"
"038880","아이에이","147255","236301","89046","143595324","229811031","86215707"
"046440","KG모빌리언스","22247","32640","10393","182235120","267043700","84808580"
"261200","덴티스","4075","14260","10185","34110810","118332360","84221550"
"012700","리드코프","11935","21557","9622","104837140","188869930","84032790"
"123010","아이윈플러스","53762","124038","70276","66353620","150110475","83756855"
"201490","미투온","34662","50946","16284","181736400","264906020","83169620"
"039340","한국경제TV","1492","13661","12169","10102050","92317090","82215040"
"215360","우리산업","3964","8940","4976","65848750","147605500","81756750"
"226330","신테카바이오","3532","10275","6743","41971850","123507350","81535500"
"017480","삼현철강","20351","32521","12170","137415950","218689430","81273480"
"031330","에스에이엠티","24448","43847","19399","102689650","183276940","80587290"
"164060","이루다","52405","67338","14933","291364810","371738390","80373580"
"105740","디케이락","4652","11833","7181","53444200","133368650","79924450"
"348350","위드텍","1720","6722","5002","27510050","107149750","79639700"
"096040","이트론","376347","696015","319668","95011993","173392736","78380743"
"051490","나라엠앤디","11134","20940","9806","88343840","165345950","77002110"
"114840","아이패밀리에스씨","16095","19169","3074","405769900","481653000","75883100"
"079960","동양이엔피","2648","7226","4578","43593050","119231900","75638850"
"237690","에스티팜","15145","15992","847","1399826300","1475440100","75613800"
"149980","하이로닉","90403","98393","7990","846095780","921519710","75423930"
"187790","나노","43671","98516","54845","57806075","132683640","74877565"
"082210","옵트론텍","19001","31000","11999","122681650","197193850","74512200"
"063570","한국전자금융","44958","57426","12468","259694380","334026880","74332500"
"046070","코다코","10092","60565","50473","14631100","87285410","72654310"
"092190","서울바이오시스","35812","44594","8782","288392280","361029640","72637360"
"100130","동국S&C","44379","58671","14292","225750130","298253520","72503390"
"008290","원풍물산","60005","130261","70256","62705595","135124990","72419395"
"208640","썸에이지","198361","256881","58520","257600650","329344220","71743570"
"950170","JTC","61125","82084","20959","220265120","291455270","71190150"
"100700","세운메디칼","24291","43844","19553","89246645","160269095","71022450"
"318010","팜스빌","6094","11543","5449","76188050","146939350","70751300"
"038060","루멘스","47694","99588","51894","62989265","133502440","70513175"
"084180","EV수성","12529","59198","46669","19010425","88958105","69947680"
"222160","바이옵트로","11805","19989","8184","106522950","176278790","69755840"
"245620","EDGC","79266","99548","20282","286793245","355455660","68662415"
"036120","SCI평가정보","13007","33178","20171","44272250","112428290","68156040"
"038070","서린바이오","4936","9985","5049","65744200","133830350","68086150"
"052400","코나아이","32774","35552","2778","845178200","913133800","67955600"
"263050","유틸렉스","3958","9086","5128","51414950","118971550","67556600"
"294570","쿠콘","20951","22592","1641","837796000","905251100","67455100"
"215790","이노인스트루먼트","86086","119318","33232","176217760","243368350","67150590"
"195500","마니커에프앤지","27573","40742","13169","140155670","207046875","66891205"
"312610","에이에프더블류","4760","20156","15396","20742165","87588695","66846530"
"263720","디앤씨미디어","8737","11215","2478","245380150","312218000","66837850"
"013990","아가방컴퍼니","42098","59538","17440","166000470","232736695","66736225"
"143160","아이디스","1611","4312","2701","39707550","106421450","66713900"
"060590","씨티씨바이오","24769","31383","6614","244132510","310044730","65912220"
"040910","아이씨디","2480","8967","6487","25018300","90663400","65645100"
"096610","알에프세미","50893","67728","16835","197825675","263320235","65494560"
"071200","인피니트헬스케어","3188","13131","9943","20816610","86061870","65245260"
"057030","YBM넷","36250","49165","12915","191811740","256764660","64952920"
"007370","진양제약","9194","19141","9947","60402160","125224670","64822510"
"089790","제이티","8810","16661","7851","71993780","136408540","64414760"
"060260","뉴보텍","54613","107848","53235","67077270","131401115","64323845"
"294630","서남","6908","28099","21191","20537805","84642810","64105005"
"014200","광림","2370413","2428070","57657","6913548210","6977608750","64060540"
"060310","3S","52682","74783","22101","159924505","223815965","63891460"
"376180","피코그램","4934","8695","3761","83774900","147519850","63744950"
"224110","에이텍티앤","12010","16665","4655","157650500","221185700","63535200"
"093190","빅솔론","14517","23792","9275","99154750","162581460","63426710"
"226400","오스테오닉","16815","36443","19628","54508425","117713670","63205245"
"053280","예스24","6135","14293","8158","46965510","109806650","62841140"
"220260","켐트로스","55397","63301","7904","476504680","539238490","62733810"
"083310","엘오티베큠","7064","11714","4650","96334600","158056550","61721950"
"138580","비즈니스온","1528","7248","5720","16507450","78174400","61666950"
"351330","이삭엔지니어링","1956","7151","5195","22899500","84436450","61536950"
"040610","SG&G","86058","110856","24798","219034970","280530210","61495240"
"030520","한글과컴퓨터","13001","15988","2987","259509500","320949600","61440100"
"038950","파인디지털","4882","14681","9799","30696290","91769180","61072890"
"217820","엔에스","19549","25494","5945","204403950","265013950","60610000"
"060900","대한그린파워","281496","348156","66660","264570177","324715780","60145603"
"082270","젬백스","25618","29921","4303","354987750","414858950","59871200"
"148250","알엔투테크놀로지","3944","9870","5926","40448400","99692400","59244000"
"131390","원익피앤이","10462","12589","2127","295845550","354817750","58972200"
"038010","제일테크노스","16941","26176","9235","105722460","164409590","58687130"
"290120","대유에이피","4409","13969","9560","27102820","85761830","58659010"
"251630","브이원텍","12110","18453","6343","111415760","169766800","58351040"
"101670","코리아에스이","23862","56845","32983","42253715","100602330","58348615"
"049720","고려신용정보","10309","17034","6725","89679810","147848820","58169010"
"340570","티앤엘","8990","10555","1565","329596400","387754500","58158100"
"226340","본느","19450","44951","25501","44850285","102748580","57898295"
"103840","우양","29411","41151","11740","146322670","203859115","57536445"
"084730","팅크웨어","6862","10400","3538","113113650","170418900","57305250"
"029960","코엔텍","29883","36913","7030","247845250","305049100","57203850"
"021040","대호특수강","48557","118865","70308","39911525","96738075","56826550"
"037400","우리엔터프라이즈","28799","49168","20369","82836330","139633350","56797020"
"336060","웨이버스","410366","434472","24106","943269335","999806720","56537385"
"039860","나노엔텍","20250","30017","9767","118731450","175172170","56440720"
"090150","아이윈","86496","112444","25948","195407625","251564440","56156815"
"352910","오비고","5905","9973","4068","81159350","137218750","56059400"
"033230","인성정보","85226","106692","21466","219504075","275175310","55671235"
"021320","KCC건설","4906","11220","6314","43113490","98729310","55615820"
"200350","래몽래인","3615","6834","3219","62304500","117125550","54821050"
"092600","앤씨앤","25711","39768","14057","99274545","153900880","54626335"
"356890","싸이버원","2758","7469","4711","31420050","85666250","54246200"
"006620","동구바이오제약","5654","13459","7805","39111800","93208490","54096690"
"086710","선진뷰티사이언스","9097","16739","7642","65467280","119446860","53979580"
"298380","에이비엘바이오","301311","309380","8069","6369033000","6422815350","53782350"
"041440","현대에버다임","1384866","1395959","11093","12820475280","12874179390","53704110"
"072520","제넨바이오","30916","57892","26976","61336120","114758755","53422635"
"159580","제로투세븐","11431","17189","5758","103229710","155851340","52621630"
"217620","디딤","7825","48590","40765","10159780","62581865","52422085"
"241790","오션브릿지","6440","10120","3680","91673350","143782450","52109100"
"317850","대모","71553","77822","6269","671206380","723099860","51893480"
"032280","삼일","61777","80917","19140","166485635","218262110","51776475"
"059270","해성티피씨","18016","24694","6678","134939560","185656690","50717130"
"008470","부스타","6016","14965","8949","34283390","84769620","50486230"
"050860","아세아텍","140290","155097","14807","527900270","578253070","50352800"
"086890","이수앱지스","15712","22674","6962","114578500","164870230","50291730"
"900340","윙입푸드","86768","117397","30629","140594555","190791725","50197170"
"025870","신라에스지","12777","16906","4129","157464200","207561300","50097100"
"052790","액토즈소프트","5099","9846","4747","54711650","104798250","50086600"
"308080","바이젠셀","6149","8581","2432","125681550","175575250","49893700"
"079950","인베니아","35197","55048","19851","89110950","139000730","49889780"
"101330","모베이스","25139","39032","13893","87232930","137001925","49768995"
"241690","유니테크노","9301","15188","5887","77267720","126856780","49589060"
"365900","브이씨","1528","5251","3723","20808250","70310150","49501900"
"189330","씨이랩","5379","8373","2994","93961300","143049800","49088500"
"290670","대보마그네틱","4873","5984","1111","222285100","271194150","48909050"
"361570","알비더블유","9729","12600","2871","165419100","213771200","48352100"
"039290","인포뱅크","25322","28320","2998","401277200","449492050","48214850"
"087010","펩트론","4593","9933","5340","41289750","88752460","47462710"
"317120","라닉스","3083","9567","6484","22225650","68876040","46650390"
"096240","크레버스","7258","8892","1634","209427750","255846550","46418800"
"033560","블루콤","3925","8483","4558","40482900","86836100","46353200"
"078160","메디포스트","11197","13477","2280","237529550","283834150","46304600"
"086820","바이오솔루션","1498","4809","3311","20915400","67217650","46302250"
"241840","에이스토리","10316","12261","1945","267136050","313300600","46164550"
"207760","미스터블루","8585","14949","6364","63174620","109222750","46048130"
"009780","엠에스씨","3541","10607","7066","22917800","68904340","45986540"
"331920","셀레믹스","1898","7370","5472","16369390","62340400","45971010"
"263810","상신전자","28210","39575","11365","113819715","159748440","45928725"
"322310","오로스테크놀로지","2645","4961","2316","53702000","99072400","45370400"
"094860","네오리진","68572","117691","49119","63760846","109062616","45301770"
"060370","KT서브마린","20155","28396","8241","109737650","154984830","45247180"
"068790","DMS","8941","16470","7529","53042130","98043360","45001230"
"034810","해성산업","4234","7874","3640","52290750","97277100","44986350"
"131760","파인텍","58235","93911","35676","73629970","118568150","44938180"
"058970","엠로","11201","13561","2360","191708000","236319450","44611450"
"094940","푸른기술","16091","20741","4650","151071140","195326420","44255280"
"217600","켐온","48508","64934","16426","126775685","170520630","43744945"
"196490","디에이테크놀로지","10829","20573","9744","48269950","91160995","42891045"
"214180","민앤지","2390","4866","2476","41020600","83606500","42585900"
"234340","세틀뱅크","2657","4345","1688","67749700","109961200","42211500"
"111870","KH 전자","47691","119140","71449","27577551","69390927","41813376"
"035200","프럼파스트","32370","40032","7662","176951120","218689550","41738430"
"057540","옴니시스템","507859","519357","11498","1188988925","1230649820","41660895"
"222040","코스맥스엔비티","16309","23491","7182","94903580","136258200","41354620"
"187870","디바이스이엔지","1407","3232","1825","31812950","72846100","41033150"
"040350","큐로컴","36209","73110","36901","39354205","80086360","40732155"
"065170","비엘팜텍","41658","77347","35689","47956605","88619990","40663385"
"037350","성도이엔지","5136","12460","7324","28175510","68580170","40404660"
"130740","티피씨글로벌","16715","28396","11681","59211750","99330820","40119070"
"260930","씨티케이","109178","116070","6892","1133824940","1173813720","39988780"
"138610","나이벡","4316","6363","2047","85813250","125525500","39712250"
"330730","스톤브릿지벤처스","26031","31519","5488","187835390","227440340","39604950"
"154030","아시아종묘","64239","70529","6290","420058320","459630590","39572270"
"043370","피에이치에이","3393","7891","4498","29681730","69229550","39547820"
"073010","케이에스피","6600","27730","21130","12424715","51849465","39424750"
"123040","엠에스오토텍","8028","15790","7762","41066490","80474720","39408230"
"063760","이엘피","16842","23206","6364","103580670","142955430","39374760"
"304840","피플바이오","3697","7486","3789","38278450","77328550","39050100"
"192440","슈피겐코리아","1830","2749","919","77965750","116576700","38610950"
"193250","와이제이엠게임즈","202558","220747","18189","581019625","619606620","38586995"
"222420","쎄노텍","7353","26988","19635","14067540","51906940","37839400"
"216050","인크로스","958","2059","1101","33434850","71204150","37769300"
"058450","일야","174220","217888","43668","149147026","186910518","37763492"
"133750","메가엠디","27554","38701","11147","91218050","128049735","36831685"
"376290","씨유테크","8497","14475","5978","55385700","92127330","36741630"
"085660","차바이오텍","38886","41250","2364","661259550","697924700","36665150"
"256940","케이피에스","2151","6937","4786","16658520","53119540","36461020"
"267980","매일유업","7169","7708","539","493230500","529429300","36198800"
"073490","이노와이어리스","10360","11331","971","397262850","433138300","35875450"
"102370","케이옥션","14153","15627","1474","308434700","344119300","35684600"
"076610","해성옵틱스","636255","693625","57370","590371856","626021862","35650006"
"290690","소룩스","11599","14955","3356","124398550","160025550","35627000"
"121600","나노신소재","75769","77658","1889","4937792300","4973114900","35322600"
"010280","쌍용정보통신","51182","84955","33773","53228765","88224680","34995915"
"153710","옵티팜","9342","13239","3897","88094190","122912400","34818210"
"064290","인텍플러스","14102","15726","1624","350711500","385102850","34391350"
"024800","유성티엔에스","13435","24477","11042","41632360","76001005","34368645"
"380320","삼성머스트스팩5호","7689","15655","7966","33057490","67269350","34211860"
"03481K","해성산업1우","509","2506","1997","8630800","42682400","34051600"
"064090","에프앤리퍼블릭","11970","21758","9788","41092430","75087445","33995015"
"155650","와이엠씨","4707","9555","4848","32580940","66291890","33710950"
"156100","엘앤케이바이오","7272","9859","2587","95474700","128755400","33280700"
"115480","씨유메디칼","70288","101133","30845","75923220","109164775","33241555"
"062970","피피아이","8312","17641","9329","30590595","63724930","33134335"
"298540","더네이쳐홀딩스","14561","15745","1184","457802700","490931350","33128650"
"114450","KPX생명과학","25389","31436","6047","139626960","172476060","32849100"
"146320","비씨엔씨","47147","49150","2003","983933250","1016601350","32668100"
"307870","비투엔","3297","15753","12456","8620350","40939410","32319060"
"049950","미래컴퍼니","4165","5615","1450","92419300","124462650","32043350"
"011370","서한","161835","183517","21682","260111115","291632460","31521345"
"174880","장원테크","86446","107886","21440","158068545","189411965","31343420"
"275630","에스에스알","2687","8089","5402","15529400","46433420","30904020"
"033200","모아텍","6119","10776","4657","40981840","71779930","30798090"
"254120","자비스","22890","37627","14737","48382135","79003570","30621435"
"334970","프레스티지바이오로직스","10802","15531","4729","74288090","104889910","30601820"
"086670","비엠티","9527","11793","2266","115624050","146057150","30433100"
"214430","아이쓰리시스템","10852","12528","1676","217344700","247766700","30422000"
"302550","리메드","2829","4392","1563","54329900","84352050","30022150"
"261780","차백신연구소","2810","7018","4208","19958460","49885850","29927390"
"017000","신원종합개발","50122","52951","2829","568211550","597913750","29702200"
"263770","유에스티","10897","19040","8143","39538050","69142125","29604075"
"950140","잉글우드랩","12490","16728","4238","84893490","114131940","29238450"
"092730","네오팜","7481","8775","1294","178004850","207143150","29138300"
"078140","대봉엘에스","8140","11310","3170","73067190","101420420","28353230"
"065370","위세아이텍","6254","8428","2174","77108300","105211800","28103500"
"290090","트윔","366","1939","1573","6568600","34594750","28026150"
"187270","신화콘텍","15207","21146","5939","68382720","96385980","28003260"
"031310","아이즈비전","21538","29030","7492","80961420","108815785","27854365"
"043340","에쎈테크","56538","81778","25240","66773540","94394695","27621155"
"066430","와이오엠","30522","42251","11729","71723280","99237155","27513875"
"347000","센코","1300","3279","1979","18512950","45996850","27483900"
"038530","골드퍼시픽","54456","89349","34893","43470620","70908700","27438080"
"030960","양지사","4318","7183","2865","40950590","68326350","27375760"
"064240","홈캐스트","16812","25437","8625","50735645","78041450","27305805"
"179530","애드바이오텍","9225","14343","5118","47826400","74903170","27076770"
"352480","씨앤씨인터내셔널","1265","2571","1306","26174550","53162600","26988050"
"376190","엘비루셈","8902","11761","2859","85183980","112076910","26892930"
"032190","다우데이타","20915","22909","1994","273449600","300282650","26833050"
"026910","광진실업","8901","14198","5297","46162900","72982620","26819720"
"900260","로스웰","3113827","3188939","75112","1375332900","1401904604","26571704"
"043220","티에스넥스젠","98026","116566","18540","137083820","163439090","26355270"
"217190","제너셈","2216","5343","3127","19041180","45183790","26142610"
"083660","CSA 코스믹","910","14441","13531","1762170","27794280","26032110"
"079970","투비소프트","126205","148696","22491","144881055","170877395","25996340"
"095910","에스에너지","9628","16784","7156","34555675","60524240","25968565"
"066910","손오공","93953","104752","10799","214782995","240728240","25945245"
"052220","iMBC","12991","19310","6319","53388340","79273655","25885315"
"204020","그리티","152285","162629","10344","462196570","488022705","25826135"
"031510","오스템","19581","31579","11998","42483120","67981250","25498130"
"237880","클리오","13507","14907","1400","248052650","273488500","25435850"
"330350","위더스제약","4078","6784","2706","38388830","63656910","25268080"
"109080","옵티시스","5391","7113","1722","80859200","106034200","25175000"
"317240","TS트릴리온","175723","196754","21031","209441870","234576950","25135080"
"020710","시공테크","60949","65836","4887","436565780","461675750","25109970"
"290520","신도기연","6144","8033","1889","83101300","107558850","24457550"
"014940","오리엔탈정공","7789","15147","7358","26025135","50448135","24423000"
"263020","디케이앤디","7782","15090","7308","25996230","50283480","24287250"
"303530","이노뎁","5918","7211","1293","111163050","135284250","24121200"
"357580","아모센스","16102","17854","1752","268292500","292236900","23944400"
"244460","올리패스","4014","7220","3206","30133920","54040120","23906200"
"217500","러셀","14737","20193","5456","62076950","85569440","23492490"
"236200","슈프리마","2191","3193","1002","51668750","75123300","23454550"
"079650","서산","6303","15896","9593","15683230","38906475","23223245"
"204620","글로벌텍스프리","69408","78326","8918","195377945","218596340","23218395"
"211050","인카금융서비스","3029","4358","1329","52155250","75309800","23154550"
"101390","아이엠","7895","11226","3331","55979780","78922870","22943090"
"034940","조아제약","20673","28399","7726","62349635","85101240","22751605"
"321820","와이더플래닛","3621","5678","2057","39968400","62482300","22513900"
"042510","라온시큐어","23351","30401","7050","76806345","99298995","22492650"
"189980","흥국에프엔비","88697","94700","6003","336085505","358428505","22343000"
"294140","레몬","5470","10793","5323","22793765","45092085","22298320"
"309930","오하임아이엔티","24139","29226","5087","103049795","124939750","21889955"
"067920","이글루","10194","13241","3047","75513480","97342950","21829470"
"069140","누리플랜","10653","13725","3072","75032460","96846930","21814470"
"082920","비츠로셀","9307","11080","1773","114976900","136688800","21711900"
"322510","제이엘케이","3861","7589","3728","22231550","43661480","21429930"
"066360","체리부로","6772","22043","15271","9322740","30637385","21314645"
"070590","한솔인티큐브","21528","29458","7930","54851075","76138915","21287840"
"273060","와이즈버즈","3861","16454","12593","6517275","27350865","20833590"
"021650","한국큐빅","6669","12335","5666","24681725","45472330","20790605"
"314930","바이오다인","3028","3880","852","76629900","97311900","20682000"
"079000","와토스코리아","13791","17062","3271","94480560","115140420","20659860"
"080000","에스엔유","9223","15417","6194","30791420","51242770","20451350"
"098120","마이크로컨텍솔","9765","11723","1958","111048750","131158850","20110100"
"200710","에이디테크놀로지","5709","6933","1224","94138850","114076750","19937900"
"006920","모헨즈","74350","79354","5004","427049200","446971940","19922740"
"043610","지니뮤직","31742","36042","4300","155407000","175229620","19822620"
"159010","아스플로","2398","3372","974","48755850","68272050","19516200"
"051360","토비스","24802","26829","2027","215671480","235184920","19513440"
"214870","뉴지랩파마","2720","4918","2198","24185470","43653010","19467540"
"031980","피에스케이홀딩스","10338","12075","1737","133117900","152567050","19449150"
"199820","제일전기공업","2489","3906","1417","33993850","52858350","18864500"
"019660","글로본","4769","10989","6220","14246140","33108405","18862265"
"238490","힘스","1001","3314","2313","8264090","27055030","18790940"
"059100","아이컴포넌트","7321","9828","2507","51293900","69960380","18666480"
"122450","KMH","4602","6838","2236","38967940","57129360","18161420"
"265740","엔에프씨","2867","4252","1385","37775450","55839550","18064100"
"029480","광무","18007","22901","4894","63439595","81411170","17971575"
"067570","엔브이에이치코리아","32979","37762","4783","137043780","154742130","17698350"
"001540","안국약품","3783","5535","1752","38495450","56096950","17601500"
"045300","성우테크론","16052","19257","3205","87560810","104940680","17379870"
"319400","현대무벡스","37084","42179","5095","130264140","147477810","17213670"
"035890","서희건설","320488","338719","18231","570474435","587676355","17201920"
"351320","에스에이티이엔지","2239","7035","4796","8222500","25375705","17153205"
"036480","대성미생물","972","2187","1215","13679200","30736500","17057300"
"094840","슈프리마에이치큐","5127","7443","2316","37125730","54120280","16994550"
"317870","엔바이오니아","3730","5229","1499","43693650","60416450","16722800"
"142760","비엘","228705","237730","9025","1336895480","1353595780","16700300"
"009520","포스코엠텍","22470","25097","2627","150788700","167464860","16676160"
"143540","영우디에스피","260410","266379","5969","581727445","598286705","16559260"
"065150","엠피대산","20258","40656","20398","16779705","33231209","16451504"
"115530","씨엔플러스","17342","40013","22671","12674000","29009690","16335690"
"054090","삼진엘앤디","36753","42424","5671","100247645","116306675","16059030"
"332570","와이팜","5229","8247","3018","27133610","43067830","15934220"
"203400","에이비온","8547","10729","2182","67624790","83297330","15672540"
"042500","링네트","7484","10175","2691","43679950","59297910","15617960"
"109740","디에스케이","3630","6091","2461","23555190","38974580","15419390"
"053590","한국테크놀로지","35854","55138","19284","28949238","44366692","15417454"
"060720","KH바텍","60004","60864","860","1134545950","1149758650","15212700"
"011560","세보엠이씨","7429","9523","2094","51136930","66226980","15090050"
"089010","켐트로닉스","8909","9609","700","216576750","231570250","14993500"
"040420","정상제이엘에스","6922","8881","1959","52500380","67476890","14976510"
"227950","엔투텍","31183","40795","9612","48993410","63853460","14860050"
"019010","베뉴지","4333","10630","6297","10069785","24893045","14823260"
"137080","나래나노텍","5046","6375","1329","57162950","71904450","14741500"
"078070","유비쿼스홀딩스","3190","4050","860","54044800","68480950","14436150"
"023760","한국캐피탈","9943","26832","16889","8530012","22937366","14407354"
"026040","제이에스티나","21154","24837","3683","72555680","86660905","14105225"
"128660","피제이메탈","65882","68066","2184","344082110","358134210","14052100"
"396300","세아메카닉스","23530","25938","2408","133950130","147904190","13954060"
"251970","펌텍코리아","3419","4232","813","62758300","76673600","13915300"
"277410","인산가","47561","53549","5988","111483880","125288390","13804510"
"304100","솔트룩스","5609","6817","1208","64240650","77969300","13728650"
"053300","한국정보인증","13123","15392","2269","79581260","93238290","13657030"
"013310","아진산업","359961","365721","5760","1110851300","1124408230","13556930"
"405640","신한제9호스팩","502","6648","6146","1101890","14607005","13505115"
"318000","KBG","6167","7996","1829","46405120","59899080","13493960"
"950110","SBI핀테크솔루션즈","1246","3612","2366","7077360","19952140","12874780"
"032850","비트컴퓨터","33131","34818","1687","281470710","294244730","12774020"
"039610","화성밸브","50287","52241","1954","330640940","343248470","12607530"
"039830","오로라","12564","13952","1388","117072350","129651400","12579050"
"060540","에스에이티","28479","33072","4593","74674025","86974800","12300775"
"069540","라이트론","28545","31232","2687","127039085","139334770","12295685"
"197140","디지캡","11902","15005","3103","52008220","64114855","12106635"
"089230","THE E&M","60727","81824","21097","35424276","47360596","11936320"
"067010","이씨에스","11363","14166","2803","49816805","61750845","11934040"
"073560","우리손에프앤지","641242","649082","7840","1600734505","1612614435","11879930"
"307280","원바이오젠","19293","25548","6255","36104420","47819155","11714735"
"347890","엠투아이","4331","5662","1331","37632830","49081490","11448660"
"040300","YTN","210","3361","3151","762175","12055735","11293560"
"015710","코콤","5182","7046","1864","32148650","43401570","11252920"
"262260","에이프로","7705","8595","890","109145100","120300650","11155550"
"900270","헝셩그룹","71359","105596","34237","24785078","35927778","11142700"
"022220","TKG애강","52927","58160","5233","103997995","114995330","10997335"
"331380","포커스에이치엔에스","10914","15152","4238","29453265","40196650","10743385"
"054630","에이디칩스","81754","111076","29322","29411603","40055204","10643601"
"142280","녹십자엠에스","8573","10324","1751","53188280","63720870","10532590"
"049470","SGA","20257","31092","10835","19654584","30179289","10524705"
"208370","셀바스헬스케어","24270","27870","3600","71543855","81726915","10183060"
"036170","클라우드에어","30340","38223","7883","39143170","48981450","9838280"
"175140","인포마크","641","2041","1400","4375600","14122060","9746460"
"049180","셀루메드","13814","15697","1883","71727050","81293420","9566370"
"106520","노블엠앤비","5974","8501","2527","22294995","31819925","9524930"
"187220","디티앤씨","8661","9985","1324","63236440","72701030","9464590"
"019540","일지테크","4356","7384","3028","13544150","22894870","9350720"
"192390","윈하이텍","27583","29743","2160","108918995","118163975","9244980"
"187660","에이디엠코리아","33671","35964","2293","143030300","152187535","9157235"
"950200","소마젠","2208","3859","1651","12306750","21381170","9074420"
"002230","피에스텍","1105","3230","2125","4804645","13848175","9043530"
"173130","오파스넷","219933","226624","6691","1184112580","1192917830","8805250"
"012340","뉴인텍","29535","32669","3134","92254330","101048295","8793965"
"194700","노바렉스","2074","2313","239","77862700","86615450","8752750"
"012860","모베이스전자","44811","49530","4719","79436080","87943320","8507240"
"065130","탑엔지니어링","2584","3849","1265","17280070","25611140","8331070"
"317530","캐리소프트","7732","8894","1162","66197200","74396400","8199200"
"252500","세화피앤씨","201124","206825","5701","339080265","347154540","8074275"
"357550","석경에이티","3191","3696","505","50368000","58351350","7983350"
"196450","코아시아옵틱스","29831","33240","3409","73473870","81354580","7880710"
"047080","한빛소프트","10279","12137","1858","45090470","52924915","7834445"
"037030","파워넷","49959","51907","1948","233095595","240816845","7721250"
"007820","에스엠코어","7168","8368","1200","47589700","55301760","7712060"
"239610","에이치엘사이언스","113","313","200","4225300","11771600","7546300"
"025440","대성엘텍","49312","59875","10563","35102175","42636028","7533853"
"153490","우리이앤엘","52185","56568","4383","82992995","90461850","7468855"
"044180","KD","16543","22541","5998","20253910","27707835","7453925"
"412930","미래에셋비전스팩1호","3815","7190","3375","8348030","15781845","7433815"
"002680","한탑","103166","106976","3810","252648925","259969895","7320970"
"056360","코위버","13541","14424","883","115576830","122831960","7255130"
"900120","씨케이에이치","93204","118396","25192","24290353","31109396","6819043"
"088130","동아엘텍","5553","6281","728","47845470","54338060","6492590"
"171120","라이온켐텍","883","1718","835","6944780","13257190","6312410"
"339950","아이비김영","40617","42727","2110","122705700","128810555","6104855"
"208350","지란지교시큐리티","2298","3448","1150","11948260","17986780","6038520"
"065650","메디프론","8942","11797","2855","18460170","24495590","6035420"
"027580","상보","49875","53327","3452","90208415","96204860","5996445"
"408920","에스케이증권7호스팩","208","2884","2676","457600","6360310","5902710"
"027040","서울전자통신","13849","21189","7340","10883696","16623309","5739613"
"096630","에스코넥","28125","32314","4189","39516025","45234860","5718835"
"359090","씨엔알리서치","12871","15932","3061","24555195","30188620","5633425"
"200230","텔콘RF제약","22086","24743","2657","43611305","48840565","5229260"
"101400","엔시트론","41547","47387","5840","36649868","41847998","5198130"
"246960","이노테라피","662","1171","509","6567460","11637020","5069560"
"320000","윈텍","7506","9347","1841","20522840","25570510","5047670"
"365590","엔에이치스팩18호","3653","6007","2354","7784730","12759965","4975235"
"096350","대창솔루션","314331","325186","10855","162060910","166913792","4852882"
"036190","금화피에스시","129","286","157","3959950","8811550","4851600"
"400560","하나금융20호스팩","3","1990","1987","7245","4798430","4791185"
"122310","제노레이","27677","28347","670","281897860","286672990","4775130"
"072020","중앙백신","2315","2668","353","31720900","36442850","4721950"
"203450","유니온커뮤니티","2559","3808","1249","9235115","13743575","4508460"
"391710","엔에이치스팩21호","5348","7224","1876","13564755","18061585","4496830"
"163730","핑거","33405","33704","299","489203950","493605500","4401550"
"065570","삼영이엔씨","2034","2754","720","12517940","16873130","4355190"
"051980","중앙디앤엠","1861","5359","3498","1838015","6083565","4245550"
"067730","로지시스","11105","11773","668","65987070","70009480","4022410"
"175250","아이큐어","7205","7494","289","82146350","86044750","3898400"
"080420","모다이노칩","35447","36532","1085","118459525","122271050","3811525"
"047770","코데즈컴바인","6817","8417","1600","15769880","19330920","3561040"
"099390","브레인즈컴퍼니","3741","4097","356","43574200","47115600","3541400"
"032800","판타지오","47589","52773","5184","33285693","36794447","3508754"
"016250","SGC이테크건설","828","890","62","43221500","46611600","3390100"
"382480","지아이텍","23921","24820","899","80528730","83846755","3318025"
"190650","코리아에셋투자증권","1346","1628","282","14272150","17316100","3043950"
"032750","삼진","1486","1871","385","11301100","14133770","2832670"
"328380","미래에셋대우스팩3호","4887","6018","1131","11864770","14591125","2726355"
"010170","대한광통신","131112","131646","534","307749650","310446395","2696745"
"022100","포스코 ICT","38257","38769","512","228530000","231173170","2643170"
"053060","세동","16552","18701","2149","19295560","21703325","2407765"
"007530","영신금속","61678","64596","2918","180189200","182363730","2174530"
"332370","아이디피","3973","4191","218","31870800","33812190","1941390"
"035610","솔본","10823","11146","323","50190230","51802090","1611860"
"225220","제놀루션","7039","7206","167","87505250","88959700","1454450"
"033320","제이씨현시스템","35755","36083","328","233536920","234937190","1400270"
"054620","APS홀딩스","10224","10317","93","119265900","120534250","1268350"
"222110","팬젠","13","156","143","104140","1240510","1136370"
"234920","자이글","2360","2731","371","7572020","8676705","1104685"
"258610","케일럼","16495","16842","347","71743185","72643445","900260"
"246720","아스타","2061","2254","193","10269160","11132075","862915"
"900110","이스트아시아홀딩스","874105","888821","14716","257279279","257979940","700661"
"347700","라이프시맨틱스","5778","5925","147","41807240","42450470","643230"
"036690","코맥스","13141","13212","71","54554150","55182225","628075"
"043090","한창바이오텍","6591","6911","320","11418655","12038605","619950"
"070300","엑스큐어","3338","3548","210","11424755","12026120","601365"
"052670","제일바이오","41178","40724","-454","95965970","96364560","398590"
"123840","한일진공","7241","7742","501","5562064","5946203","384139"
"049550","잉크테크","663","697","34","4705610","4983000","277390"
"066590","우수AMS","13819","13855","36","52547005","52820895","273890"
"353490","미래에셋대우스팩 5호","0","93","93","0","203205","203205"
"353060","에이치엠씨제5호스팩","2","59","57","4330","127145","122815"
"419270","신영스팩7호","2","44","42","4520","99220","94700"
"404950","DB금융스팩10호","0","32","32","0","69280","69280"
"396770","엔에이치스팩22호","1","30","29","2265","67300","65035"
"065690","파커스","2733","2751","18","8533610","8558355","24745"
"045060","오공","2556","2562","6","10622045","10640340","18295"
"388790","IBKS제16호스팩","24","29","5","55080","65540","10460"
"344050","신영스팩6호","2","0","-2","4500","0","-4500"
"349720","이베스트스팩5호","3","0","-3","6570","0","-6570"
"388220","하나금융19호스팩","4","1","-3","8760","2190","-6570"
"342550","케이비제20호스팩","3","0","-3","6600","0","-6600"
"341160","하나금융15호스팩","5","0","-5","11525","0","-11525"
"400840","하이제7호스팩","7","0","-7","15260","0","-15260"
"069510","에스텍","9","4","-5","72270","32160","-40110"
"250930","예선테크","10819","10775","-44","19322985","19226220","-96765"
"372290","하나머스트7호스팩","48","0","-48","105120","0","-105120"
"367000","플래티어","1988","1979","-9","30384500","30253200","-131300"
"066790","씨씨에스","37523","37223","-300","25477629","25286819","-190810"
"038390","레드캡투어","1337","1316","-21","28303200","27989600","-313600"
"060570","드림어스컴퍼니","5419","5346","-73","23539115","23202760","-336355"
"093920","서원인텍","6211","6151","-60","38409090","38053360","-355730"
"166480","코아스템","6068","6136","68","77975100","77520450","-454650"
"196300","애니젠","1214","1172","-42","13440650","12871100","-569550"
"094970","제이엠티","37421","37416","-5","139946195","139372030","-574165"
"095270","웨이브일렉트로","9374","9385","11","45198870","44610050","-588820"
"299170","더블유에스아이","3040","2778","-262","7925020","7195270","-729750"
"115310","인포바인","33","0","-33","749400","0","-749400"
"224060","코디엠","68487","64281","-4206","12574700","11801510","-773190"
"064850","에프앤가이드","516","430","-86","4413890","3632590","-781300"
"387310","대신밸런스제10호스팩","374","39","-335","874235","90115","-784120"
"054800","아이디스홀딩스","82","0","-82","970700","0","-970700"
"388800","유진스팩7호","454","0","-454","993865","0","-993865"
"092870","엑시콘","9046","8896","-150","105549550","104452100","-1097450"
"223250","드림씨아이에스","234","134","-100","2860100","1614300","-1245800"
"302430","이노메트리","4074","3991","-83","51114000","49740600","-1373400"
"220180","핸디소프트","370","0","-370","1397175","0","-1397175"
"005670","푸드웰","15407","15238","-169","105221300","103732340","-1488960"
"228850","레이언스","5874","5820","-54","66954800","65362550","-1592250"
"217480","에스디생명공학","5071","4553","-518","15296805","13665060","-1631745"
"900290","GRT","1502","0","-1502","1817420","0","-1817420"
"017250","인터엠","3925","2651","-1274","5445885","3620210","-1825675"
"049430","코메론","7901","7615","-286","87530350","85695700","-1834650"
"090470","제이스텍","3485","3217","-268","23138160","21286950","-1851210"
"377400","하이제6호스팩","937","0","-937","2042660","0","-2042660"
"071850","캐스텍코리아","16237","15310","-927","37704635","35476665","-2227970"
"291650","압타머사이언스","4865","4675","-190","50557400","48220300","-2337100"
"900070","글로벌에스엠","6854","3843","-3011","5314304","2967762","-2346542"
"900280","골든센츄리","139849","133340","-6509","57283121","54830008","-2453113"
"067770","세진티에스","7854","7207","-647","32153950","29460395","-2693555"
"265560","영화테크","16079","16116","37","246688550","243705650","-2982900"
"095190","이엠코리아","21112","20536","-576","73396655","70413500","-2983155"
"238120","얼라인드","5278","4945","-333","46357560","43153420","-3204140"
"413600","키움제6호스팩","22003","20889","-1114","58587530","55330375","-3257155"
"050090","비케이홀딩스","28485","23593","-4892","20341907","17028569","-3313338"
"043260","성호전자","77557","74606","-2951","120265490","116881910","-3383580"
"130580","나이스디앤비","432","71","-361","4065350","667540","-3397810"
"335810","프리시젼바이오","3662","3240","-422","29412520","25958040","-3454480"
"064480","브리지텍","13064","12277","-787","65652045","62126345","-3525700"
"066700","테라젠이텍스","4751","4006","-745","22622775","19068010","-3554765"
"177830","파버나인","54748","54229","-519","257833055","254179160","-3653895"
"363260","하나금융17호스팩","11005","9754","-1251","31701005","27876430","-3824575"
"003800","에이스침대","341","238","-103","13940100","9771650","-4168450"
"049830","승일","12806","12363","-443","154126050","149926400","-4199650"
"212560","네오오토","27901","26994","-907","214480190","210250770","-4229420"
"078020","이베스트투자증권","22425","21904","-521","162380820","158112470","-4268350"
"060850","영림원소프트랩","669","220","-449","6498830","2145740","-4353090"
"044780","에이치케이","20350","18514","-1836","49780695","45315830","-4464865"
"322180","티라유텍","6173","5832","-341","67866600","63272200","-4594400"
"036670","KCI","3802","3258","-544","34720360","30044720","-4675640"
"311690","CJ 바이오사이언스","1214","1090","-124","41737450","37048700","-4688750"
"068940","아이씨케이","50346","48737","-1609","164721030","159927415","-4793615"
"054300","팬스타엔터프라이즈","39551","33316","-6235","32469429","27487276","-4982153"
"041910","에스텍파마","2727","2149","-578","24243130","19061780","-5181350"
"279600","미디어젠","1853","1420","-433","21201550","16013300","-5188250"
"123570","이엠넷","6781","5887","-894","40370910","35174510","-5196400"
"391060","엔에이치스팩20호","2517","78","-2439","5451170","168475","-5282695"
"234300","에스트래픽","19812","18696","-1116","85439895","79813870","-5626025"
"321260","프로이천","10996","9077","-1919","31266865","25539080","-5727785"
"067280","멀티캠퍼스","2543","2463","-80","117275600","111523900","-5751700"
"187420","제노포커스","7981","6939","-1042","46020760","39934510","-6086250"
"232680","라온테크","6040","5673","-367","109439550","103315100","-6124450"
"034950","한국기업평가","80","0","-80","6376000","0","-6376000"
"124500","아이티센","22353","20957","-1396","106413575","99801165","-6612410"
"333620","엔시스","4529","4117","-412","79346000","72634900","-6711100"
"110990","디아이티","9469","8800","-669","81151570","74301780","-6849790"
"097800","윈팩","20298","16257","-4041","34748760","27875200","-6873560"
"101000","상상인인더스트리","10951","3308","-7643","9904849","2981371","-6923478"
"352940","인바이오","5213","4098","-1115","32259930","25302720","-6957210"
"072990","에이치시티","2211","1654","-557","28902800","21565700","-7337100"
"041520","이라이콤","1409","239","-1170","9345940","1612470","-7733470"
"405350","IBKS제17호스팩","8399","5146","-3253","20009890","12167575","-7842315"
"373340","유진스팩6호","3575","60","-3515","8172285","137685","-8034600"
"317770","슈프리마아이디","605","150","-455","10706600","2644300","-8062300"
"039010","현대에이치티","2294","1427","-867","21481470","13366660","-8114810"
"950130","엑세스바이오","16751","16170","-581","268268950","260070200","-8198750"
"013720","CBI","158929","156355","-2574","353098285","344893595","-8204690"
"174900","앱클론","23392","22906","-486","305772450","297516200","-8256250"
"045510","정원엔시스","23598","18776","-4822","42825895","34322135","-8503760"
"023460","CNH","19309","15573","-3736","43159895","34641625","-8518270"
"149950","아바텍","3403","2835","-568","57644200","48999350","-8644850"
"036000","예림당","13530","9929","-3601","31554840","22891720","-8663120"
"091340","S&K폴리텍","5323","3584","-1739","26596070","17899800","-8696270"
"053950","경남제약","30750","27697","-3053","84656335","75907635","-8748700"
"111710","남화산업","1976","956","-1020","17011030","8181020","-8830010"
"297570","알로이스","47761","44207","-3554","103709870","94641225","-9068645"
"272110","케이엔제이","3752","3106","-646","49926850","40827950","-9098900"
"161580","필옵틱스","4782","3693","-1089","40694080","31496510","-9197570"
"043200","파루","159155","158115","-1040","195697140","186460085","-9237055"
"106190","하이텍팜","5624","4842","-782","64001300","54572150","-9429150"
"025770","한국정보통신","1400","187","-1213","11068250","1476950","-9591300"
"012790","신일제약","7434","6399","-1035","71041050","61418720","-9622330"
"323280","신영스팩5호","7324","4018","-3306","21372470","11691130","-9681340"
"038680","에스넷","20794","19465","-1329","153512130","143787850","-9724280"
"109820","진매트릭스","96932","98481","1549","528898945","518986285","-9912660"
"049520","유아이엘","4752","62","-4690","10176030","131800","-10044230"
"036180","지더블유바이텍","28146","22507","-5639","49087915","39042965","-10044950"
"109860","동일금속","1750","1144","-606","28691950","18552050","-10139900"
"039420","케이엘넷","16192","13197","-2995","56449365","46066815","-10382550"
"007680","대원","7717","6637","-1080","76679110","66255340","-10423770"
"080010","이상네트웍스","6182","4697","-1485","44062870","33452960","-10609910"
"354200","엔젠바이오","3220","2221","-999","33720350","23099400","-10620950"
"014570","고려제약","3175","1925","-1250","27030350","16361660","-10668690"
"043100","솔고바이오","49149","35801","-13348","38019934","27312189","-10707745"
"228760","지노믹트리","2746","1822","-924","31163050","20355900","-10807150"
"241770","메카로","1047","156","-891","12787200","1911000","-10876200"
"138690","엘아이에스","35532","28321","-7211","56922725","45754515","-11168210"
"054940","엑사이엔씨","44112","35018","-9094","54445225","43160745","-11284480"
"131030","디에이치피코리아","2495","902","-1593","17713920","6366450","-11347470"
"310870","디와이씨","10651","4804","-5847","20926210","9494670","-11431540"
"131100","스카이이앤엠","14165","10509","-3656","45904365","34397305","-11507060"
"160550","NEW","129239","128534","-705","1110021970","1098465150","-11556820"
"069410","엔텔스","6599","5139","-1460","51850110","40268120","-11581990"
"415580","상상인제3호스팩","19911","14371","-5540","42931215","31024960","-11906255"
"037230","한국팩키지","13214","10189","-3025","52021760","40083550","-11938210"
"005710","대원산업","3863","1883","-1980","23592360","11470170","-12122190"
"290740","액트로","2488","886","-1602","18986340","6732130","-12254210"
"225430","케이엠제약","15467","9152","-6315","30457355","18019720","-12437635"
"264660","씨앤지하이테크","1314","292","-1022","16112700","3598600","-12514100"
"035620","바른손이앤에이","88439","77979","-10460","113454815","100892615","-12562200"
"072470","우리산업홀딩스","10458","7368","-3090","43414670","30807425","-12607245"
"262840","아이퀘스트","2192","712","-1480","18588620","5952070","-12636550"
"091590","남화토건","4124","2688","-1436","36863290","24110620","-12752670"
"389030","지니너스","4369","3090","-1279","43136210","30379320","-12756890"
"139050","시티랩스","33473","14536","-18937","23041637","9963541","-13078096"
"039980","리노스","27795","16734","-11061","32702785","19592520","-13110265"
"192250","케이사인","131160","125554","-5606","286810725","273667815","-13142910"
"073190","듀오백","9454","4957","-4497","27458720","14294120","-13164600"
"052860","아이앤씨","5174","1474","-3700","18602415","5258590","-13343825"
"008370","원풍","21396","18734","-2662","112489520","98868050","-13621470"
"318410","비비씨","2985","1909","-1076","38274700","24549050","-13725650"
"229000","젠큐릭스","2340","1318","-1022","31224400","17479800","-13744600"
"083550","케이엠","3676","1832","-1844","27190680","13397070","-13793610"
"234690","녹십자웰빙","2545","983","-1562","22811560","8793300","-14018260"
"147760","마이크로프랜드","10296","7736","-2560","58106360","44039530","-14066830"
"032620","유비케어","14199","12006","-2193","92743800","78395780","-14348020"
"215380","우정바이오","3999","1020","-2979","19342070","4900735","-14441335"
"237820","플레이디","3889","1677","-2212","26053560","11254630","-14798930"
"184230","SGA솔루션즈","61194","47890","-13304","68642165","53814285","-14827880"
"105550","트루윈","40624","36063","-4561","142634225","127640110","-14994115"
"053980","오상자이엘","4477","2205","-2272","29589050","14535840","-15053210"
"037330","인지디스플레","9147","2667","-6480","21264260","6208995","-15055265"
"073110","엘엠에스","3355","1579","-1776","28904300","13710830","-15193470"
"054410","케이피티유","4267","1788","-2479","27074810","11224100","-15850710"
"002800","신신제약","3018","163","-2855","16786650","906350","-15880300"
"056700","신화인터텍","14594","8804","-5790","40558290","24664545","-15893745"
"050120","ES큐브","13045","9847","-3198","63480455","47408945","-16071510"
"089530","에이티세미콘","243983","236166","-7817","458613540","442528850","-16084690"
"159910","스킨앤스킨","483346","451613","-31733","183138258","166937725","-16200533"
"005990","매일홀딩스","2319","667","-1652","22767080","6502560","-16264520"
"173940","에프엔씨엔터","6308","4425","-1883","54700520","38193760","-16506760"
"263690","디알젬","3211","1464","-1747","30225830","13715140","-16510690"
"080720","한국유니온제약","3743","1841","-1902","32324130","15745960","-16578170"
"900310","컬러레이","146697","135116","-11581","191926695","175284025","-16642670"
"289010","아이스크림에듀","16538","13613","-2925","95909460","79221970","-16687490"
"005160","동국산업","6675","1647","-5028","22312490","5513815","-16798675"
"040160","누리플렉스","11242","8932","-2310","84030510","67214540","-16815970"
"036030","케이티알파","4213","1424","-2789","25452760","8602340","-16850420"
"023910","대한약품","856","242","-614","23521250","6659050","-16862200"
"311320","지오엘리먼트","4038","3242","-796","84431400","67363300","-17068100"
"219420","링크제니시스","22878","20693","-2185","169864740","152750700","-17114040"
"357230","에이치피오","7282","5879","-1403","86676250","69559700","-17116550"
"115500","케이씨에스","10590","7835","-2755","65656280","48525190","-17131090"
"123330","제닉","11672","8869","-2803","70351570","53095760","-17255810"
"098660","에스티오","9080","3468","-5612","27576805","10146615","-17430190"
"049630","재영솔루텍","48082","27443","-20639","42826652","24571307","-18255345"
"255440","야스","2678","1141","-1537","32435400","14079150","-18356250"
"007720","대명소노시즌","58023","42377","-15646","67157580","48795225","-18362355"
"214260","라파스","4615","4099","-516","156211300","137848600","-18362700"
"101240","씨큐브","3005","332","-2673","20770290","2292850","-18477440"
"001000","신라섬유","44557","36488","-8069","99425820","80911120","-18514700"
"219130","타이거일렉","2064","1035","-1029","36728000","18105550","-18622450"
"123420","위메이드플레이","20084","19288","-796","495710000","476786350","-18923650"
"204270","제이앤티씨","30621","27405","-3216","182009150","162932810","-19076340"
"306620","네온테크","128541","124864","-3677","549658540","530555775","-19102765"
"042110","에스씨디","48561","39786","-8775","106944525","87760890","-19183635"
"053620","태양","5583","3475","-2108","51647710","32446560","-19201150"
"413630","유진스팩8호","8956","0","-8956","19437805","0","-19437805"
"227610","아우딘퓨쳐스","18712","5257","-13455","27503150","7740065","-19763085"
"290660","네오펙트","17895","10150","-7745","45583340","25774045","-19809295"
"105330","케이엔더블유","2502","366","-2136","23527680","3439430","-20088250"
"024850","피에스엠씨","38708","20691","-18017","43413180","23251915","-20161265"
"352700","씨앤투스성진","36616","33135","-3481","195670730","175386940","-20283790"
"044960","이글벳","15264","12440","-2824","110211520","89927510","-20284010"
"065060","지엔코","98040","69921","-28119","70947880","50558295","-20389585"
"126600","코프라","255372","253904","-1468","1959751190","1939107660","-20643530"
"267320","나인테크","32526","25141","-7385","92945575","72096860","-20848715"
"096870","엘디티","7995","3439","-4556","36644215","15709755","-20934460"
"134060","이퓨쳐","5068","2046","-3022","35275030","14142500","-21132530"
"123860","아나패스","5248","4427","-821","129713600","108520550","-21193050"
"226360","KH 건설","186090","157352","-28738","158071101","136753981","-21317120"
"046140","SBS콘텐츠허브","3022","195","-2827","22804510","1464410","-21340100"
"054040","한국컴퓨터","26911","22287","-4624","123332040","101864940","-21467100"
"010470","오리콤","35654","32513","-3141","237648490","216030360","-21618130"
"023600","삼보판지","8788","7118","-1670","111599400","89798550","-21800850"
"250060","모비스","42455","31730","-10725","86501065","64576390","-21924675"
"024810","이화전기","87284","66661","-20623","94000575","72063260","-21937315"
"142210","유니트론텍","8536","4519","-4017","46349080","24373440","-21975640"
"256150","한독크린텍","6194","4189","-2005","69484650","47462350","-22022300"
"232140","와이아이케이","22670","18196","-4474","111848540","89793335","-22055205"
"033540","파라텍","60013","48798","-11215","121003925","98236090","-22767835"
"321550","티움바이오","1681","215","-1466","26811700","3440750","-23370950"
"260660","알리코제약","3826","548","-3278","27484190","3951270","-23532920"
"377220","프롬바이오","13046","10428","-2618","114366740","90654910","-23711830"
"080530","코디","15988","1565","-14423","26308730","2552310","-23756420"
"033100","제룡전기","12136","7426","-4710","61628010","37784810","-23843200"
"020400","대동금속","5135","3052","-2083","58373750","34505700","-23868050"
"032940","원익","9021","3866","-5155","41481705","17509855","-23971850"
"221840","하이즈항공","54277","50216","-4061","336673280","312689710","-23983570"
"042040","케이피엠테크","115351","82572","-32779","84494613","60473392","-24021221"
"246710","티앤알바이오팹","51276","51047","-229","1033012800","1008623000","-24389800"
"006140","피제이전자","6868","3504","-3364","51013700","26026830","-24986870"
"198080","엔피디","14086","5270","-8816","40445570","15182100","-25263470"
"206640","바디텍메드","11712","9869","-1843","163485300","138170100","-25315200"
"298870","다올인베스트먼트","13111","6946","-6165","53444015","28083795","-25360220"
"063440","SM Life Design","85756","75260","-10496","215021835","189595770","-25426065"
"042520","한스바이오메드","3718","1312","-2406","39179150","13520200","-25658950"
"039310","세중","11385","3626","-7759","37975785","12051080","-25924705"
"007330","푸른저축은행","2929","619","-2310","33425500","7107650","-26317850"
"308100","까스텔바작","5717","2821","-2896","52165160","25797330","-26367830"
"083930","아바코","5082","2566","-2516","53615600","27224550","-26391050"
"290550","디케이티","23104","20987","-2117","288523350","262116500","-26406850"
"115570","스타플렉스","6716","1011","-5705","31086465","4653745","-26432720"
"085810","알티캐스트","59523","48155","-11368","145245160","118520425","-26724735"
"119830","아이텍","14993","11713","-3280","125985700","99205340","-26780360"
"386580","한화플러스제2호스팩","11746","36","-11710","27105040","82800","-27022240"
"377630","삼성스팩4호","11877","6156","-5721","56837005","29295775","-27541230"
"051390","YW","7070","245","-6825","28575200","994075","-27581125"
"160980","싸이맥스","7509","5929","-1580","129527850","101859300","-27668550"
"004780","대륙제관","19279","13985","-5294","102678400","74882220","-27796180"
"270870","뉴트리","4173","2570","-1603","71627800","43818500","-27809300"
"108380","대양전기공업","3905","1908","-1997","55243050","27033800","-28209250"
"018290","브이티지엠피","16449","12063","-4386","105625470","77044140","-28581330"
"104540","코렌텍","8580","6116","-2464","99860050","70853600","-29006450"
"049120","파인디앤씨","17061","3659","-13402","36920760","7903210","-29017550"
"361670","삼영에스앤씨","4281","878","-3403","36830810","7582170","-29248640"
"066900","디에이피","10297","2923","-7374","40850325","11495930","-29354395"
"286750","나노브릭","22973","11412","-11561","60386715","30065640","-30321075"
"284620","카이노스메드","37800","25710","-12090","95981675","65194010","-30787665"
"191410","육일씨엔에쓰","12542","3933","-8609","46527320","14809280","-31718040"
"264850","이랜시스","25736","16195","-9541","87285165","55138410","-32146755"
"147830","제룡산업","19193","9346","-9847","63411165","30915315","-32495850"
"066620","국보디자인","29998","28191","-1807","555382950","522777700","-32605250"
"060480","국일신동","15504","6465","-9039","56366525","23342010","-33024515"
"025320","시노펙스","99452","87938","-11514","270387885","236977905","-33409980"
"204840","지엘팜텍","371398","344688","-26710","443563605","410086875","-33476730"
"242040","나무기술","32424","18435","-13989","77907730","44426205","-33481525"
"064820","케이프","39594","32387","-7207","185956895","152081845","-33875050"
"277880","티에스아이","31964","29447","-2517","363525250","329470800","-34054450"
"241820","피씨엘","13702","12889","-813","400481400","366422850","-34058550"
"046310","백금T&A","25637","15791","-9846","89936340","55712395","-34223945"
"053700","삼보모터스","14539","7670","-6869","72954830","38713230","-34241600"
"257720","실리콘투","4049","1905","-2144","65032050","30358750","-34673300"
"045390","대아티아이","124016","116388","-7628","496406135","461709070","-34697065"
"079940","가비아","4698","2128","-2570","63687400","28816200","-34871200"
"277070","린드먼아시아","13383","6821","-6562","71141590","36097480","-35044110"
"298060","에스씨엠생명과학","5402","2016","-3386","56196150","21140050","-35056100"
"281740","레이크머티리얼즈","156049","147867","-8182","716307595","681217760","-35089835"
"052260","현대바이오랜드","12494","10345","-2149","199841850","164587050","-35254800"
"243070","휴온스","8799","7898","-901","341093900","305523900","-35570000"
"081580","성우전자","15311","4147","-11164","49248780","13379865","-35868915"
"335890","비올","154047","141084","-12963","367308310","330533060","-36775250"
"039740","한국정보공학","22419","14055","-8364","99036685","62181440","-36855245"
"084110","휴온스글로벌","11471","10085","-1386","293855550","256892550","-36963000"
"336570","대신밸런스제8호스팩","17678","8785","-8893","73061355","35742960","-37318395"
"214310","에스엘바이오닉스","33030","23820","-9210","135599345","98147330","-37452015"
"203690","프로스테믹스","26558","12031","-14527","69158555","31184570","-37973985"
"100030","모바일리더","2137","272","-1865","43928600","5552850","-38375750"
"258790","소프트캠프","38434","22401","-16033","92134505","53550400","-38584105"
"018680","서울제약","9719","3239","-6480","57937210","19333490","-38603720"
"068930","디지털대성","13831","8932","-4899","110478560","71747470","-38731090"
"053290","NE능률","228864","226565","-2299","1774157760","1735387870","-38769890"
"042370","비츠로테크","20031","15960","-4071","190605550","151414510","-39191040"
"053350","이니텍","18601","9732","-8869","81538530","42062660","-39475870"
"032080","아즈텍WB","60370","45760","-14610","163452755","122979390","-40473365"
"228340","동양파일","19165","10638","-8527","89239525","48577420","-40662105"
"052900","KMH하이텍","64764","39183","-25581","102538735","61638045","-40900690"
"138070","신진에스엠","12410","5705","-6705","76048060","34933230","-41114830"
"110020","전진바이오팜","12212","3414","-8798","57258780","15766905","-41491875"
"323230","엠에프엠코리아","37810","4462","-33348","47926000","5652115","-42273885"
"038620","위즈코프","167587","140856","-26731","244313660","201844530","-42469130"
"041590","플래스크","48346","26464","-21882","93425540","50580080","-42845460"
"348150","고바이오랩","5743","2925","-2818","88473750","45012700","-43461050"
"900300","오가닉티코스메틱","249515","153626","-95889","111557920","68062533","-43495387"
"168330","내츄럴엔도텍","20772","13889","-6883","127163800","82384170","-44779630"
"389140","포바이포","9952","8397","-1555","285447500","240587200","-44860300"
"048430","유라테크","6931","2131","-4800","64789100","19916770","-44872330"
"238200","비피도","5867","525","-5342","49635930","4446530","-45189400"
"170920","엘티씨","8947","4462","-4485","90202390","44792600","-45409790"
"230980","에이트원","67740","28886","-38854","79254720","33828050","-45426670"
"008830","대동기어","46871","42234","-4637","498054350","452447450","-45606900"
"092460","한라IMS","12291","3930","-8361","67623920","21516340","-46107580"
"092070","디엔에프","20163","17883","-2280","418606500","372475300","-46131200"
"109960","에이프로젠 H&G","107245","27597","-79648","62057548","15918609","-46138939"
"300120","라온피플","6005","2361","-3644","75424800","28919650","-46505150"
"033130","디지틀조선","62164","46694","-15470","184149575","137017105","-47132470"
"065770","CS","387724","376060","-11664","1214743235","1167493255","-47249980"
"028080","휴맥스홀딩스","16311","5180","-11131","70234960","22322630","-47912330"
"078940","코드네이처","134720","111443","-23277","254175320","205686780","-48488540"
"087600","픽셀플러스","10272","4824","-5448","91600410","43041890","-48558520"
"208340","파멥신","32601","23381","-9220","159038040","109850880","-49187160"
"049960","쎌바이오텍","8924","5808","-3116","139860200","90513750","-49346450"
"076080","웰크론한텍","29886","16715","-13171","113418830","63453730","-49965100"
"017650","대림제지","8429","3417","-5012","85618100","34894450","-50723650"
"237750","피앤씨테크","18136","11263","-6873","133354200","82612740","-50741460"
"069330","유아이디","25826","6470","-19356","67742595","16868830","-50873765"
"048870","시너지이노베이션","41469","28336","-13133","158355585","107462430","-50893155"
"090710","휴림로봇","1410616","1363885","-46731","4645607160","4594557090","-51050070"
"018000","유니슨","227177","202762","-24415","479149965","427686250","-51463715"
"065950","웰크론","22927","8751","-14176","85657395","32851235","-52806160"
"018120","진로발효","2018","110","-1908","55881150","3022600","-52858550"
"065710","서호전기","3773","1132","-2641","75520400","22646150","-52874250"
"065510","휴비츠","53651","48742","-4909","552073690","498360980","-53712710"
"053080","원방테크","8355","3251","-5104","88635650","34497900","-54137750"
"206400","베노홀딩스","28845","16836","-12009","129996405","75754965","-54241440"
"114630","폴라리스우노","19451","6217","-13234","79690190","25381990","-54308200"
"083640","인콘","71088","26961","-44127","87799630","33107035","-54692595"
"088800","에이스테크","51903","46980","-4923","556819000","501618400","-55200600"
"238090","앤디포스","11825","4757","-7068","93579370","37683970","-55895400"
"060280","큐렉소","8498","969","-7529","63108720","7203340","-55905380"
"053580","웹케시","9406","6932","-2474","212645000","156165250","-56479750"
"080470","성창오토텍","8304","918","-7386","64140810","7150670","-56990140"
"030350","드래곤플라이","144209","118052","-26157","300496970","243128260","-57368710"
"079190","케스피온","48536","8702","-39834","70035090","12517295","-57517795"
"014970","삼륭물산","13048","3653","-9395","80461450","22448300","-58013150"
"100660","서암기계공업","101558","94345","-7213","599724390","541288670","-58435720"
"032960","동일기연","6106","1220","-4886","74102850","14905500","-59197350"
"222810","마이더스AI","75712","23813","-51899","87549670","28192795","-59356875"
"287410","제이시스메디칼","212695","206221","-6474","1628317170","1568955840","-59361330"
"038290","마크로젠","4015","1680","-2335","102954750","42837300","-60117450"
"365270","큐라클","20287","17058","-3229","384054950","323641000","-60413950"
"216080","제테마","9238","5668","-3570","155946900","95165100","-60781800"
"221980","케이디켐","6010","1954","-4056","90734350","29399900","-61334450"
"251370","와이엠티","4447","1323","-3124","87647800","26248900","-61398900"
"053610","프로텍","27787","26099","-1688","739922450","677968300","-61954150"
"289080","SV인베스트먼트","58240","39583","-18657","192187655","130046075","-62141580"
"332290","누보","402674","390243","-12431","1324233575","1261424990","-62808585"
"036800","나이스정보통신","4654","2494","-2160","134480950","71409550","-63071400"
"226950","올릭스","12727","9582","-3145","252983050","188556250","-64426800"
"293580","나우IB","7902","1269","-6633","77640010","12426820","-65213190"
"093380","풍강","20976","6072","-14904","92523885","26710495","-65813390"
"109610","에스와이","40202","19253","-20949","126500120","60671195","-65828925"
"067080","대화제약","11206","2844","-8362","88177450","22289850","-65887600"
"290720","푸드나무","4409","1719","-2690","109102800","42754300","-66348500"
"067390","아스트","28777","18707","-10070","188367500","121569340","-66798160"
"220100","퓨쳐켐","12914","8654","-4260","208386800","141005100","-67381700"
"092130","이크레더블","10943","7256","-3687","200612400","133051050","-67561350"
"217730","강스템바이오텍","31857","12684","-19173","112191545","44427685","-67763860"
"052710","아모텍","11677","9227","-2450","318725200","250913900","-67811300"
"075970","동국알앤에스","56678","41356","-15322","254413600","186402960","-68010640"
"071280","로체시스템즈","19730","6940","-12790","105217120","37115920","-68101200"
"161570","THE MIDONG","66176","14511","-51665","87123480","19005375","-68118105"
"023790","동일철강","58344","35808","-22536","173503075","105004810","-68498265"
"054930","유신","11866","8555","-3311","245882700","176975750","-68906950"
"058470","리노공업","58440","58099","-341","9569131000","9500157400","-68973600"
"078150","HB테크놀러지","104375","74041","-30334","235224430","165894310","-69330120"
"236810","엔비티","9310","5094","-4216","156357750","86401200","-69956550"
"066980","이엔코퍼레이션","41359","20808","-20551","144711050","74175950","-70535100"
"041020","폴라리스오피스","58119","18342","-39777","104125830","32751425","-71374405"
"317330","덕산테코피아","26255","23211","-3044","616568850","544529650","-72039200"
"017510","세명전기","31662","14450","-17212","132829210","60455820","-72373390"
"089600","나스미디어","4594","1814","-2780","122519100","48503050","-74016050"
"050760","에스폴리텍","365565","347926","-17639","1639653760","1565478740","-74175020"
"127120","디엔에이링크","57661","40426","-17235","244913415","170694030","-74219385"
"011080","형지I&C","152566","86004","-66562","165853430","90920315","-74933115"
"100120","뷰웍스","7506","5605","-1901","291341550","215075250","-76266300"
"154040","솔루에타","44765","20050","-24715","139330155","62325155","-77005000"
"153460","네이블","13665","4160","-9505","111064120","33916740","-77147380"
"036620","감성코퍼레이션","76715","29656","-47059","128083100","48828115","-79254985"
"117670","알파홀딩스","53659","26226","-27433","152770395","73461725","-79308670"
"131090","시큐브","78715","21003","-57712","107984370","28516300","-79468070"
"060380","동양에스텍","41957","18489","-23468","140462545","60803830","-79658715"
"017890","한국알콜","26031","19218","-6813","297301850","217155400","-80146450"
"104460","디와이피엔에프","4274","1942","-2332","150539050","68345650","-82193400"
"038460","바이오스마트","29171","10458","-18713","130734070","47491240","-83242830"
"043910","자연과환경","686384","643288","-43096","1404031995","1320208240","-83823755"
"045660","에이텍","39100","33106","-5994","548068150","463776500","-84291650"
"052460","아이크래프트","41753","21045","-20708","172362770","86966305","-85396465"
"246690","TS인베스트먼트","127477","96770","-30707","349442945","263204545","-86238400"
"102940","코오롱생명과학","4968","2396","-2572","169017700","81275300","-87742400"
"048470","대동스틸","38682","26193","-12489","268387710","180309110","-88078600"
"012620","원일특강","7869","833","-7036","99871450","10621400","-89250050"
"267790","배럴","23961","15921","-8040","256603200","166815700","-89787500"
"273640","와이엠텍","8065","3071","-4994","144144150","53937450","-90206700"
"089970","에이피티씨","32407","27534","-4873","619937900","529288900","-90649000"
"064800","젬백스링크","111540","51270","-60270","169533680","77583655","-91950025"
"062860","티엘아이","20742","9696","-11046","171741680","79754140","-91987540"
"059210","메타바이오메드","43843","9717","-34126","118185745","26033460","-92152285"
"019570","리더스 기술투자","260156","77241","-182915","131801554","39258046","-92543508"
"200670","휴메딕스","9229","4431","-4798","178737400","85775650","-92961750"
"000440","중앙에너비스","39336","35984","-3352","1212715050","1117247400","-95467650"
"045340","토탈소프트","252577","250551","-2026","2114268330","2017771890","-96496440"
"214680","디알텍","462287","401446","-60841","741306450","644727220","-96579230"
"065530","와이어블","209010","186243","-22767","725943450","629213915","-96729535"
"082800","비보존 헬스케어","237804","151579","-86225","266593315","168963760","-97629555"
"006730","서부T&D","94703","85042","-9661","942711000","843792300","-98918700"
"119850","지엔씨에너지","466213","447651","-18562","2404461540","2302759980","-101701560"
"052020","에스티큐브","28949","11230","-17719","167051750","63469710","-103582040"
"241520","DSC인베스트먼트","38969","19115","-19854","203391960","99499520","-103892440"
"086960","한컴MDS","23326","18470","-4856","522262350","414769350","-107493000"
"900250","크리스탈신소재","137768","39845","-97923","152378885","44211195","-108167690"
"352770","클리노믹스","13015","1695","-11320","126702470","16485060","-110217410"
"056190","에스에프에이","20544","17704","-2840","789908250","679603450","-110304800"
"019770","서연탑메탈","82373","60411","-21962","424824130","314339440","-110484690"
"033050","제이엠아이","109018","20726","-88292","137168755","25909325","-111259430"
"195990","에이비프로바이오","391290","255929","-135361","332688190","220568135","-112120055"
"073640","테라사이언스","85103","33099","-52004","184054375","71365960","-112688415"
"078860","아이오케이","236442","120642","-115800","231230617","116974332","-114256285"
"196700","웹스","81186","53896","-27290","342753675","227446685","-115306990"
"041190","우리기술투자","444423","426425","-17998","3171464730","3055887040","-115577690"
"322780","코퍼스코리아","82496","43171","-39325","245765275","128516115","-117249160"
"088290","이원컴포텍","47347","33027","-14320","386440750","268585160","-117855590"
"061040","알에프텍","36572","17205","-19367","223576900","105094740","-118482160"
"068050","팬엔터테인먼트","69497","38166","-31331","288194980","159545695","-128649285"
"185490","아이진","24115","8676","-15439","202809760","73049440","-129760320"
"036640","HRS","58648","41083","-17565","442704560","310482110","-132222450"
"078350","한양디지텍","29883","21933","-7950","482718750","350121100","-132597650"
"214610","미코바이오메드","39804","20598","-19206","279392560","144409260","-134983300"
"013120","동원개발","43194","15402","-27792","213438450","76292910","-137145540"
"082660","코스나인","206154","82104","-124050","230966485","91467095","-139499390"
"072870","메가스터디","12985","939","-12046","151401250","10935150","-140466100"
"108230","톱텍","40111","22256","-17855","322049200","178278650","-143770550"
"013030","하이록코리아","14160","6383","-7777","265375700","119334550","-146041150"
"046210","파나진","46914","7299","-39615","173848355","26980230","-146868125"
"019590","엠벤처투자","149670","41766","-107904","204203980","56647100","-147556880"
"009300","삼아제약","10869","2372","-8497","190541600","41485150","-149056450"
"036830","솔브레인홀딩스","12846","6933","-5913","326293350","176311900","-149981450"
"177350","베셀","133597","118691","-14906","1191518890","1040426790","-151092100"
"032980","바이온","123479","33529","-89950","203258830","51426755","-151832075"
"041960","코미팜","55605","36576","-19029","445957880","294091400","-151866480"
"085910","네오티스","36293","6761","-29532","189124030","34942170","-154181860"
"085370","루트로닉","252339","248203","-4136","5663631150","5505688650","-157942500"
"225530","보광산업","45540","24778","-20762","344738520","183696650","-161041870"
"110790","크리스에프앤씨","7689","3574","-4115","308853600","143335950","-165517650"
"307930","컴퍼니케이","32994","13971","-19023","292667290","123829310","-168837980"
"299660","셀리드","25370","17453","-7917","548750500","377606850","-171143650"
"115160","휴맥스","80400","41450","-38950","356031025","183892295","-172138730"
"131220","대한과학","64516","46682","-17834","558422000","385119570","-173302430"
"072950","빛샘전자","27827","5484","-22343","218870020","43219670","-175650350"
"300080","플리토","6570","1692","-4878","242332400","62827950","-179504450"
"042000","카페24","37549","26852","-10697","627611400","447894900","-179716500"
"061250","화일약품","227488","165135","-62353","650670205","466401560","-184268645"
"048770","TPC","629580","597329","-32251","3486804200","3300664990","-186139210"
"086060","진바이오텍","60632","25031","-35601","316152240","128815460","-187336780"
"074430","아미노로직스","125136","41803","-83333","278664385","91168005","-187496380"
"043150","바텍","14461","9098","-5363","518735150","327700850","-191034300"
"079170","한창산업","24658","3980","-20678","228263660","36994230","-191269430"
"027830","대성창투","129423","65859","-63564","400235290","203389040","-196846250"
"099410","동방선기","210434","165999","-44435","870225585","673316545","-196909040"
"100590","머큐리","62008","37380","-24628","495966240","297572780","-198393460"
"125210","아모그린텍","55585","39416","-16169","674776900","473022200","-201754700"
"044060","조광ILI","73133","50627","-22506","672521020","463764700","-208756320"
"388050","지투파워","20241","8521","-11720","372195450","157771450","-214424000"
"093320","케이아이엔엑스","5631","1501","-4130","306112400","80767100","-225345300"
"011040","경동제약","30544","7490","-23054","300918620","73908470","-227010150"
"208140","정다운","174577","97341","-77236","511441880","284220185","-227221695"
"101360","이엔드디","30756","22111","-8645","805368300","575692150","-229676150"
"323990","박셀바이오","86302","81112","-5190","3752351350","3521531100","-230820250"
"054670","대한뉴팜","37223","17986","-19237","456054600","219125800","-236928800"
"001840","이화공영","78259","45459","-32800","570833120","331355120","-239478000"
"373200","하인크코리아","99444","81221","-18223","1029133750","787795580","-241338170"
"255220","SG","258120","125969","-132151","473193530","229848885","-243344645"
"051500","CJ프레시웨이","49708","45213","-4495","1960523750","1716501900","-244021850"
"031860","엔에스엔","1199399","1073848","-125551","1884432790","1639332325","-245100465"
"077360","덕산하이메탈","88833","60501","-28332","748660980","503298590","-245362390"
"058820","CMG제약","152553","70216","-82337","457924605","210948080","-246976525"
"030530","원익홀딩스","104549","50859","-53690","481436315","234215195","-247221120"
"087260","모바일어플라이언스","223140","161286","-61854","897790375","648864180","-248926195"
"099750","이지케어텍","21960","15071","-6889","809616700","557904800","-251711900"
"035760","CJ ENM","15004","12889","-2115","1786324000","1534537400","-251786600"
"950220","네오이뮨텍","103803","61368","-42435","625938490","369509300","-256429190"
"073540","에프알텍","101610","44806","-56804","457723085","196646360","-261076725"
"106240","파인테크닉스","62632","41076","-21556","763738700","501439850","-262298850"
"015750","성우하이텍","177701","117356","-60345","790183655","522404250","-267779405"
"114810","아이원스","54158","24727","-29431","493117380","223583530","-269533850"
"195940","HK이노엔","21580","14358","-7222","813783850","542655200","-271128650"
"189300","인텔리안테크","12553","9063","-3490","993750200","718996300","-274753900"
"009620","삼보산업","426019","264238","-161781","700905630","423484285","-277421345"
"091440","텔레필드","253555","182638","-70917","998607350","720813460","-277793890"
"011320","유니크","171959","134026","-37933","1265301010","979676510","-285624500"
"097870","효성오앤비","166430","146835","-19595","2108361900","1820037600","-288324300"
"288620","에스퓨얼셀","38461","28460","-10001","1107254650","810746300","-296508350"
"099440","스맥","263255","117303","-145952","536697675","239084430","-297613245"
"033290","코웰패션","100625","58540","-42085","707767480","410040810","-297726670"
"039030","이오테크닉스","35871","33206","-2665","3706019600","3404077200","-301942400"
"183490","엔지켐생명과학","49553","34431","-15122","998150750","693534700","-304616050"
"270520","지엔원에너지","170472","75284","-95188","547337155","240775425","-306561730"
"101170","우림피티에스","154910","94509","-60401","790224770","480629070","-309595700"
"007390","네이처셀","82085","62692","-19393","1367870150","1042056700","-325813450"
"033310","엠투엔","109816","54948","-54868","663750790","332923770","-330827020"
"290380","대유","243596","188356","-55240","1469845350","1133881290","-335964060"
"053160","프리엠스","118540","90953","-27587","1408786900","1068810750","-339976150"
"120240","대정화금","26350","9802","-16548","541374000","198649150","-342724850"
"121850","코이즈","383869","297675","-86194","1451412950","1103408520","-348004430"
"206650","유바이오로직스","90800","68968","-21832","1460948700","1111679150","-349269550"
"041830","인바디","18166","3984","-14182","484318550","104439850","-379878700"
"023410","유진기업","118627","38652","-79975","565148260","183595610","-381552650"
"065450","빅텍","223536","167251","-56285","1594512510","1192627710","-401884800"
"203650","드림시큐리티","130835","24484","-106351","498405920","92919270","-405486650"
"095700","제넥신","60775","48924","-11851","2064295950","1656718300","-407577650"
"039200","오스코텍","52426","34862","-17564","1275614300","847170150","-428444150"
"095340","ISC","72776","62243","-10533","2589233850","2160677150","-428556700"
"086450","동국제약","52663","31371","-21292","1087178500","647015950","-440162550"
"027360","아주IB투자","140663","23027","-117636","529137100","86319900","-442817200"
"215200","메가스터디교육","37879","33150","-4729","3478530100","3030226700","-448303400"
"056090","에디슨INNO","117634","77126","-40508","1303117050","853626850","-449490200"
"014620","성광벤드","87203","40127","-47076","854888440","392059330","-462829110"
"084370","유진테크","58267","46929","-11338","2357685700","1893688800","-463996900"
"025980","아난티","293483","232463","-61020","2268410790","1799644850","-468765940"
"023770","플레이위드","44861","8260","-36601","579383350","106180100","-473203250"
"024060","흥구석유","136618","74971","-61647","1071856770","592683550","-479173220"
"104830","원익머트리얼즈","36192","23916","-12276","1394775250","913038200","-481737050"
"151910","SBW생명과학","198500","96352","-102148","974197210","473768075","-500429135"
"230240","에치에프알","55015","38653","-16362","1728146350","1211436200","-516710150"
"048830","엔피케이","903678","692945","-210733","2196796445","1674501010","-522295435"
"032820","우리기술","937009","712266","-224743","2216113890","1675911555","-540202335"
"144510","지씨셀","27666","17628","-10038","1584158200","1010888300","-573269900"
"377030","맥스트","130968","92966","-38002","2027190650","1452325450","-574865200"
"019990","에너토크","131111","94340","-36771","1992434900","1408593300","-583841600"
"268600","셀리버리","62604","40860","-21744","1713557350","1116800650","-596756700"
"006910","보성파워텍","682447","605262","-77185","4846508420","4249185040","-597323380"
"081150","티플랙스","272087","162507","-109580","1495193850","895311460","-599882390"
"119610","인터로조","43363","24860","-18503","1347346550","742878200","-604468350"
"046390","삼화네트웍스","225944","87653","-138291","990634595","384280000","-606354595"
"290650","엘앤씨바이오","39578","23372","-16206","1485694350","869413900","-616280450"
"140860","파크시스템스","21065","15328","-5737","2239009400","1619475200","-619534200"
"143240","사람인에이치알","21694","7941","-13753","981153850","355110800","-626043050"
"016790","현대사료","29768","25357","-4411","3857884800","3217948500","-639936300"
"211270","AP위성","56896","15861","-41035","889410800","248625600","-640785200"
"069920","아이에스이커머스","148664","77302","-71362","1348678520","707246990","-641431530"
"039440","에스티아이","50439","15557","-34882","964956000","297896200","-667059800"
"042940","상지카일룸","1083456","633967","-449489","1625157255","956383445","-668773810"
"021880","메이슨캐피탈","3081305","2333442","-747863","2710297777","2024299042","-685998735"
"353810","이지바이오","535897","422969","-112928","3140907570","2454224980","-686682590"
"030190","NICE평가정보","77918","38274","-39644","1360156650","667826350","-692330300"
"151860","KG ETS","168742","118998","-49744","2395506350","1698498500","-697007850"
"089980","상아프론테크","37982","19412","-18570","1452525450","745282000","-707243450"
"046970","우리로","564312","211134","-353178","1210314000","461576760","-748737240"
"050890","쏠리드","152743","41325","-111418","1023617570","272033330","-751584240"
"278650","노터스","135770","122120","-13650","6600399050","5846083900","-754315150"
"068760","셀트리온제약","27921","18725","-9196","2304643800","1545924000","-758719800"
"294090","이오플로우","69334","31955","-37379","1413553150","646300400","-767252750"
"043360","디지아이","305342","125218","-180124","1295894900","521912600","-773982300"
"104480","티케이케미칼","281871","114786","-167085","1335124275","543955395","-791168880"
"067630","HLB생명과학","165608","80174","-85434","1584522380","768207140","-816315240"
"046110","한일네트웍스","143920","61780","-82140","1487578130","638310140","-849267990"
"100790","미래에셋벤처투자","107865","5962","-101903","904972860","50390500","-854582360"
"357780","솔브레인","7730","3964","-3766","1778214800","911872400","-866342400"
"034230","파라다이스","217243","158577","-58666","3222400350","2347378300","-875022050"
"310200","애니플러스","391707","136637","-255070","1428066035","501993375","-926072660"
"218150","미래생명자원","1046313","952805","-93508","9930234560","8983070290","-947164270"
"095610","테스","67155","27815","-39340","1756817500","725002300","-1031815200"
"000250","삼천당제약","53678","26146","-27532","2061776500","1000239650","-1061536850"
"094820","일진파워","267678","223979","-43699","6382084950","5300068900","-1082016050"
"035810","이지홀딩스","825585","603802","-221783","3999254015","2902537450","-1096716565"
"035600","KG이니시스","108835","39675","-69160","1746962950","636265550","-1110697400"
"166090","하나머티리얼즈","67553","49222","-18331","4006612900","2887190200","-1119422700"
"137950","제이씨케미칼","428017","335134","-92883","5145391200","3980411100","-1164980100"
"035460","기산텔레콤","1545838","1320492","-225346","9166421240","7883245950","-1283175290"
"038540","상상인","214409","88633","-125776","2270541400","957438800","-1313102600"
"023160","태광","167464","50292","-117172","1905989000","565827750","-1340161250"
"090410","덕신하우징","970026","496143","-473883","2764093740","1418059660","-1346034080"
"319660","피에스케이","71385","42101","-29284","3262437300","1905799050","-1356638250"
"096530","씨젠","215834","174604","-41230","8148733550","6611826350","-1536907200"
"214450","파마리서치","37821","18020","-19801","3171908600","1501112200","-1670796400"
"263750","펄어비스","307666","280951","-26715","18617611700","16841629500","-1775982200"
"046120","오르비텍","521705","302768","-218937","4217456070","2421346210","-1796109860"
"067160","아프리카TV","91347","73389","-17958","9187642200","7338771000","-1848871200"
"222800","심텍","276361","237140","-39221","13426630400","11407988200","-2018642200"
"098460","고영","171314","51624","-119690","2961298850","893511900","-2067786950"
"025880","케이씨피드","895019","481209","-413810","4427776410","2346069000","-2081707410"
"196170","알테오젠","77234","29043","-48191","3791162200","1435342900","-2355819300"
"041510","에스엠","260264","220978","-39286","15690701900","13175128600","-2515573300"
"222080","씨아이에스","376415","178710","-197705","4964448150","2362714400","-2601733750"
"183300","코미코","62329","16654","-45675","3547887000","932286900","-2615600100"
"091990","셀트리온헬스케어","174362","117860","-56502","10258033300","6911194300","-3346839000"
"028300","HLB","215313","64446","-150867","6274217750","1878376350","-4395841400"
"066970","엘앤에프","167715","146491","-21224","36025699700","31121924100","-4903775600"
"247540","에코프로비엠","84054","56686","-27368","39407994900","26528070800","-12879924100"
"048260","오스템임플란트","186171","29992","-156179","18125394300","2904164900","-15221229400"
"035900","JYP Ent.","1102956","730114","-372842","58939916600","39397221900","-19542694700"