종목코드,종목명,거래량_매도,거래량_매수,거래량_순매수,거래대금_매도,거래대금_매수,거래대금_순매수
"028300","HLB","1452144","1933000","480856","57986894200","78610382850","20623488650"
"066970","엘앤에프","60621","149045","88424","13365089100","33014626200","19649537100"
"078340","컴투스","20183","152877","132694","1614936200","12273379400","10658443200"
"108320","LX세미콘","17081","83078","65997","2103120300","10227004600","8123884300"
"112040","위메이드","177388","289021","111633","11565480500","18896050300","7330569800"
"263750","펄어비스","110921","234613","123692","6478618800","13712574300","7233955500"
"048410","현대바이오","71463","299412","227949","2176451500","9107622150","6931170650"
"121600","나노신소재","31025","113255","82230","2183833900","7981211900","5797378000"
"293490","카카오게임즈","70581","159535","88954","3889567000","8765914700","4876347700"
"222800","심텍","71232","167406","96174","3581108750","8401201500","4820092750"
"036010","아비코전자","599725","944965","345240","8250991550","12880934200","4629942650"
"213420","덕산네오룩스","56479","152196","95717","2427327600","6518478950","4091151350"
"049070","인탑스","63440","165844","102404","2538044450","6615803700","4077759250"
"036930","주성엔지니어링","269424","439771","170347","5923265250","9572738650","3649473400"
"041190","우리기술투자","161516","644770","483254","1046082020","4185234990","3139152970"
"140410","메지온","43881","207232","163351","790856500","3733203100","2942346600"
"256840","한국비엔씨","835236","1173663","338427","7432978820","10220407580","2787428760"
"122870","와이지엔터테인먼트","32267","81207","48940","1722436700","4348749000","2626312300"
"195940","HK이노엔","2648","68971","66323","102563150","2680755350","2578192200"
"214370","케어젠","30782","57537","26755","2999396600","5561787900","2562391300"
"124560","태웅로직스","431934","614176","182242","5717030350","8112656500","2395626150"
"290650","엘앤씨바이오","60961","114730","53769","2564994950","4888738200","2323743250"
"064550","바이오니아","52297","131237","78940","1503208200","3739472950","2236264750"
"063080","컴투스홀딩스","47884","82914","35030","3104196900","5338999000","2234802100"
"151860","KG ETS","1708791","1837682","128891","36543379650","38652601100","2109221450"
"278280","천보","12248","20015","7767","3057017600","5001952200","1944934600"
"151910","SBW생명과학","427270","799643","372373","2091718110","3922682990","1830964880"
"078600","대주전자재료","26804","49558","22754","2115978700","3915197100","1799218400"
"348370","엔켐","4268","25972","21704","346130000","2110856200","1764726200"
"067310","하나마이크론","72716","168544","95828","1317991450","3063943800","1745952350"
"214450","파마리서치","29351","50609","21258","2385913800","4116489000","1730575200"
"214150","클래시스","101003","197860","96857","1778068800","3481167400","1703098600"
"025900","동화기업","23277","42827","19550","1954991700","3606040800","1651049100"
"230360","에코마케팅","45537","149227","103690","722390700","2353135250","1630744550"
"137950","제이씨케미칼","98287","238240","139953","1140136650","2742658550","1602521900"
"027710","팜스토리","1531735","2004197","472462","5553608855","7154725940","1601117085"
"251120","바이오에프디엔씨","47765","117830","70065","1100356750","2688924900","1588568150"
"235980","메드팩토","20863","77237","56374","582488750","2150577350","1568088600"
"267790","배럴","18763","151118","132355","219127150","1764821800","1545694650"
"039440","에스티아이","69703","141957","72254","1430653150","2953577800","1522924650"
"003380","하림지주","99647","242794","143147","1051432400","2564339850","1512907450"
"040610","SG&G","468775","996777","528002","1331790130","2838020585","1506230455"
"125210","아모그린텍","86905","206223","119318","1074377000","2554348050","1479971050"
"016790","현대사료","9376","20892","11516","1202215300","2667909100","1465693800"
"170030","현대공업","330511","516571","186060","2684439060","4121696480","1437257420"
"064260","다날","234336","393187","158851","2011405830","3375787160","1364381330"
"293780","압타바이오","13093","92025","78932","224440600","1582891650","1358451050"
"218150","미래생명자원","149709","318377","168668","1152790600","2434814690","1282024090"
"166090","하나머티리얼즈","25599","46236","20637","1579768600","2858253800","1278485200"
"237750","피앤씨테크","46457","208973","162516","358419530","1608900580","1250481050"
"091700","파트론","157828","264919","107091","1803937400","3023730150","1219792750"
"225570","넥슨게임즈","57260","118834","61574","1087924300","2260347200","1172422900"
"086520","에코프로","38041","51366","13325","3070007300","4151007300","1081000000"
"195990","에이비프로바이오","281239","1437672","1156433","260771975","1333069783","1072297808"
"053800","안랩","64779","73878","9099","7376296500","8443788900","1067492400"
"068240","다원시스","20115","55785","35670","586390000","1624651550","1038261550"
"187270","신화콘텍","188846","367402","178556","1094059170","2130654350","1036595180"
"131400","이브이첨단소재","678058","1252304","574246","1239042830","2262074110","1023031280"
"033310","엠투엔","59948","221668","161720","372555250","1385878480","1013323230"
"118990","모트렉스","6896","36760","29864","228078150","1229170700","1001092550"
"017510","세명전기","199058","423726","224668","898475265","1898671650","1000196385"
"196170","알테오젠","45499","65917","20418","2209785950","3201004650","991218700"
"035760","CJ ENM","13466","22762","9296","1420400400","2403516000","983115600"
"272290","이녹스첨단소재","47227","67898","20671","2172754050","3120343750","947589700"
"041510","에스엠","107866","123463","15597","6487618200","7428895600","941277400"
"006910","보성파워텍","262134","410335","148201","1663913030","2603941010","940027980"
"097870","효성오앤비","20896","96583","75687","242401850","1118211050","875809200"
"095660","네오위즈","44399","87348","42949","876601800","1724372200","847770400"
"131290","티에스이","42394","52493","10099","3494895400","4335860300","840964900"
"095700","제넥신","22153","46420","24267","749778600","1571904050","822125450"
"054450","텔레칩스","41120","86698","45578","722455250","1524433350","801978100"
"353810","이지바이오","101397","253600","152203","537426350","1337701700","800275350"
"299900","위지윅스튜디오","22870","52408","29538","616057950","1414325900","798267950"
"038110","에코플라스틱","342080","580199","238119","1182120650","1972007320","789886670"
"025880","케이씨피드","107703","288000","180297","473247960","1258281545","785033585"
"053260","금강철강","37928","126008","88080","335634880","1115700200","780065320"
"336060","웨이버스","65727","396457","330730","147167525","887398745","740231220"
"046390","삼화네트웍스","67784","237606","169822","289235510","1025329030","736093520"
"085910","네오티스","30006","156531","126525","168835020","890993380","722158360"
"035810","이지홀딩스","272581","437894","165313","1191163355","1911609495","720446140"
"069080","웹젠","27815","63551","35736","565984350","1279849550","713865200"
"192410","THQ","249061","421821","172760","1074277850","1779644355","705366505"
"033640","네패스","12854","36131","23277","384634900","1085949450","701314550"
"102120","어보브반도체","9524","60809","51285","130526200","830322400","699796200"
"041590","플래스크","256675","595226","338551","520676625","1210897100","690220475"
"067000","조이시티","83858","205283","121425","475890520","1165430960","689540440"
"082270","젬백스","7904","54956","47052","115055550","800336750","685281200"
"101160","월덱스","74302","102483","28181","1906519400","2590512900","683993500"
"084650","랩지노믹스","56387","149953","93566","412277610","1092096650","679819040"
"306620","네온테크","466840","617769","150929","2118739990","2788079550","669339560"
"319660","피에스케이","22384","36380","13996","1065127600","1732617800","667490200"
"383310","에코프로에이치엔","6679","21705","15026","290377800","944309250","653931450"
"035460","기산텔레콤","893990","995067","101077","6289452840","6918877720","629424880"
"088800","에이스테크","10717","68418","57701","115989050","740449200","624460150"
"042420","네오위즈홀딩스","15397","34146","18749","503840650","1119113250","615272600"
"253590","네오셈","75485","227474","151989","303329270","917255235","613925965"
"149980","하이로닉","17034","84614","67580","152563480","758462140","605898660"
"066410","버킷스튜디오","113932","335818","221886","304776825","899776275","594999450"
"214270","FSN","21943","126904","104961","123805210","713192190","589386980"
"007390","네이처셀","38199","71645","33446","658789950","1247871350","589081400"
"049480","오픈베이스","101778","273315","171537","349664350","937212695","587548345"
"189300","인텔리안테크","13629","20785","7156","1092817100","1668065800","575248700"
"366030","공구우먼","91900","110784","18884","3057857750","3629355950","571498200"
"100090","삼강엠앤티","22854","51240","28386","452240800","1013392100","561151300"
"024880","케이피에프","13202","115563","102361","72335520","631318520","558983000"
"078890","가온미디어","19879","71377","51498","214350900","772819100","558468200"
"086390","유니테스트","8129","29321","21192","211555300","767859800","556304500"
"067990","도이치모터스","48191","101734","53543","493048500","1044102300","551053800"
"050760","에스폴리텍","52245","178665","126420","230754610","776515685","545761075"
"030530","원익홀딩스","86870","201572","114702","412690590","958144135","545453545"
"299660","셀리드","23886","48028","24142","528461350","1058475200","530013850"
"065350","신성델타테크","19215","61247","42032","233556600","742343500","508786900"
"307750","국전약품","53231","123074","69843","397399100","905286500","507887400"
"087260","모바일어플라이언스","130512","250915","120403","544647905","1040361220","495713315"
"084990","헬릭스미스","9799","33062","23263","204051200","693084950","489033750"
"053050","지에스이","285529","363474","77945","1817021390","2297677140","480655750"
"039560","다산네트웍스","29721","92587","62866","220859720","692968880","472109160"
"258830","세종메디칼","100560","223147","122587","384292400","852153970","467861570"
"119850","지엔씨에너지","42507","137705","95198","208740540","674692190","465951650"
"376980","원티드랩","7817","24245","16428","220248600","684948650","464700050"
"217730","강스템바이오텍","88440","216273","127833","324392295","788094080","463701785"
"264450","유비쿼스","10852","29440","18588","266139850","724186400","458046550"
"298380","에이비엘바이오","82043","103661","21618","1722381400","2179232400","456851000"
"000440","중앙에너비스","9005","24023","15018","269367150","718704050","449336900"
"053160","프리엠스","27782","70589","42807","307588700","754708950","447120250"
"382840","원준","1954","6267","4313","202541900","649574200","447032300"
"183490","엔지켐생명과학","23295","45517","22222","460573450","906447600","445874150"
"119830","아이텍","15395","63916","48521","140446050","583906810","443460760"
"194480","데브시스터즈","17336","26137","8801","889676500","1331019200","441342700"
"171090","선익시스템","10534","35208","24674","182334350","610834200","428499850"
"042000","카페24","21132","47498","26366","343318500","770134050","426815550"
"365270","큐라클","99865","119300","19435","2237739000","2659875700","422136700"
"171010","램테크놀러지","43371","100851","57480","326377460","748342570","421965110"
"065440","이루온","2215209","2377714","162505","6928738185","7333796285","405058100"
"025550","한국선재","18403","92080","73677","101064300","505446120","404381820"
"036710","심텍홀딩스","19912","96400","76488","104166800","507660930","403494130"
"024840","KBI메탈","121685","306000","184315","274256930","676594120","402337190"
"377450","리파인","7652","36870","29218","104100200","498612100","394511900"
"900280","골든센츄리","764779","1657638","892859","339744750","732008369","392263619"
"078350","한양디지텍","34170","55308","21138","633122250","1022673800","389551550"
"084850","아이티엠반도체","3417","14831","11414","116619900","505279200","388659300"
"094480","갤럭시아머니트리","16285","67808","51523","121785050","507463010","385677960"
"032300","한국파마","8458","20650","12192","273129200","658196500","385067300"
"104200","NHN벅스","74297","110067","35770","801556600","1186382300","384825700"
"291230","엔피","16100","58055","41955","146281770","529662640","383380870"
"032500","케이엠더블유","22196","33699","11503","725512900","1102254200","376741300"
"219130","타이거일렉","21677","41739","20062","417009500","790474500","373465000"
"289220","자이언트스텝","33023","48270","15247","816375500","1189052100","372676600"
"347860","알체라","5278","25989","20711","93771150","464082700","370311550"
"052710","아모텍","2155","15853","13698","57769850","427433600","369663750"
"086890","이수앱지스","5414","56294","50880","38843540","400100050","361256510"
"237690","에스티팜","7892","11772","3880","730618400","1091778900","361160500"
"376300","디어유","45114","55808","10694","1510280050","1870483400","360203350"
"073560","우리손에프앤지","212780","363789","151009","499389150","857150160","357761010"
"047920","HLB제약","249375","263523","14148","2972720500","3325846650","353126150"
"127120","디엔에이링크","70620","150617","79997","310310655","661730005","351419350"
"138080","오이솔루션","16287","28082","11795","486179000","836964850","350785850"
"044060","조광ILI","27848","65788","37940","254988260","604213740","349225480"
"020180","대신정보통신","107422","363286","255864","145353105","489193580","343840475"
"085660","차바이오텍","24593","44430","19837","422435800","762998400","340562600"
"190510","나무가","32567","63771","31204","363258950","703675850","340416900"
"024940","PN풍년","17613","82956","65343","91913850","427297340","335383490"
"131370","알서포트","25782","91752","65970","130801225","465864075","335062850"
"347770","핌스","3607","21474","17867","67194600","400263500","333068900"
"259630","엠플러스","20671","40727","20056","344755850","677473050","332717200"
"066310","큐에스아이","4808","27054","22246","69861450","394011850","324150400"
"303030","지니틱스","290948","406962","116014","853241430","1174303955","321062525"
"045390","대아티아이","203486","282915","79429","844384495","1163827725","319443230"
"144510","지씨셀","19027","24386","5359","1102929200","1418863800","315934600"
"299030","하나기술","5256","10784","5528","287115100","592696000","305580900"
"068940","아이씨케이","49763","133262","83499","182180335","487164955","304984620"
"029960","코엔텍","13294","49869","36575","110460630","415407530","304946900"
"241790","오션브릿지","3377","23436","20059","50572150","352189700","301617550"
"054180","메디콕스","953275","1473088","519813","596273185","895980263","299707078"
"285490","노바텍","10893","18256","7363","423890650","723342000","299451350"
"082850","우리바이오","45432","123220","77788","172761495","470158190","297396695"
"088290","이원컴포텍","3939","39522","35583","32923210","330304790","297381580"
"054050","농우바이오","10465","35976","25511","122963550","418367100","295403550"
"090710","휴림로봇","556360","660420","104060","1743892155","2034960110","291067955"
"330860","네패스아크","5260","12210","6950","220579000","510406950","289827950"
"021880","메이슨캐피탈","6255729","6726417","470688","5926681004","6213350876","286669872"
"276040","스코넥","6932","29731","22799","86381350","370534050","284152700"
"311320","지오엘리먼트","4135","17807","13672","83214700","366681100","283466400"
"121800","비덴트","428897","453334","24437","4992362100","5275719950","283357850"
"078070","유비쿼스홀딩스","2274","17620","15346","41466500","324705300","283238800"
"032540","TJ미디어","17948","62933","44985","112354760","393331980","280977220"
"140860","파크시스템스","5122","7655","2533","563133500","839601300","276467800"
"039290","인포뱅크","5310","22911","17601","83570300","357159900","273589600"
"317830","에스피시스템스","19173","50180","31007","169119490","442423460","273303970"
"069140","누리플랜","6621","44796","38175","46764920","319616580","272851660"
"198440","고려시멘트","82080","148693","66613","332103075","601874480","269771405"
"049430","코메론","2985","28140","25155","32403800","301372550","268968750"
"038070","서린바이오","9779","29195","19416","135322650","403513100","268190450"
"036090","위지트","297431","550953","253522","320864960","587543075","266678115"
"050890","쏠리드","50023","88623","38600","344739830","609835840","265096010"
"373200","하인크코리아","12531","38203","25672","125523760","389566520","264042760"
"058630","엠게임","17469","46062","28593","162040850","425659380","263618530"
"239340","줌인터넷","45736","99391","53655","224154375","486803415","262649040"
"115570","스타플렉스","42905","98408","55503","202776040","461346780","258570740"
"232680","라온테크","34926","50191","15265","584910800","842429350","257518550"
"060240","룽투코리아","101404","145306","43902","586513650","842193430","255679780"
"357880","비트나인","25871","46614","20743","330246900","583992850","253745950"
"045100","한양이엔지","7093","22480","15387","115172600","368575850","253403250"
"098120","마이크로컨텍솔","10110","30161","20051","126019250","378127400","252108150"
"147830","제룡산업","17416","85692","68276","61178185","301652685","240474500"
"101730","위메이드맥스","61177","79969","18792","792513200","1028446950","235933750"
"053290","NE능률","43522","78856","35334","294643950","529573760","234929810"
"056190","에스에프에이","25276","31302","6026","984144150","1218891300","234747150"
"211050","인카금융서비스","10270","23326","13056","175908450","408354250","232445800"
"115440","우리넷","5417","29186","23769","52870570","284763310","231892740"
"294090","이오플로우","6441","17307","10866","137790650","369609000","231818350"
"217270","넵튠","5719","22160","16441","81432000","312648100","231216100"
"017000","신원종합개발","143531","167444","23913","1319429470","1550380220","230950750"
"085670","뉴프렉스","152646","189392","36746","944993710","1173147540","228153830"
"032680","소프트센","52083","142025","89942","131305465","356544460","225238995"
"090460","비에이치","69620","78218","8598","1857690850","2082147950","224457100"
"092190","서울바이오시스","30273","58326","28053","242301970","466453260","224151290"
"039610","화성밸브","8984","43394","34410","58495790","282087810","223592020"
"102370","케이옥션","4857","15422","10565","102111850","323274250","221162400"
"128660","피제이메탈","281208","322259","41051","1645882380","1864234020","218351640"
"026040","제이에스티나","6425","66828","60403","23624430","241910405","218285975"
"020710","시공테크","6497","38849","32352","43786430","261359390","217572960"
"119860","다나와","12362","23935","11573","230767550","446619100","215851550"
"078860","아이오케이","488870","745746","256876","425988408","641367010","215378602"
"054920","한컴위드","8356","34773","26417","67363740","280373520","213009780"
"317330","덕산테코피아","60427","69956","9529","1300500150","1513268250","212768100"
"014620","성광벤드","12915","33728","20813","129743990","339269540","209525550"
"096530","씨젠","263587","269346","5759","10870376600","11079061600","208685000"
"001840","이화공영","22782","53312","30530","155989850","364197820","208207970"
"154030","아시아종묘","25002","58633","33631","155189180","361132810","205943630"
"267980","매일유업","2548","5580","3032","172379800","377326600","204946800"
"051370","인터플렉스","6508","19822","13314","99067900","301039900","201972000"
"290380","대유","86627","123351","36724","482405000","683590610","201185610"
"099190","아이센스","3116","9625","6509","95820950","295275050","199454100"
"039240","경남스틸","31854","77151","45297","138752250","336421360","197669110"
"034230","파라다이스","127777","141559","13782","1952039650","2146649550","194609900"
"035200","프럼파스트","7366","43247","35881","39774040","233111820","193337780"
"018000","유니슨","123173","214198","91025","261836155","455146070","193309915"
"246710","티앤알바이오팹","48708","59433","10725","976414850","1169608050","193193200"
"140070","서플러스글로벌","37484","75922","38438","187117610","378348635","191231025"
"215100","로보로보","66772","89869","23097","559738800","750817140","191078340"
"215790","이노인스트루먼트","2621","98677","96056","5170095","195749315","190579220"
"006920","모헨즈","6073","40675","34602","33220610","221341290","188120680"
"388720","유일로보틱스","13847","24174","10327","256288000","443506450","187218450"
"014970","삼륭물산","40255","66387","26132","289172140","476253830","187081690"
"119500","포메탈","9347","45169","35822","48485330","235003750","186518420"
"115610","이미지스","23612","96920","73308","61341115","247778565","186437450"
"045340","토탈소프트","61734","87307","25573","467811040","653942000","186130960"
"043360","디지아이","13332","63311","49979","49589115","234927940","185338825"
"061970","엘비세미콘","25123","41704","16581","280694200","465012250","184318050"
"013810","스페코","91138","116680","25542","662930270","846457590","183527320"
"089850","유비벨록스","3538","16714","13176","48825850","230193450","181367600"
"114840","아이패밀리에스씨","10684","17475","6791","289536250","467327700","177791450"
"051160","지어소프트","4210","15526","11316","65913950","242811650","176897700"
"071850","캐스텍코리아","12957","92675","79718","29095975","205631620","176535645"
"222160","바이옵트로","10670","28257","17587","105620770","281728060","176107290"
"200350","래몽래인","2290","12686","10396","39065200","214858150","175792950"
"058970","엠로","8897","19673","10776","144375550","319187200","174811650"
"076610","해성옵틱스","216148","388473","172325","214690128","388185107","173494979"
"215000","골프존","7093","8095","1002","1229037100","1401586300","172549200"
"036120","SCI평가정보","49220","99947","50727","171485920","342433390","170947470"
"083450","GST","21904","28123","6219","642270550","812186550","169916000"
"050860","아세아텍","243551","292659","49108","874462520","1044184470","169721950"
"056090","에디슨INNO","124029","143053","19024","1207996010","1375494350","167498340"
"134580","탑코미디어","9383","27494","18111","86983590","252917660","165934070"
"222810","마이더스AI","1173062","1310547","137485","1666495800","1832273710","165777910"
"313760","윌링스","7094","21679","14585","81082950","246689750","165606800"
"193250","와이제이엠게임즈","65760","126043","60283","181977385","347532545","165555160"
"086670","비엠티","1699","14979","13280","21095400","186374750","165279350"
"900340","윙입푸드","91132","202325","111193","135805080","299044070","163238990"
"092300","현우산업","16488","49876","33388","80281380","243312830","163031450"
"065660","안트로젠","1624","9254","7630","34142350","194086350","159944000"
"332290","누보","108494","166478","57984","294415120","452593155","158178035"
"365590","하이딥","103055","212068","109013","153011380","310687690","157676310"
"160980","싸이맥스","2575","11960","9385","43112850","199902350","156789500"
"054090","삼진엘앤디","22977","80764","57787","63155955","218613250","155457295"
"018700","바른손","35636","83057","47421","117558525","271858685","154300160"
"290670","대보마그네틱","4211","7658","3447","188718200","342682200","153964000"
"219420","링크제니시스","7264","29138","21874","51069190","204693770","153624580"
"026150","특수건설","7953","21811","13858","85813000","234732800","148919800"
"332370","아이디피","3793","21701","17908","31451070","178448630","146997560"
"039200","오스코텍","30799","36665","5866","772918800","919108250","146189450"
"201490","미투온","11237","39531","28294","57203160","201083780","143880620"
"099430","바이오플러스","16283","22441","6158","391019000","534778250","143759250"
"123750","알톤스포츠","4466","43586","39120","16315380","158887480","142572100"
"015710","코콤","2099","24561","22462","13340070","155817410","142477340"
"038500","삼표시멘트","45194","75127","29933","216333795","358075445","141741650"
"377330","이지트로닉스","9358","17623","8265","158244850","298851300","140606450"
"051490","나라엠앤디","24433","42658","18225","190940700","331341440","140400740"
"089790","제이티","10016","26715","16699","83051580","223285310","140233730"
"033100","제룡전기","258814","285957","27143","1475054190","1615101350","140047160"
"020400","대동금속","5286","18029","12743","58855300","198005350","139150050"
"123010","아이윈플러스","50637","170326","119689","59308990","197643060","138334070"
"019660","글로본","23676","68282","44606","73698760","211360390","137661630"
"104620","노랑풍선","8386","21080","12694","90778000","227116050","136338050"
"065530","와이어블","117189","162035","44846","388433775","524563035","136129260"
"405350","IBKS제17호스팩","4771","59542","54771","11803325","147440145","135636820"
"950130","엑세스바이오","43385","50538","7153","779825650","912850950","133025300"
"200710","에이디테크놀로지","4434","12256","7822","74613700","205620700","131007000"
"073570","WI","215545","324755","109210","262263800","393222970","130959170"
"122350","삼기","12569","47684","35115","46203870","175453265","129249395"
"173130","오파스넷","121005","146766","25761","592732605","721542875","128810270"
"064290","인텍플러스","6617","11826","5209","166137250","294434750","128297500"
"290510","코리아센터","19021","39222","20201","121102830","249084980","127982150"
"002290","삼일기업공사","10311","38263","27952","46642000","173026950","126384950"
"038680","에스넷","6085","23517","17432","44262720","170255300","125992580"
"115960","연우","1576","7397","5821","33842800","158677700","124834900"
"130500","GH신소재","45355","72836","27481","223905115","348501270","124596155"
"060260","뉴보텍","21877","126928","105051","26120595","149889970","123769375"
"036670","KCI","1433","14435","13002","13665730","137253330","123587600"
"305090","마이크로디지탈","14633","22676","8043","220555600","342371350","121815750"
"013310","아진산업","645818","692264","46446","2289842490","2411568285","121725795"
"236810","엔비티","8665","15171","6506","156963250","278529700","121566450"
"043650","국순당","15549","28078","12529","151074990","272527330","121452340"
"377030","맥스트","27224","35707","8483","392281700","513181750","120900050"
"297090","씨에스베어링","8481","18295","9814","105904700","226561300","120656600"
"267320","나인테크","160764","200263","39499","510051855","630643940","120592085"
"036200","유니셈","3238","15207","11969","32490540","153050500","120559960"
"080160","모두투어","15865","21792","5927","319060100","439122850","120062750"
"105330","케이엔더블유","4631","18079","13448","41658730","161557220","119898490"
"021080","에이티넘인베스트","69410","100529","31119","271377875","391159005","119781130"
"101490","에스앤에스텍","12262","16894","4632","316731750","435910250","119178500"
"066670","디스플레이텍","27009","43612","16603","194587050","312875970","118288920"
"043150","바텍","1358","4628","3270","49404550","167523800","118119250"
"252990","샘씨엔에스","6481","24991","18510","40995120","158221110","117225990"
"059120","아진엑스텍","14843","25192","10349","168568300","285717350","117149050"
"075130","플랜티넷","10167","42976","32809","36471700","153601020","117129320"
"025870","신라에스지","10328","20379","10051","120394650","236785550","116390900"
"227950","엔투텍","160437","239494","79057","234922550","350965610","116043060"
"024740","한일단조","345503","382645","37142","1108815115","1224744380","115929265"
"056360","코위버","1362","15377","14015","11200180","126157290","114957110"
"051780","큐로홀딩스","91924","283206","191282","55300137","170252931","114952794"
"092040","아미코젠","13946","17786","3840","413376600","527421450","114044850"
"065680","우주일렉트로","318","4452","4134","8627100","121191000","112563900"
"032080","아즈텍WB","12182","54099","41917","32793200","145117530","112324330"
"243070","휴온스","2513","5423","2910","97083950","209271750","112187800"
"091440","텔레필드","18346","45536","27190","74755520","186192215","111436695"
"065510","휴비츠","6924","17951","11027","70960500","181342650","110382150"
"012700","리드코프","9884","22188","12304","88987110","198922370","109935260"
"221840","하이즈항공","35757","53533","17776","222864320","332557480","109693160"
"137400","피엔티","38736","41208","2472","1737237700","1846606900","109369200"
"340570","티앤엘","2423","5343","2920","91521300","200683150","109161850"
"048470","대동스틸","19508","35562","16054","133801230","242761900","108960670"
"317850","대모","12185","23560","11375","114437610","222681950","108244340"
"066620","국보디자인","934","6799","5865","17152750","125025350","107872600"
"017480","삼현철강","6638","22849","16211","44192180","151994850","107802670"
"122990","와이솔","2621","12537","9916","28388400","136160700","107772300"
"074430","아미노로직스","41457","92024","50567","88243410","195896885","107653475"
"195500","마니커에프앤지","18835","41842","23007","87416290","194376700","106960410"
"093190","빅솔론","5791","21202","15411","40202950","146982950","106780000"
"023900","풍국주정","15190","21652","6462","252076200","358618450","106542250"
"228760","지노믹트리","6599","15370","8771","79991800","186488400","106496600"
"279600","미디어젠","1635","11345","9710","18034650","123448050","105413400"
"043340","에쎈테크","10139","97987","87848","11997195","116132700","104135505"
"037760","쎄니트","40049","86032","45983","92473275","196442120","103968845"
"291650","압타머사이언스","2385","12432","10047","24171950","125946950","101775000"
"208140","정다운","65027","101592","36565","176809565","278190095","101380530"
"294570","쿠콘","6171","8711","2540","242482550","342211250","99728700"
"234100","폴라리스세원","54540","88225","33685","159278205","258441425","99163220"
"038880","아이에이","35632","136381","100749","34667590","132485074","97817484"
"308080","바이젠셀","1835","6621","4786","37447150","134980850","97533700"
"226950","올릭스","2802","7642","4840","56349750","153312200","96962450"
"263720","디앤씨미디어","2349","6117","3768","60525600","157160050","96634450"
"377630","삼성스팩4호","20484","41100","20616","98240455","194661510","96421055"
"032850","비트컴퓨터","2110","13817","11707","17406450","113735730","96329280"
"095500","미래나노텍","44501","57997","13496","319989110","415808980","95819870"
"114450","KPX생명과학","11230","28617","17387","61387990","156269530","94881540"
"001810","무림SP","13014","41213","28199","44151875","138844520","94692645"
"140520","대창스틸","35647","61366","25719","129842585","222429755","92587170"
"314130","지놈앤컴퍼니","2493","7063","4570","50626850","142538450","91911600"
"282880","코윈테크","4285","7384","3099","128334400","220173400","91839000"
"030350","드래곤플라이","59004","103717","44713","122201500","213807235","91605735"
"013720","CBI","105156","150890","45734","213546835","304920060","91373225"
"096610","알에프세미","33606","58063","24457","127042390","218085800","91043410"
"109820","진매트릭스","62503","81107","18604","330795540","421716590","90921050"
"117730","티로보틱스","17310","29983","12673","125512290","216268000","90755710"
"156100","엘앤케이바이오","7344","15052","7708","88432300","178848400","90416100"
"187660","에이디엠코리아","35995","58561","22566","143627975","232972780","89344805"
"208640","썸에이지","140800","216414","75614","170369145","259620730","89251585"
"067290","JW신약","16219","38529","22310","64959485","154089170","89129685"
"086960","한컴MDS","6279","10329","4050","140726050","229586050","88860000"
"041960","코미팜","27579","38648","11069","220556590","309239660","88683070"
"094970","제이엠티","42719","64636","21917","169533965","258173275","88639310"
"053950","경남제약","23362","55768","32406","64639175","152878565","88239390"
"036830","솔브레인홀딩스","8849","12378","3529","220099400","308049550","87950150"
"089030","테크윙","21289","26100","4811","446641150","533338150","86697000"
"173940","에프엔씨엔터","5479","16411","10932","43241640","128861900","85620260"
"144960","뉴파워프라즈마","3798","21425","17627","18379605","103465460","85085855"
"365900","브이씨","1590","8126","6536","20527000","105248700","84721700"
"372800","아이티아이즈","684","7977","7293","7915050","92462650","84547600"
"078130","국일제지","102463","133167","30704","282999785","367381065","84381280"
"196490","디에이테크놀로지","28012","48324","20312","119701290","203932025","84230735"
"288330","브릿지바이오테라퓨틱스","3382","11232","7850","37141050","120586450","83445400"
"238120","얼라인드","7237","16111","8874","69826380","152946290","83119910"
"214680","디알텍","29010","83960","54950","43891710","126239760","82348050"
"278650","노터스","3252","4612","1360","204876000","287217000","82341000"
"331920","셀레믹스","1579","11375","9796","13210750","95540150","82329400"
"339950","아이비김영","18483","47560","29077","52465270","134639880","82174610"
"137940","넥스트아이","14514","99713","85199","13931632","95252242","81320610"
"357580","아모센스","4992","9865","4873","82632150","163068000","80435850"
"065450","빅텍","137896","153544","15648","901268560","981254920","79986360"
"030520","한글과컴퓨터","4871","8827","3956","97769050","177236950","79467900"
"080580","오킨스전자","2614","5863","3249","64176800","143452400","79275600"
"113810","디젠스","22162","95794","73632","23637570","102112505","78474935"
"126700","하이비젼시스템","7027","11199","4172","133802150","212144350","78342200"
"014200","광림","8056318","8175418","119100","17487441985","17565336765","77894780"
"263050","유틸렉스","1146","7019","5873","15166500","92531700","77365200"
"018620","우진비앤지","18628","55712","37084","38627165","115850435","77223270"
"255220","SG","170758","210292","39534","322333640","399342795","77009155"
"059100","아이컴포넌트","2315","12887","10572","16890360","93648080","76757720"
"312610","에이에프더블류","5833","23563","17730","24934820","100693750","75758930"
"290120","대유에이피","1262","13346","12084","7896650","82795710","74899060"
"089150","케이씨티","4785","16929","12144","29619420","104318300","74698880"
"093640","다믈멀티미디어","8936","26647","17711","36784965","111300300","74515335"
"036640","HRS","13653","23985","10332","99015520","172987270","73971750"
"043220","티에스넥스젠","345240","400217","54977","518712570","592535825","73823255"
"261780","차백신연구소","3763","14481","10718","25557210","97893000","72335790"
"101930","인화정공","3739","8363","4624","59436950","131357100","71920150"
"108230","톱텍","16386","25371","8985","130387250","202099740","71712490"
"035620","바른손이앤에이","19692","75745","56053","25154815","96390035","71235220"
"265560","영화테크","7132","11887","4755","104637350","175743800","71106450"
"950170","JTC","14708","33310","18602","55199680","125978945","70779265"
"084730","팅크웨어","1693","6000","4307","27977050","98473900","70496850"
"207760","미스터블루","4588","14274","9686","33437320","103547720","70110400"
"192440","슈피겐코리아","980","2634","1654","42081850","112164150","70082300"
"154040","솔루에타","2159","25027","22868","6631885","76295650","69663765"
"367000","플래티어","1115","5838","4723","16452300","85944250","69491950"
"100590","머큐리","13521","22025","8504","109665380","178771530","69106150"
"069920","아이에스이커머스","57578","65690","8112","479779560","547579440","67799880"
"036030","케이티알파","1193","11703","10510","7696190","75397740","67701550"
"128540","에코캡","197092","206848","9756","1898776270","1966336330","67560060"
"382480","지아이텍","8780","29396","20616","28508920","95090720","66581800"
"317690","퀀타매트릭스","1535","12305","10770","9551950","76056870","66504920"
"192250","케이사인","51455","82683","31228","108941160","174579470","65638310"
"363250","진시스템","1825","8053","6228","19351800","84305350","64953550"
"061250","화일약품","82623","105706","23083","234881610","299087370","64205760"
"039020","이건홀딩스","10539","24360","13821","48755820","112790520","64034700"
"013030","하이록코리아","6580","10081","3501","118894000","182751300","63857300"
"070590","한솔인티큐브","10681","35826","25145","27475115","91210005","63734890"
"012860","모베이스전자","15723","50129","34406","29228090","92361455","63133365"
"089970","에이피티씨","10204","13347","3143","204954500","268022900","63068400"
"044480","블루베리 NFT","5638","34876","29238","12084465","74750410","62665945"
"045300","성우테크론","4823","16397","11574","26224610","88857390","62632780"
"032580","피델릭스","167198","205135","37937","285000940","347574255","62573315"
"319400","현대무벡스","7636","26215","18579","25628540","88035375","62406835"
"094170","동운아나텍","7257","18815","11558","39265300","101626530","62361230"
"204620","글로벌텍스프리","14330","36780","22450","40340040","102071085","61731045"
"103840","우양","5580","18178","12598","27188245","88761545","61573300"
"265740","엔에프씨","1286","6134","4848","16583600","78068100","61484500"
"239890","피엔에이치테크","5615","8060","2445","139873300","201159850","61286550"
"186230","그린플러스","5288","9455","4167","77492150","138151200","60659050"
"277410","인산가","29752","56323","26571","68512925","129081175","60568250"
"031860","엔에스엔","39432","76216","36784","63099355","123593925","60494570"
"327260","RF머트리얼즈","2723","7546","4823","34377750","94700400","60322650"
"037370","EG","4364","9652","5288","50165000","110405500","60240500"
"092870","엑시콘","7449","12443","4994","92031050","152237050","60206000"
"177350","베셀","60469","67462","6993","539316290","599506930","60190640"
"052600","한네트","12369","19754","7385","101174520","160842520","59668000"
"050120","ES큐브","10733","23352","12619","51274640","110328845","59054205"
"205100","엑셈","53771","67868","14097","233640350","292534570","58894220"
"063440","SM Life Design","13145","37309","24164","31775430","90420255","58644825"
"220260","켐트로스","13075","20160","7085","109148210","167779730","58631520"
"031510","오스템","6838","33003","26165","15254140","73424620","58170480"
"117670","알파홀딩스","5582","26445","20863","15552710","73285350","57732640"
"065370","위세아이텍","9792","14570","4778","118691050","176349650","57658600"
"043910","자연과환경","432841","469457","36616","809610180","866948185","57338005"
"290690","소룩스","3648","9100","5452","38239550","95121550","56882000"
"004650","창해에탄올","6927","11038","4111","96231800","152190300","55958500"
"241520","DSC인베스트먼트","8440","19848","11408","41293265","97191020","55897755"
"088910","동우팜투테이블","50044","67423","17379","159876720","215727230","55850510"
"263770","유에스티","3446","19062","15616","12346320","67834900","55488580"
"340360","다보링크","216470","244612","28142","400792155","455845360","55053205"
"200670","휴메딕스","822","3791","2969","15195250","70016600","54821350"
"270660","에브리봇","7882","9433","1551","270480350","324986650","54506300"
"033230","인성정보","31532","52982","21450","80707215","135023015","54315800"
"051380","피씨디렉트","2293","4703","2410","51329000","105470000","54141000"
"288980","모아데이타","3144","7906","4762","36001150","90123300","54122150"
"203400","에이비온","5423","13103","7680","38696910","92776400","54079490"
"016250","SGC이테크건설","688","1716","1028","36116000","90048700","53932700"
"083650","비에이치아이","25041","35986","10945","123051555","176846515","53794960"
"256150","한독크린텍","1568","6434","4866","17503150","71222600","53719450"
"073540","에프알텍","101011","115251","14240","404781755","458281440","53499685"
"175250","아이큐어","5249","10089","4840","58531850","111952200","53420350"
"047560","이스트소프트","24067","29143","5076","263335750","316055700","52719950"
"082660","코스나인","12617","63330","50713","13239180","65886600","52647420"
"059090","미코","16879","21957","5078","173575550","226128550","52553000"
"241820","피씨엘","2768","4765","1997","75355950","127883850","52527900"
"037330","인지디스플레","981","24191","23210","2218280","54720155","52501875"
"006050","국영지앤엠","4613","36234","31621","7631540","60082695","52451155"
"052460","아이크래프트","10274","23157","12883","41604300","94041130","52436830"
"138690","엘아이에스","4410","37328","32918","7028050","58989855","51961805"
"297890","HB솔루션","6812","9852","3040","114041450","165213250","51171800"
"080520","오디텍","5744","13406","7662","38661530","89640750","50979220"
"092070","디엔에프","4507","6831","2324","95723450","146597300","50873850"
"170790","파이오링크","2502","6261","3759","34033850","84886150","50852300"
"053280","예스24","9364","15997","6633","71668490","122244910","50576420"
"014100","메디앙스","9278","16202","6924","67885370","118451030","50565660"
"304840","피플바이오","1042","6046","5004","10665700","60999450","50333750"
"208710","바이오로그디바이스","50827","85942","35115","72722060","122789775","50067715"
"263700","케어랩스","5521","11758","6237","45007880","95002000","49994120"
"290550","디케이티","3607","7646","4039","44272050","94250550","49978500"
"065950","웰크론","26141","39335","13194","102036775","151751995","49715220"
"222420","쎄노텍","9772","34161","24389","19591000","68646905","49055905"
"148150","세경하이테크","2640","4955","2315","56373450","104794250","48420800"
"061040","알에프텍","10049","17977","7928","60776950","108779880","48002930"
"303530","이노뎁","4911","7503","2592","88509700","135885650","47375950"
"263600","덕우전자","3472","9714","6242","26197250","73437720","47240470"
"091580","상신이디피","23850","26806","2956","376007400","423179200","47171800"
"187790","나노","19919","55399","35480","26442555","73582255","47139700"
"300120","라온피플","3043","6897","3854","36666250","83385000","46718750"
"236200","슈프리마","423","2457","2034","9749950","56420350","46670400"
"309930","오하임아이엔티","5188","16376","11188","21897815","68405450","46507635"
"038530","골드퍼시픽","37069","98623","61554","27831768","74294633","46462865"
"204630","스튜디오산타클로스","51335","54296","2961","602651050","648960950","46309900"
"217500","러셀","8096","19070","10974","33615935","79564345","45948410"
"066900","디에이피","8397","19638","11241","34034330","79367615","45333285"
"037030","파워넷","22617","32364","9747","107673735","152719900","45046165"
"038620","위즈코프","28370","60959","32589","38950185","83506120","44555935"
"147760","마이크로프랜드","1985","9730","7745","11378350","55857190","44478840"
"032620","유비케어","4532","11431","6899","29166380","73410070","44243690"
"079370","제우스","16633","18221","1588","426735600","470824100","44088500"
"108860","셀바스AI","32444","39072","6628","224848430","268911100","44062670"
"054540","삼영엠텍","23794","32937","9143","115071320","158969970","43898650"
"307180","아이엘사이언스","14809","26089","11280","56903030","100588695","43685665"
"088390","이녹스","1175","3314","2139","23433650","66562250","43128600"
"290740","액트로","415","6026","5611","3225720","45996190","42770470"
"023790","동일철강","1823","16455","14632","5313445","48014270","42700825"
"038540","상상인","137771","141399","3628","1526303350","1568955550","42652200"
"036180","지더블유바이텍","19100","43464","24364","33268090","75452605","42184515"
"053300","한국정보인증","4248","11186","6938","25807380","67944050","42136670"
"052670","제일바이오","7375","25232","17857","17274970","59152365","41877395"
"065500","오리엔트정공","15504","36976","21472","30360500","72209465","41848965"
"032190","다우데이타","9523","12742","3219","124759200","166574000","41814800"
"073110","엘엠에스","484","5203","4719","4283710","45915390","41631680"
"079000","와토스코리아","6823","13034","6211","46969660","88501680","41532020"
"043200","파루","27323","61699","34376","32936140","74139270","41203130"
"080470","성창오토텍","13802","18652","4850","113283750","154366560","41082810"
"101390","아이엠","1242","7204","5962","8630660","49613910","40983250"
"043100","솔고바이오","120603","177588","56985","88519517","129254556","40735039"
"041020","폴라리스오피스","22200","45815","23615","37994245","78203015","40208770"
"037350","성도이엔지","7673","14788","7115","42766500","82733040","39966540"
"121850","코이즈","80896","94789","13893","275793595","315655385","39861790"
"068930","디지털대성","2893","7947","5054","22828420","62654850","39826430"
"080420","모다이노칩","6954","19011","12057","23056750","62840955","39784205"
"252500","세화피앤씨","25995","49476","23481","43968165","83504280","39536115"
"352700","씨앤투스성진","15242","22538","7296","82094960","121577000","39482040"
"060900","대한그린파워","90353","133184","42831","82279030","121475312","39196282"
"072520","제넨바이오","9111","28195","19084","18820840","57834240","39013400"
"070300","엑스큐어","551","12184","11633","1873455","40794930","38921475"
"054040","한국컴퓨터","13119","21256","8137","62440955","100833445","38392490"
"079940","가비아","3653","6572","2919","48110000","86473700","38363700"
"079950","인베니아","5259","20274","15015","13479805","51641060","38161255"
"227100","에이치앤비디자인","20704","30238","9534","85958900","123963490","38004590"
"212560","네오오토","7420","12337","4917","58344260","96340950","37996690"
"043370","피에이치에이","1627","5759","4132","14843350","52602150","37758800"
"203650","드림시큐리티","6004","15952","9948","22553730","59696005","37142275"
"376190","엘비루셈","1328","5214","3886","12574810","49261980","36687170"
"123330","제닉","6073","12531","6458","34295970","70736530","36440560"
"044490","태웅","3040","6632","3592","31156950","67342550","36185600"
"104040","대성파인텍","15130","33237","18107","29963975","65749350","35785375"
"226330","신테카바이오","1686","4653","2967","20263800","55864450","35600650"
"276730","제주맥주","30684","44984","14300","76568135","112113520","35545385"
"122690","서진오토모티브","20463","30098","9635","74598115","109758860","35160745"
"332570","와이팜","4186","10991","6805","21879880","56920490","35040610"
"059210","메타바이오메드","2823","15755","12932","7658325","42511890","34853565"
"054410","케이피티유","3683","9343","5660","23861420","58679720","34818300"
"159010","아스플로","22","1750","1728","446600","35206700","34760100"
"376180","피코그램","2141","4243","2102","36450950","71190250","34739300"
"023440","제이스코홀딩스","48319","59967","11648","123636705","158327315","34690610"
"090150","아이윈","73628","89464","15836","165433585","200006520","34572935"
"377480","마인즈랩","5407","7299","1892","98841600","133353100","34511500"
"148250","알엔투테크놀로지","68","3485","3417","691200","35052880","34361680"
"008470","부스타","8898","14651","5753","53786820","87857700","34070880"
"019540","일지테크","6150","16892","10742","19502355","53164050","33661695"
"204840","지엘팜텍","164934","196116","31182","186260915","219571305","33310390"
"216080","제테마","1902","3850","1948","32633000","65867250","33234250"
"206560","덱스터","90735","92858","2123","1351053550","1384013550","32960000"
"174900","앱클론","7738","10378","2640","100941000","133740300","32799300"
"114810","아이원스","12915","16511","3596","118301140","151007440","32706300"
"189330","씨이랩","1932","3834","1902","33676450","66346500","32670050"
"081580","성우전자","5914","15996","10082","19456055","52096390","32640335"
"082800","비보존 헬스케어","24179","54856","30677","25775335","58415575","32640240"
"066910","손오공","12514","26588","14074","28952210","61540260","32588050"
"234300","에스트래픽","16518","24150","7632","70678150","103104555","32426405"
"187870","디바이스이엔지","855","2291","1436","19071750","51199300","32127550"
"009300","삼아제약","1604","3428","1824","28193050","60176150","31983100"
"347700","라이프시맨틱스","665","5273","4608","4669420","36612990","31943570"
"100120","뷰웍스","713","1536","823","27734200","59571050","31836850"
"137080","나래나노텍","2714","5618","2904","29717700","61153300","31435600"
"079170","한창산업","3471","6869","3398","31773130","62728240","30955110"
"115160","휴맥스","8527","15577","7050","37408985","68149980","30740995"
"105740","디케이락","1315","4003","2688","15191550","45799300","30607750"
"019590","엠벤처투자","146688","173652","26964","182640040","213230975","30590935"
"065690","파커스","1455","10970","9515","4729415","35295855","30566440"
"046070","코다코","18029","38706","20677","27038840","57481430","30442590"
"046970","우리로","28972","45980","17008","52808305","82990825","30182520"
"041930","동아화성","7250","10124","2874","76700100","106817100","30117000"
"060540","에스에이티","88135","100428","12293","244597820","274351210","29753390"
"241690","유니테크노","2816","6336","3520","23595790","53269840","29674050"
"263860","지니언스","4008","7379","3371","35317140","64953000","29635860"
"011040","경동제약","8651","11667","3016","84881340","114332450","29451110"
"304100","솔트룩스","2849","5497","2648","32145600","61567900","29422300"
"036560","영풍정밀","2172","5177","3005","20709370","49560200","28850830"
"044340","위닉스","2330","4320","1990","33628950","62315400","28686450"
"356890","싸이버원","1064","3616","2552","12099700","40492500","28392800"
"019990","에너토크","24367","26639","2272","320109650","348443050","28333400"
"250060","모비스","8932","22906","13974","18182095","46338835","28156740"
"258610","케일럼","1485","7953","6468","6480755","34205380","27724625"
"127710","아시아경제","2524","12982","10458","6707360","34407430","27700070"
"033200","모아텍","4607","9019","4412","29499960","57093070","27593110"
"092730","네오팜","1426","2615","1189","33469100","60967350","27498250"
"361390","제노코","5824","6752","928","169643450","196952600","27309150"
"096350","대창솔루션","50330","104221","53891","25411551","52653105","27241554"
"090470","제이스텍","3479","7471","3992","23992870","51020530","27027660"
"033320","제이씨현시스템","11343","15446","4103","73380380","100086370","26705990"
"080010","이상네트웍스","4170","7950","3780","29395960","56030210","26634250"
"250000","보라티알","2916","4871","1955","40243900","66510750","26266850"
"217820","엔에스","7977","10493","2516","82182900","108439500","26256600"
"013990","아가방컴퍼니","13579","20288","6709","53648470","79884075","26235605"
"039840","디오","10467","11399","932","328653550","354857850","26204300"
"012790","신일제약","2422","5140","2718","23349580","49530010","26180430"
"067920","이글루","2953","6455","3502","21779420","47393930","25614510"
"083640","인콘","12902","33438","20536","16357860","41972090","25614230"
"290660","네오펙트","1656","11731","10075","4194905","29584875","25389970"
"057030","YBM넷","15689","20837","5148","78344295","103597285","25252990"
"032980","바이온","2573","18750","16177","4067240","29294850","25227610"
"192390","윈하이텍","25408","31798","6390","101776520","126964780","25188260"
"014940","오리엔탈정공","5506","13311","7805","17817465","42952985","25135520"
"351330","이삭엔지니어링","3124","5202","2078","37005400","62084050","25078650"
"009520","포스코엠텍","5733","9564","3831","37642810","62614070","24971260"
"054620","APS홀딩스","741","2832","2091","8784650","33710500","24925850"
"036190","금화피에스시","55","876","821","1679900","26544900","24865000"
"272110","케이엔제이","1371","3247","1876","18551350","43272100","24720750"
"315640","딥노이드","38033","40741","2708","399269630","423939470","24669840"
"096240","크레버스","1241","2111","870","35035750","59661350","24625600"
"040910","아이씨디","2183","4647","2464","21868360","46484380","24616020"
"042110","에스씨디","22799","34280","11481","49922140","74514990","24592850"
"065170","비엘팜텍","8702","29846","21144","10107470","34606730","24499260"
"068790","DMS","4525","8600","4075","27305730","51722290","24416560"
"150900","파수","8747","11201","2454","89318650","113503700","24185050"
"363260","하나금융17호스팩","10059","18748","8689","27976195","52106245","24130050"
"246690","TS인베스트먼트","26848","36099","9251","68989810","92835765","23845955"
"170920","엘티씨","1679","4052","2373","16801400","40503430","23702030"
"190650","코리아에셋투자증권","1813","4104","2291","19821300","43498700","23677400"
"021040","대호특수강","5214","34639","29425","4213416","27857955","23644539"
"217620","디딤","5954","24964","19010","7445695","30869805","23424110"
"068050","팬엔터테인먼트","32203","38242","6039","130034000","153422185","23388185"
"333430","일승","27536","33840","6304","104494350","127515005","23020655"
"348350","위드텍","1248","2719","1471","19481950","42141150","22659200"
"036690","코맥스","1191","6699","5508","4925555","27512380","22586825"
"376930","노을","1507","5094","3587","9449100","32014000","22564900"
"082210","옵트론텍","2454","6029","3575","15314080","37847770","22533690"
"257720","실리콘투","3728","5286","1558","55515400","78025700","22510300"
"066590","우수AMS","2588","8463","5875","9905755","32267790","22362035"
"099410","동방선기","34799","40392","5593","138805205","160908640","22103435"
"208370","셀바스헬스케어","9375","16749","7374","28677825","50729545","22051720"
"331380","포커스에이치엔에스","3367","11524","8157","9238770","31231530","21992760"
"094840","슈프리마에이치큐","1068","4144","3076","7627920","29506370","21878450"
"034810","해성산업","1230","2970","1740","15129150","36615750","21486600"
"169330","엠브레인","10402","15807","5405","41460105","62882355","21422250"
"057680","티사이언티픽","25006","32118","7112","75488700","96847080","21358380"
"036810","에프에스티","11940","13050","1110","238493200","259820400","21327200"
"900110","이스트아시아홀딩스","352556","434188","81632","95084064","116264980","21180916"
"067570","엔브이에이치코리아","23409","28045","4636","102969670","124132980","21163310"
"204270","제이앤티씨","15156","18757","3601","90236930","111053990","20817060"
"064090","에프앤리퍼블릭","5399","11288","5889","19874300","40605720","20731420"
"260970","에스앤디","477","1552","1075","9237100","29884400","20647300"
"217330","싸이토젠","261","602","341","15559800","35821100","20261300"
"006140","피제이전자","715","3377","2662","5397190","25248260","19851070"
"019010","베뉴지","2125","10277","8152","5057775","24550050","19492275"
"089010","켐트로닉스","2560","3400","840","61783450","81246400","19462950"
"104460","디와이피엔에프","1439","1959","520","52393500","71226050","18832550"
"046940","우원개발","10304","14121","3817","50918550","69641310","18722760"
"126880","제이엔케이히터","31876","35083","3207","191008820","209726380","18717560"
"046440","KG모빌리언스","355229","361109","5880","3164461650","3183063750","18602100"
"023600","삼보판지","2747","4184","1437","35400400","53463250","18062850"
"010470","오리콤","11183","13951","2768","73110290","91016910","17906620"
"067170","오텍","4576","6623","2047","40105680","57947950","17842270"
"111870","KH 전자","70004","101900","31896","40104578","57873790","17769212"
"036000","예림당","13405","20806","7401","31707825","49102365","17394540"
"322510","제이엘케이","2943","5953","3010","16955460","34341090","17385630"
"047770","코데즈컴바인","2120","9651","7531","4905045","22246905","17341860"
"03481K","해성산업1우","0","1029","1029","0","17316750","17316750"
"050090","비케이홀딩스","4411","28815","24404","3140006","20402167","17262161"
"297570","알로이스","16924","25032","8108","36304285","53552805","17248520"
"023460","CNH","3951","11572","7621","8648450","25334880","16686430"
"047080","한빛소프트","6786","10766","3980","28709830","45374165","16664335"
"298540","더네이쳐홀딩스","13929","14451","522","463207950","479790900","16582950"
"094860","네오리진","24908","42888","17980","23566937","40110108","16543171"
"038060","루멘스","36207","47733","11526","49641805","66084780","16442975"
"060570","드림어스컴퍼니","1658","5492","3834","7158350","23562625","16404275"
"109610","에스와이","57329","62514","5185","183601055","200003200","16402145"
"275630","에스에스알","1134","4011","2877","6555580","22738610","16183030"
"075970","동국알앤에스","29366","33056","3690","132078525","148164570","16086045"
"348030","모비릭스","1612","2659","1047","24432550","40214800","15782250"
"115530","씨엔플러스","10364","31844","21480","7787700","23555506","15767806"
"042510","라온시큐어","9232","14017","4785","30093740","45613875","15520135"
"071670","에이테크솔루션","4798","6155","1357","55372500","70696150","15323650"
"214870","뉴지랩파마","2442","4177","1735","21661040","36951890","15290850"
"244460","올리패스","4770","6782","2012","36086060","51314480","15228420"
"063760","이엘피","2310","4662","2352","14972690","30076820","15104130"
"044780","에이치케이","20831","26822","5991","51244260","66163775","14919515"
"178320","서진시스템","38017","38823","806","691672800","706574750","14901950"
"096690","에이루트","97609","127096","29487","48012455","62390708","14378253"
"141000","비아트론","3788","5211","1423","39064450","53283050","14218600"
"227610","아우딘퓨쳐스","8703","18550","9847","12818705","26772695","13953990"
"053980","오상자이엘","1107","3220","2113","7376700","21312750","13936050"
"032800","판타지오","17797","37757","19960","12370125","26232561","13862436"
"079960","동양이엔피","1095","1959","864","17526950","31272800","13745850"
"066790","씨씨에스","4960","25600","20640","3277857","16914653","13636796"
"200130","콜마비앤에이치","15800","16231","431","476925100","490520900","13595800"
"260660","알리코제약","1726","3584","1858","12250080","25413520","13163440"
"238090","앤디포스","1637","3283","1646","13024740","26088280","13063540"
"264850","이랜시스","685","4526","3841","2331590","15391520","13059930"
"263020","디케이앤디","4977","8906","3929","16699315","29582785","12883470"
"226340","본느","12137","17746","5609","27853870","40630785","12776915"
"318410","비비씨","1345","2354","1009","17108450","29870200","12761750"
"370090","퓨런티어","3059","3835","776","50472400","63154600","12682200"
"089140","넥스턴바이오","30780","34281","3501","108496195","120649225","12153030"
"038870","에코바이오","11420","13112","1692","86096060","98233780","12137720"
"307870","비투엔","8032","13168","5136","20651780","32689400","12037620"
"242040","나무기술","11936","16950","5014","28448840","40394245","11945405"
"044960","이글벳","5926","7650","1724","42524000","54457810","11933810"
"361570","알비더블유","2778","3483","705","48102150","60004700","11902550"
"008290","원풍물산","21138","33001","11863","21236979","33105299","11868320"
"289010","아이스크림에듀","2062","4111","2049","11853600","23501900","11648300"
"226400","오스테오닉","4258","7878","3620","13779630","25410085","11630455"
"221980","케이디켐","1353","2131","778","20366200","31966900","11600700"
"066700","테라젠이텍스","4541","6896","2355","22360540","33878055","11517515"
"001000","신라섬유","15242","20392","5150","33963220","45325540","11362320"
"039980","리노스","13291","22916","9625","15711130","27020265","11309135"
"030960","양지사","274","1473","1199","2522890","13567960","11045070"
"031980","피에스케이홀딩스","1938","2784","846","25241600","36134000","10892400"
"123410","코리아에프티","12076","15548","3472","37705285","48563765","10858480"
"019570","리더스 기술투자","22897","44934","22037","11267810","22066099","10798289"
"031310","아이즈비전","4568","7418","2850","17078920","27754775","10675855"
"300080","플리토","2817","3091","274","108688600","119113400","10424800"
"133750","메가엠디","4010","7199","3189","13167300","23565495","10398195"
"351320","에스에이티이엔지","3119","6012","2893","11214375","21522550","10308175"
"120240","대정화금","3116","3664","548","59714550","70004750","10290200"
"024910","경창산업","10415","14493","4078","26278000","36489225","10211225"
"094940","푸른기술","11770","12808","1038","113158360","123361470","10203110"
"256630","포인트엔지니어링","17507","20710","3203","57240300","67397295","10156995"
"045510","정원엔시스","5217","10825","5608","9417105","19506085","10088980"
"049720","고려신용정보","3010","4163","1153","26492250","36544400","10052150"
"083500","에프엔에스테크","2640","3646","1006","26309890","36355270","10045380"
"352480","씨앤씨인터내셔널","1195","1678","483","25982550","36022250","10039700"
"273640","와이엠텍","1725","2282","557","30994000","40994450","10000450"
"101670","코리아에스이","30522","35870","5348","53111565","63053000","9941435"
"356860","티엘비","79128","79404","276","3773558950","3783480100","9921150"
"053700","삼보모터스","2056","4022","1966","10383380","20292680","9909300"
"060370","KT서브마린","3366","5098","1732","18736790","28639900","9903110"
"239610","에이치엘사이언스","429","695","266","15988700","25878500","9889800"
"317530","캐리소프트","1602","2794","1192","13370370","23235240","9864870"
"096630","에스코넥","7036","14372","7336","9407035","19138670","9731635"
"352940","인바이오","3137","4748","1611","18972900","28693190","9720290"
"048430","유라테크","716","1747","1031","6762380","16294330","9531950"
"900300","오가닉티코스메틱","93017","115115","22098","41347907","50748349","9400442"
"012340","뉴인텍","6282","9302","3020","19774700","29166640","9391940"
"062970","피피아이","5019","7623","2604","18033230","27047630","9014400"
"200230","텔콘RF제약","23189","28044","4855","44308125","53319800","9011675"
"115480","씨유메디칼","40169","48727","8558","43658660","52557125","8898465"
"229000","젠큐릭스","236","909","673","3120750","11838700","8717950"
"101000","상상인인더스트리","1500","11375","9875","1325702","9929826","8604124"
"037230","한국팩키지","922","3089","2167","3674460","12227960","8553500"
"071460","위니아","16171","18765","2594","57888405","66434385","8545980"
"002800","신신제약","392","1885","1493","2212020","10645310","8433290"
"123040","엠에스오토텍","1454","3094","1640","7476140","15889930","8413790"
"066360","체리부로","4011","10163","6152","5435755","13742050","8306295"
"900120","씨케이에이치","48179","79397","31218","12552484","20683929","8131445"
"040350","큐로컴","16326","23654","7328","18099755","26099380","7999625"
"124500","아이티센","7149","8857","1708","34015195","41998765","7983570"
"039420","케이엘넷","11553","13850","2297","40504105","48426705","7922600"
"369370","블리츠웨이","2196","3901","1705","10085715","17900960","7815245"
"413600","키움제6호스팩","3179","6380","3201","8019290","15718365","7699075"
"048870","시너지이노베이션","18326","20229","1903","71298625","78984785","7686160"
"261200","덴티스","623","1496","873","5387340","12802910","7415570"
"084180","EV수성","11499","16483","4984","17407915","24784570","7376655"
"900290","GRT","24","6148","6124","28915","7359580","7330665"
"175140","인포마크","636","1685","1049","4431000","11682480","7251480"
"412930","미래에셋비전스팩1호","85","3238","3153","186075","7079035","6892960"
"023760","한국캐피탈","3643","11647","8004","3115609","9878496","6762887"
"109740","디에스케이","498","1561","1063","3184510","9933310","6748800"
"123420","위메이드플레이","14418","14605","187","379335600","385901150","6565550"
"038950","파인디지털","1496","2511","1015","9353750","15823370","6469620"
"950200","소마젠","1684","2866","1182","9550360","15987440","6437080"
"263690","디알젬","341","1035","694","3157070","9552730","6395660"
"220180","핸디소프트","4814","6709","1895","17083400","23467575","6384175"
"263810","상신전자","6186","7760","1574","25285480","31624360","6338880"
"352910","오비고","3186","3657","471","42962450","49103200","6140750"
"024800","유성티엔에스","12425","14352","1927","38708125","44763685","6055560"
"087010","펩트론","3219","3887","668","29389810","35426190","6036380"
"122640","예스티","17426","18146","720","142099490","148042770","5943280"
"072770","율호","17706","21125","3419","30759545","36697275","5937730"
"097800","윈팩","1212","4616","3404","2084515","7956470","5871955"
"028080","휴맥스홀딩스","7207","8662","1455","30216000","36079885","5863885"
"138070","신진에스엠","4513","5478","965","27098820","32867180","5768360"
"900070","글로벌에스엠","9097","17034","7937","6810395","12535378","5724983"
"336570","대신밸런스제8호스팩","285","1657","1372","1187055","6866695","5679640"
"317240","TS트릴리온","47473","52508","5035","56048065","61726890","5678825"
"155650","와이엠씨","1296","2113","817","8960470","14575650","5615180"
"027040","서울전자통신","2341","9255","6914","1893086","7413406","5520320"
"153710","옵티팜","1313","1903","590","12265080","17660030","5394950"
"102710","이엔에프테크놀로지","16156","16329","173","583054000","588431600","5377600"
"294140","레몬","1395","2649","1254","5914135","11199610","5285475"
"311690","CJ 바이오사이언스","192","339","147","6912300","12142150","5229850"
"321550","티움바이오","2841","3158","317","45493850","50400300","4906450"
"197140","디지캡","9218","10372","1154","40819245","45605655","4786410"
"044180","KD","7324","11222","3898","9034100","13766580","4732480"
"025440","대성엘텍","6286","13006","6720","4443331","9160889","4717558"
"065650","메디프론","3989","6178","2189","8482545","13084290","4601745"
"143540","영우디에스피","31600","33996","2396","65278510","69878240","4599730"
"018290","브이티지엠피","12552","13207","655","86184060","90508670","4324610"
"043260","성호전자","17641","20313","2672","27779345","32081510","4302165"
"164060","이루다","8549","9280","731","47568160","51801130","4232970"
"078140","대봉엘에스","2338","2782","444","21800900","25968580","4167680"
"246960","이노테라피","73","491","418","726120","4849960","4123840"
"224060","코디엠","32885","55506","22621","5934124","10038888","4104764"
"214260","라파스","2694","2796","102","94407700","98499900","4092200"
"256940","케이피에스","408","935","527","3090470","7066010","3975540"
"159580","제로투세븐","8645","9060","415","76997120","80909580","3912460"
"110020","전진바이오팜","1583","2425","842","7409815","11318545","3908730"
"050110","캠시스","36646","39041","2395","64126890","67983135","3856245"
"037460","삼지전자","1830","2162","332","21459150","25251100","3791950"
"217480","에스디생명공학","500","1763","1263","1500165","5259395","3759230"
"036480","대성미생물","271","542","271","3804400","7545700","3741300"
"101330","모베이스","2023","3071","1048","7130550","10823295","3692745"
"052330","코텍","2717","3059","342","28375150","32065550","3690400"
"105550","트루윈","3951","5021","1070","13806190","17430430","3624240"
"071200","인피니트헬스케어","3536","4115","579","23415320","26980560","3565240"
"900270","헝셩그룹","5786","16130","10344","1997284","5546413","3549129"
"060310","3S","16541","17706","1165","49435630","52922910","3487280"
"007370","진양제약","8146","8705","559","52144070","55491840","3347770"
"011370","서한","19393","21523","2130","30406170","33719210","3313040"
"317770","슈프리마아이디","159","352","193","2724650","6002950","3278300"
"149950","아바텍","793","975","182","14103750","17319000","3215250"
"086710","선진뷰티사이언스","4630","5048","418","32767350","35628870","2861520"
"004590","한국가구","16170","16619","449","111235310","114051330","2816020"
"095910","에스에너지","7454","8340","886","27289065","30052815","2763750"
"036170","클라우드에어","7480","9607","2127","9445085","12170885","2725800"
"093920","서원인텍","1131","1578","447","7021490","9738470","2716980"
"040300","YTN","1166","1843","677","4095480","6394480","2299000"
"065570","삼영이엔씨","1328","1681","353","8067860","10190370","2122510"
"222040","코스맥스엔비티","3924","4209","285","23199120","24925130","1726010"
"130580","나이스디앤비","21","197","176","196010","1832100","1636090"
"003800","에이스침대","450","488","38","18854550","20467000","1612450"
"264660","씨앤지하이테크","372","499","127","4787900","6390100","1602200"
"254120","자비스","6492","7219","727","14500970","16069965","1568995"
"196300","애니젠","343","484","141","3792600","5336750","1544150"
"299170","더블유에스아이","2368","3023","655","6128790","7658325","1529535"
"222110","팬젠","0","192","192","0","1503360","1503360"
"262840","아이퀘스트","140","324","184","1159930","2658230","1498300"
"067730","로지시스","9731","9928","197","59143810","60606670","1462860"
"130740","티피씨글로벌","6674","7056","382","23740100","25180555","1440455"
"033130","디지틀조선","10625","11090","465","30835555","32250500","1414945"
"139050","시티랩스","6543","8601","2058","4571852","5974430","1402578"
"208350","지란지교시큐리티","376","645","269","1980980","3370190","1389210"
"367480","유안타제8호스팩","3","607","604","6615","1332450","1325835"
"302430","이노메트리","1129","1224","95","14374850","15551550","1176700"
"391710","엔에이치스팩21호","14","494","480","34000","1190730","1156730"
"042520","한스바이오메드","2645","2766","121","27227400","28361700","1134300"
"223250","드림씨아이에스","134","229","95","1581800","2670350","1088550"
"310200","애니플러스","31066","31389","323","122403335","123337325","933990"
"238490","힘스","286","397","111","2308770","3200110","891340"
"041520","이라이콤","12","134","122","81680","909230","827550"
"099390","브레인즈컴퍼니","1010","1087","77","11728600","12537250","808650"
"051390","YW","266","455","189","1096170","1861485","765315"
"131760","파인텍","30007","30775","768","38397360","39091220","693860"
"109960","에이프로젠 H&G","16875","18067","1192","9715040","10367778","652738"
"065150","엠피대산","1447","2235","788","1167158","1800254","633096"
"049520","유아이엘","208","465","257","458745","1014110","555365"
"035290","골드앤에스","32148","32628","480","87968055","88513150","545095"
"372290","하나머스트7호스팩","0","246","246","0","537510","537510"
"310870","디와이씨","3459","3729","270","6678055","7190660","512605"
"270870","뉴트리","875","908","33","14658250","15169650","511400"
"273060","와이즈버즈","23589","23619","30","37912860","38401580","488720"
"069510","에스텍","0","58","58","0","463020","463020"
"032750","삼진","362","421","59","2731590","3173800","442210"
"115500","케이씨에스","2288","2364","76","14299060","14738840","439780"
"053590","한국테크놀로지","1252","1768","516","987728","1389648","401920"
"065130","탑엔지니어링","845","886","41","5478420","5723250","244830"
"111710","남화산업","221","242","21","1916030","2077220","161190"
"003100","선광","2312","2306","-6","165899500","166025200","125700"
"053080","원방테크","3769","3802","33","42320250","42379350","59100"
"284620","카이노스메드","4926","4959","33","12284840","12298295","13455"
"386580","한화플러스제2호스팩","2","7","5","4620","16035","11415"
"355150","교보10호스팩","0","2","2","0","4380","4380"
"388790","IBKS제16호스팩","1","1","0","2305","2280","-25"
"353070","에이치엠씨제4호스팩","1","0","-1","2160","0","-2160"
"353060","에이치엠씨제5호스팩","1","0","-1","2160","0","-2160"
"400840","하이제7호스팩","1","0","-1","2165","0","-2165"
"388220","하나금융19호스팩","1","0","-1","2185","0","-2185"
"396770","엔에이치스팩22호","1","0","-1","2195","0","-2195"
"391060","엔에이치스팩20호","2","0","-2","4290","0","-4290"
"349720","이베스트스팩5호","2","0","-2","4310","0","-4310"
"408920","에스케이증권7호스팩","2","0","-2","4470","0","-4470"
"344050","신영스팩6호","2","0","-2","4480","0","-4480"
"060280","큐렉소","1974","1979","5","14325360","14319470","-5890"
"343510","하나금융16호스팩","6","0","-6","13110","0","-13110"
"115310","인포바인","1","0","-1","23050","0","-23050"
"387310","대신밸런스제10호스팩","19","1","-18","44635","2310","-42325"
"353490","미래에셋대우스팩 5호","22","0","-22","48520","0","-48520"
"328380","미래에셋대우스팩3호","145","109","-36","349165","261115","-88050"
"404950","DB금융스팩10호","41","0","-41","89265","0","-89265"
"419270","신영스팩7호","48","0","-48","107030","0","-107030"
"052260","현대바이오랜드","2267","2258","-9","35137600","34966400","-171200"
"323230","엠에프엠코리아","13724","13580","-144","17131060","16857675","-273385"
"054800","아이디스홀딩스","24","0","-24","293750","0","-293750"
"001540","안국약품","1199","1162","-37","12073450","11678100","-395350"
"241770","메카로","420","388","-32","5031300","4622400","-408900"
"095190","이엠코리아","6340","6186","-154","21530865","21074895","-455970"
"102940","코오롱생명과학","2027","2018","-9","69104200","68642700","-461500"
"258790","소프트캠프","10004","9753","-251","22469485","21896515","-572970"
"347000","센코","769","738","-31","11181800","10577000","-604800"
"083790","크리스탈지노믹스","8025","7867","-158","36977730","36354325","-623405"
"361670","삼영에스앤씨","508","433","-75","4292380","3657950","-634430"
"017250","인터엠","1768","1306","-462","2475590","1831260","-644330"
"171120","라이온켐텍","87","0","-87","685920","0","-685920"
"290270","휴네시온","6955","6857","-98","39303830","38615810","-688020"
"373340","유진스팩6호","312","0","-312","726545","0","-726545"
"041910","에스텍파마","328","243","-85","2980420","2203280","-777140"
"056700","신화인터텍","7753","7492","-261","22016520","21211735","-804785"
"347740","피엔케이피부임상연구센타","1463","1414","-49","25417300","24524250","-893050"
"005160","동국산업","4386","4104","-282","14741745","13757635","-984110"
"353590","오토앤","26570","26489","-81","349776200","348779950","-996250"
"002230","피에스텍","358","128","-230","1552885","555450","-997435"
"250930","예선테크","633","62","-571","1142730","112220","-1030510"
"234920","자이글","467","143","-324","1489865","456110","-1033755"
"142210","유니트론텍","4015","3823","-192","21807080","20756110","-1050970"
"041920","메디아나","56769","56670","-99","326097980","324953490","-1144490"
"376290","씨유테크","1348","1168","-180","8646140","7475030","-1171110"
"079650","서산","2484","2017","-467","6325665","5110270","-1215395"
"215380","우정바이오","1658","1394","-264","7949720","6712320","-1237400"
"017650","대림제지","1638","1513","-125","16629950","15367950","-1262000"
"335810","프리시젼바이오","1106","955","-151","8831490","7556340","-1275150"
"323280","신영스팩5호","428","1","-427","1285190","3005","-1282185"
"051980","중앙디앤엠","23067","21226","-1841","21074978","19654332","-1420646"
"024810","이화전기","76332","75303","-1029","84185815","82755010","-1430805"
"048770","TPC","63173","63110","-63","323067855","321618570","-1449285"
"005710","대원산업","803","563","-240","4887490","3425880","-1461610"
"064850","에프앤가이드","198","11","-187","1670410","91720","-1578690"
"092600","앤씨앤","2003","1593","-410","7970820","6292880","-1677940"
"067770","세진티에스","2442","2026","-416","10253960","8544860","-1709100"
"098660","에스티오","1699","1075","-624","5195020","3292375","-1902645"
"083310","엘오티베큠","3596","3494","-102","50683800","48774350","-1909450"
"131100","스카이이앤엠","15760","15443","-317","47488095","45524945","-1963150"
"333620","엔시스","692","578","-114","12035100","10033900","-2001200"
"143160","아이디스","3974","3895","-79","103080500","101026600","-2053900"
"060850","영림원소프트랩","211","0","-211","2112340","0","-2112340"
"290090","트윔","1173","1053","-120","20344500","18172350","-2172150"
"237820","플레이디","1192","858","-334","7895650","5660290","-2235360"
"950110","SBI핀테크솔루션즈","462","26","-436","2572210","143620","-2428590"
"203450","유니온커뮤니티","3848","3184","-664","14495570","12047490","-2448080"
"066980","이엔코퍼레이션","5594","4885","-709","20441775","17965305","-2476470"
"400560","하나금융20호스팩","1572","539","-1033","3767800","1277370","-2490430"
"052860","아이앤씨","2503","1817","-686","9202765","6623630","-2579135"
"318000","KBG","1618","1266","-352","12435230","9715320","-2719910"
"389030","지니너스","4272","4001","-271","42071230","39341600","-2729630"
"083550","케이엠","2073","1711","-362","15280550","12540000","-2740550"
"065060","지엔코","17866","14053","-3813","13077020","10262653","-2814367"
"021320","KCC건설","2852","2535","-317","24968280","22058210","-2910070"
"290520","신도기연","483","43","-440","3293550","289840","-3003710"
"091340","S&K폴리텍","4355","3743","-612","21733145","18535105","-3198040"
"246720","아스타","729","99","-630","3701720","496390","-3205330"
"101240","씨큐브","2033","1552","-481","14043770","10815810","-3227960"
"322310","오로스테크놀로지","730","570","-160","14666700","11403100","-3263600"
"049470","SGA","19655","16361","-3294","18988562","15665266","-3323296"
"049550","잉크테크","476","0","-476","3369980","0","-3369980"
"005990","매일홀딩스","1030","693","-337","10285890","6902140","-3383750"
"060480","국일신동","2126","1200","-926","7810270","4387875","-3422395"
"131030","디에이치피코리아","887","406","-481","6386900","2912550","-3474350"
"040420","정상제이엘에스","4183","3712","-471","31887020","28320710","-3566310"
"354200","엔젠바이오","2452","2117","-335","25710400","22003100","-3707300"
"027580","상보","33442","31336","-2106","60167015","56453580","-3713435"
"191420","테고사이언스","250","18","-232","4024650","288400","-3736250"
"089230","THE E&M","11325","4901","-6424","6632787","2874977","-3757810"
"262260","에이프로","3547","3270","-277","50271850","46366950","-3904900"
"034950","한국기업평가","50","1","-49","3991400","79700","-3911700"
"099750","이지케어텍","3249","3162","-87","121511800","117527600","-3984200"
"293580","나우IB","1303","883","-420","12925220","8799340","-4125880"
"049630","재영솔루텍","16114","11428","-4686","14512415","10300173","-4212242"
"022220","TKG애강","17762","15631","-2131","35248330","30954620","-4293710"
"045060","오공","3928","3002","-926","16716935","12416345","-4300590"
"014470","부방","101392","99995","-1397","250212795","245869720","-4343075"
"196700","웹스","99163","98458","-705","431199920","426684835","-4515085"
"168330","내츄럴엔도텍","3185","2472","-713","19799580","15189890","-4609690"
"042600","새로닉스","1689","1478","-211","39435200","34710400","-4724800"
"038390","레드캡투어","748","525","-223","15769600","11026900","-4742700"
"380320","삼성머스트스팩5호","31663","31471","-192","133722505","128925950","-4796555"
"308100","까스텔바작","2152","1619","-533","19784550","14853370","-4931180"
"219550","디와이디","27375","25969","-1406","108084415","103132390","-4952025"
"033050","제이엠아이","19347","15580","-3767","24577050","19560645","-5016405"
"039340","한국경제TV","778","0","-778","5133440","0","-5133440"
"123840","한일진공","14647","7892","-6755","11026453","5834800","-5191653"
"067280","멀티캠퍼스","493","381","-112","22843950","17648500","-5195450"
"134060","이퓨쳐","873","144","-729","6229900","1026690","-5203210"
"049080","기가레인","249079","246061","-3018","574659735","569427185","-5232550"
"106190","하이텍팜","1356","860","-496","15058200","9559750","-5498450"
"200780","비씨월드제약","1414","949","-465","16714700","11193250","-5521450"
"011080","형지I&C","15323","10029","-5294","15940760","10361835","-5578925"
"039010","현대에이치티","680","71","-609","6444780","669530","-5775250"
"090410","덕신하우징","277297","277688","391","783795985","777966040","-5829945"
"302550","리메드","1867","1565","-302","36441350","30598350","-5843000"
"021650","한국큐빅","3234","1638","-1596","11868950","5990100","-5878850"
"277070","린드먼아시아","5545","4457","-1088","29525380","23588790","-5936590"
"042500","링네트","5721","4700","-1021","32656170","26676190","-5979980"
"320000","윈텍","9823","7548","-2275","26013185","19932220","-6080965"
"049960","쎌바이오텍","1956","1563","-393","30833850","24702150","-6131700"
"405640","신한제9호스팩","4051","1140","-2911","8804145","2483070","-6321075"
"016100","리더스코스메틱","8470","6385","-2085","26859475","20096300","-6763175"
"026910","광진실업","4568","3253","-1315","23604380","16807640","-6796740"
"251630","브이원텍","5231","4481","-750","48482820","41566370","-6916450"
"347890","엠투아이","5156","4382","-774","45269580","38332830","-6936750"
"054940","엑사이엔씨","21390","15761","-5629","26876325","19863320","-7013005"
"014570","고려제약","2042","1221","-821","17405450","10340280","-7065170"
"255440","야스","615","54","-561","7765550","678050","-7087500"
"199820","제일전기공업","657","141","-516","9106450","1950700","-7155750"
"108380","대양전기공업","3835","3319","-516","53438900","46245400","-7193500"
"187420","제노포커스","1465","215","-1250","8512990","1245000","-7267990"
"086820","바이오솔루션","1261","758","-503","18299100","10950900","-7348200"
"189980","흥국에프엔비","53400","51935","-1465","195473105","188088780","-7384325"
"083660","CSA 코스믹","24802","22098","-2704","51486265","44087850","-7398415"
"012620","원일특강","2210","1627","-583","27545100","20110300","-7434800"
"301300","바이브컴퍼니","2210","2005","-205","79119300","71614850","-7504450"
"058820","CMG제약","81150","78661","-2489","247439260","239818860","-7620400"
"340930","유일에너테크","1975","1523","-452","32028350","24392250","-7636100"
"069540","라이트론","26690","25156","-1534","126242980","118605690","-7637290"
"217190","제너셈","3618","2722","-896","31086820","23412640","-7674180"
"110990","디아이티","2013","1118","-895","17340850","9625930","-7714920"
"357550","석경에이티","2167","1696","-471","34971100","26996900","-7974200"
"066130","하츠","2983","2077","-906","26713210","18556930","-8156280"
"228340","동양파일","6506","4703","-1803","28978325","20744885","-8233440"
"037950","엘컴텍","47548","41376","-6172","63558490","55201255","-8357235"
"073190","듀오백","4306","1311","-2995","12176010","3719780","-8456230"
"184230","SGA솔루션즈","43348","35810","-7538","47101880","38617555","-8484325"
"321260","프로이천","9947","6961","-2986","28347665","19796995","-8550670"
"037440","희림","38228","37129","-1099","303469670","294909080","-8560590"
"033160","엠케이전자","18487","18342","-145","263433300","254699900","-8733400"
"005670","푸드웰","8858","7603","-1255","60085300","51308250","-8777050"
"038290","마크로젠","1428","1089","-339","37612600","28799750","-8812850"
"042040","케이피엠테크","53941","41504","-12437","38640783","29795042","-8845741"
"007330","푸른저축은행","885","104","-781","10051900","1182950","-8868950"
"131180","딜리","18492","13934","-4558","35695315","26819625","-8875690"
"072990","에이치시티","774","80","-694","9933850","1025250","-8908600"
"091590","남화토건","1560","562","-998","14014560","5049400","-8965160"
"032940","원익","3109","1207","-1902","14507145","5509305","-8997840"
"050960","수산아이앤티","9503","8842","-661","125123900","116097150","-9026750"
"214430","아이쓰리시스템","3171","2730","-441","62387750","53322150","-9065600"
"049120","파인디앤씨","4779","582","-4197","10359450","1248705","-9110745"
"085810","알티캐스트","25597","21826","-3771","60160780","51049250","-9111530"
"051360","토비스","10209","9246","-963","96161110","87009050","-9152060"
"053060","세동","8698","914","-7784","10244375","1064810","-9179565"
"314930","바이오다인","892","533","-359","22764400","13559050","-9205350"
"245620","EDGC","30543","28022","-2521","111029305","101812030","-9217275"
"024850","피에스엠씨","14662","6596","-8066","16737020","7479855","-9257165"
"071280","로체시스템즈","39992","38233","-1759","222875540","213568260","-9307280"
"049180","셀루메드","13479","11746","-1733","70193700","60831140","-9362560"
"129890","앱코","4622","3964","-658","61299500","51548150","-9751350"
"046310","백금T&A","12227","9412","-2815","42856160","32983270","-9872890"
"064820","케이프","6038","3911","-2127","28371985","18414025","-9957960"
"092130","이크레더블","3623","3076","-547","66243550","56196650","-10046900"
"203690","프로스테믹스","11849","7879","-3970","29745255","19664275","-10080980"
"413630","유진스팩8호","4722","0","-4722","10183165","0","-10183165"
"065710","서호전기","681","151","-530","13650850","3022250","-10628600"
"095270","웨이브일렉트로","8008","5779","-2229","37427465","26787115","-10640350"
"047310","파워로직스","15065","13648","-1417","104039400","93355060","-10684340"
"900260","로스웰","499780","479617","-20163","198260944","187516382","-10744562"
"307930","컴퍼니케이","8826","7652","-1174","80649680","69777840","-10871840"
"073010","케이에스피","9949","4205","-5744","18832000","7855345","-10976655"
"338220","뷰노","2167","1046","-1121","21415390","10288630","-11126760"
"131090","시큐브","23312","14965","-8347","31333390","20190940","-11142450"
"191410","육일씨엔에쓰","5113","2078","-3035","18823575","7576750","-11246825"
"080530","코디","7983","1078","-6905","13056045","1754165","-11301880"
"080720","한국유니온제약","2939","1626","-1313","25261540","13951830","-11309710"
"065420","에스아이리소스","221637","207681","-13956","203003730","191538410","-11465320"
"059270","해성티피씨","4591","3038","-1553","33918600","22405160","-11513440"
"069410","엔텔스","4282","2791","-1491","33400160","21585370","-11814790"
"177830","파버나인","14840","12324","-2516","69306525","57452430","-11854095"
"007720","대명소노시즌","18500","8268","-10232","21330175","9467150","-11863025"
"251970","펌텍코리아","1213","554","-659","22066550","9984200","-12082350"
"251370","와이엠티","988","369","-619","20021000","7459500","-12561500"
"080000","에스엔유","5004","1309","-3695","17114260","4381675","-12732585"
"058450","일야","114740","98851","-15889","93314613","80554778","-12759835"
"069330","유아이디","8478","3644","-4834","22431885","9612875","-12819010"
"166480","코아스템","2822","1803","-1019","36170000","23026050","-13143950"
"214180","민앤지","1055","291","-764","18376700","5072350","-13304350"
"023410","유진기업","62351","59506","-2845","296291010","282918570","-13372440"
"204020","그리티","9284","4844","-4440","28232050","14695420","-13536630"
"104540","코렌텍","1627","445","-1182","18667500","5070650","-13596850"
"029480","광무","4940","1282","-3658","18698040","4845015","-13853025"
"153490","우리이앤엘","14094","5320","-8774","22391415","8424700","-13966715"
"052790","액토즈소프트","4322","2966","-1356","45599550","31325150","-14274400"
"006620","동구바이오제약","6728","4657","-2071","46668900","32134600","-14534300"
"045970","코아시아","3753","1829","-1924","28416500","13749440","-14667060"
"298060","에스씨엠생명과학","1885","568","-1317","20952700","6266700","-14686000"
"053350","이니텍","7692","4312","-3380","33939900","19050510","-14889390"
"023910","대한약품","991","441","-550","27626950","12257700","-15369250"
"161580","필옵틱스","3958","2144","-1814","33692760","18143860","-15548900"
"007680","대원","2400","796","-1604","23419190","7763440","-15655750"
"067080","대화제약","16828","14764","-2064","127475380","111742310","-15733070"
"052900","KMH하이텍","43055","33569","-9486","70769865","54847705","-15922160"
"100030","모바일리더","775","2","-773","16144250","41500","-16102750"
"153460","네이블","5928","3903","-2025","47324820","31166980","-16157840"
"046140","SBS콘텐츠허브","3291","1138","-2153","25013920","8554620","-16459300"
"114630","폴라리스우노","5346","1200","-4146","21555315","4828840","-16726475"
"054630","에이디칩스","55880","10016","-45864","20530967","3659715","-16871252"
"352770","클리노믹스","4045","2335","-1710","40036990","23092520","-16944470"
"008370","원풍","16071","13363","-2708","86661640","69627650","-17033990"
"063570","한국전자금융","22074","19007","-3067","125932000","108465160","-17466840"
"122450","KMH","2659","620","-2039","22906460","5305040","-17601420"
"415580","상상인제3호스팩","8185","0","-8185","17679600","0","-17679600"
"294630","서남","8951","2982","-5969","26745395","8891960","-17853435"
"033560","블루콤","3329","1610","-1719","34680900","16680150","-18000750"
"321820","와이더플래닛","1999","436","-1563","23249100","5012400","-18236700"
"396300","세아메카닉스","10329","7073","-3256","57098880","38707010","-18391870"
"286750","나노브릭","8431","1248","-7183","22110855","3271905","-18838950"
"159910","스킨앤스킨","126746","72367","-54379","44645181","25354088","-19291093"
"089890","코세스","14618","12754","-1864","154142250","134746900","-19395350"
"196450","코아시아옵틱스","10067","1865","-8202","23966065","4435740","-19530325"
"007820","에스엠코어","4725","1707","-3018","30716290","11003990","-19712300"
"086060","진바이오텍","10953","7192","-3761","58004450","38088520","-19915930"
"101400","엔시트론","23371","529","-22842","20716900","456871","-20260029"
"179530","애드바이오텍","13094","9056","-4038","66616290","46317940","-20298350"
"131970","테스나","49910","49566","-344","2285552550","2265061700","-20490850"
"234690","녹십자웰빙","3087","810","-2277","27813130","7277640","-20535490"
"018680","서울제약","18538","15461","-3077","115090590","94399360","-20691230"
"123570","이엠넷","6632","3155","-3477","39543510","18723530","-20819980"
"270520","지엔원에너지","123765","117723","-6042","363245245","342271895","-20973350"
"322180","티라유텍","2791","769","-2022","29545250","8150600","-21394650"
"076080","웰크론한텍","11487","5949","-5538","44780205","23133260","-21646945"
"198080","엔피디","12053","5045","-7008","37365390","15602075","-21763315"
"039310","세중","6928","270","-6658","23166125","902125","-22264000"
"094360","칩스앤미디어","11049","9889","-1160","212426000","190146950","-22279050"
"078940","코드네이처","22784","9463","-13321","38908840","16076915","-22831925"
"174880","장원테크","18505","5253","-13252","32210905","9164760","-23046145"
"054930","유신","16933","16139","-794","360860050","337746250","-23113800"
"046210","파나진","8251","2067","-6184","30947700","7688265","-23259435"
"048260","오스템임플란트","6948","6731","-217","732375600","709072000","-23303600"
"007530","영신금속","8319","0","-8319","23498060","0","-23498060"
"109860","동일금속","1978","575","-1403","33147600","9570000","-23577600"
"025770","한국정보통신","3028","12","-3016","23926220","94560","-23831660"
"039740","한국정보공학","11316","6093","-5223","51897825","27969215","-23928610"
"067010","이씨에스","9482","3942","-5540","41726165","17351135","-24375030"
"277880","티에스아이","13058","10855","-2203","148354050","123878450","-24475600"
"018120","진로발효","1412","494","-918","38109150","13322850","-24786300"
"382800","지앤비에스엔지니어링","3640","1894","-1746","51929550","26939950","-24989600"
"298870","다올인베스트먼트","7906","1660","-6246","31728870","6646145","-25082725"
"353190","휴럼","33113","17507","-15606","53065210","27951650","-25113560"
"039860","나노엔텍","15951","11605","-4346","92723340","67565060","-25158280"
"060380","동양에스텍","18348","10797","-7551","60944780","35687580","-25257200"
"900250","크리스탈신소재","50934","28069","-22865","56419935","31076120","-25343815"
"092460","한라IMS","5347","721","-4626","29312500","3927990","-25384510"
"330350","위더스제약","6000","3307","-2693","56686250","31202840","-25483410"
"052220","iMBC","8453","2279","-6174","35487245","9579165","-25908080"
"037400","우리엔터프라이즈","14944","6021","-8923","43141885","17200675","-25941210"
"089980","상아프론테크","10209","9508","-701","379486250","353459800","-26026450"
"126340","비나텍","2021","1370","-651","80996150","54951800","-26044350"
"241710","코스메카코리아","4738","2650","-2088","60902900","34252050","-26650850"
"043090","한창바이오텍","34300","19651","-14649","61525955","34587275","-26938680"
"307280","원바이오젠","20141","5918","-14223","38294310","11249150","-27045160"
"234340","세틀뱅크","1113","37","-1076","28129650","934600","-27195050"
"043710","서울리거","61080","42457","-18623","88061700","60808385","-27253315"
"225530","보광산업","5081","1411","-3670","38187290","10575580","-27611710"
"377220","프롬바이오","3358","228","-3130","29669470","2008140","-27661330"
"348150","고바이오랩","2064","237","-1827","31324200","3590800","-27733400"
"109080","옵티시스","5243","3347","-1896","76139400","48306700","-27832700"
"163730","핑거","6509","4533","-1976","92795700","64578000","-28217700"
"045660","에이텍","13995","11804","-2191","179612900","151046650","-28566250"
"045520","크린앤사이언스","2523","365","-2158","33375850","4808200","-28567650"
"033540","파라텍","39194","24626","-14568","78333905","49358770","-28975135"
"263800","데이타솔루션","36768","32160","-4608","232144040","203074710","-29069330"
"042370","비츠로테크","9783","6688","-3095","90706240","61503970","-29202270"
"950190","미투젠","1752","92","-1660","30892450","1615000","-29277450"
"019550","SBI인베스트먼트","137850","121705","-16145","236168735","206781760","-29386975"
"274090","켄코아에어로스페이스","21642","19819","-1823","336928950","307473550","-29455400"
"027830","대성창투","33503","23104","-10399","96420765","66578525","-29842240"
"004780","대륙제관","8713","2962","-5751","46122270","15752860","-30369410"
"078160","메디포스트","4202","2782","-1420","89931800","59559650","-30372150"
"187220","디티앤씨","6650","2434","-4216","48149160","17640250","-30508910"
"072020","중앙백신","3578","1330","-2248","48514500","18002650","-30511850"
"054670","대한뉴팜","8759","6193","-2566","103052750","72487900","-30564850"
"222980","한국맥널티","20601","16740","-3861","160881550","129934540","-30947010"
"225190","삼양옵틱스","3449","1139","-2310","46119150","15168000","-30951150"
"359090","씨엔알리서치","16081","267","-15814","31689350","527560","-31161790"
"035890","서희건설","60459","42361","-18098","104430510","73254280","-31176230"
"032960","동일기연","2831","277","-2554","35132650","3407550","-31725100"
"950220","네오이뮨텍","27192","21833","-5359","166312520","133467560","-32844960"
"078020","이베스트투자증권","22619","17981","-4638","160533750","127621020","-32912730"
"053620","태양","7614","4339","-3275","75665190","42651000","-33014190"
"039830","오로라","10298","6673","-3625","94031920","60972790","-33059130"
"194700","노바렉스","1709","848","-861","65965550","32722600","-33242950"
"054300","팬스타엔터프라이즈","49733","9515","-40218","41446463","7962553","-33483910"
"208340","파멥신","24568","17904","-6664","125056885","91111995","-33944890"
"087600","픽셀플러스","5558","1928","-3630","52021010","18053200","-33967810"
"161570","THE MIDONG","69065","42314","-26751","90335395","55579075","-34756320"
"009620","삼보산업","286339","263770","-22569","458962370","424165020","-34797350"
"060560","홈센타홀딩스","125675","103955","-21720","198415875","163307600","-35108275"
"099440","스맥","41544","23630","-17914","81560105","46280355","-35279750"
"079190","케스피온","72835","50049","-22786","110357950","75031430","-35326520"
"088130","동아엘텍","5994","1822","-4172","51596510","15604310","-35992200"
"049830","승일","3935","971","-2964","48489600","12017250","-36472350"
"106520","노블엠앤비","14051","3925","-10126","50871585","14179765","-36691820"
"067900","와이엔텍","23299","20149","-3150","280467750","243171500","-37296250"
"290720","푸드나무","2039","600","-1439","53045350","15610400","-37434950"
"009780","엠에스씨","6218","584","-5634","41529550","3884800","-37644750"
"121440","골프존뉴딘홀딩스","7681","3266","-4415","66355700","28068970","-38286730"
"052020","에스티큐브","7970","1371","-6599","46725360","8043530","-38681830"
"253840","수젠텍","103669","100001","-3668","1256059250","1217249850","-38809400"
"077360","덕산하이메탈","58977","55521","-3456","516221810","477354930","-38866880"
"216050","인크로스","1519","377","-1142","51728000","12804150","-38923850"
"100130","동국S&C","22128","14392","-7736","112437700","72835140","-39602560"
"330730","스톤브릿지벤처스","11388","5710","-5678","79312880","39680460","-39632420"
"096870","엘디티","15353","6835","-8518","73199455","32307620","-40891835"
"064480","브리지텍","12483","4005","-8478","61544230","19605570","-41938660"
"237880","클리오","8740","6401","-2339","159854900","117583300","-42271600"
"230980","에이트원","94339","57272","-37067","105050420","62708060","-42342360"
"042940","상지카일룸","235974","204188","-31786","334978420","292534325","-42444095"
"024060","흥구석유","24908","19485","-5423","193940380","151395170","-42545210"
"093380","풍강","19281","9456","-9825","84673640","41582870","-43090770"
"011560","세보엠이씨","45970","40144","-5826","368307010","324775170","-43531840"
"189690","포시에스","10844","5300","-5544","86289500","42111680","-44177820"
"025320","시노펙스","27473","11273","-16200","74776155","30543100","-44233055"
"089600","나스미디어","3173","1547","-1626","87330750","42551800","-44778950"
"063170","서울옥션","19517","17369","-2148","408929000","363404850","-45524150"
"060590","씨티씨바이오","16788","12431","-4357","170624310","125000130","-45624180"
"036890","진성티이씨","14256","10335","-3921","168390750","122559250","-45831500"
"038010","제일테크노스","470417","465603","-4814","3470717750","3424642740","-46075010"
"054780","키이스트","8516","3753","-4763","83326330","36670920","-46655410"
"094850","참좋은여행","5478","1651","-3827","67754650","20390800","-47363850"
"206640","바디텍메드","14114","10723","-3391","197515750","149396400","-48119350"
"228850","레이언스","4664","446","-4218","53220950","5088200","-48132750"
"220100","퓨쳐켐","7337","4371","-2966","117706900","69546850","-48160050"
"093320","케이아이엔엑스","1629","697","-932","87049500","37198100","-49851400"
"043610","지니뮤직","23194","12453","-10741","108767900","58398835","-50369065"
"226360","KH 건설","1376490","1326343","-50147","1286445012","1235341648","-51103364"
"334970","프레스티지바이오로직스","17007","9339","-7668","114764870","62639460","-52125410"
"016600","큐캐피탈","214080","141745","-72335","156534929","103551682","-52983247"
"036800","나이스정보통신","2213","354","-1859","64108350","10277500","-53830850"
"032280","삼일","44313","23938","-20375","118083195","63730170","-54353025"
"010280","쌍용정보통신","78164","27815","-50349","84375785","29750710","-54625075"
"950140","잉글우드랩","9676","1753","-7923","66786640","12027810","-54758830"
"038460","바이오스마트","26443","14015","-12428","118536445","62855015","-55681430"
"238200","비피도","6925","334","-6591","58609650","2862370","-55747280"
"138580","비즈니스온","25876","20427","-5449","266373900","210037050","-56336850"
"110790","크리스에프앤씨","7892","6501","-1391","322104200","264247350","-57856850"
"205500","액션스퀘어","27255","10029","-17226","92474900","33960140","-58514760"
"078150","HB테크놀러지","40195","14381","-25814","91110290","32420690","-58689600"
"214310","에스엘바이오닉스","19700","5742","-13958","82718605","23987225","-58731380"
"014190","원익큐브","57312","38717","-18595","181843225","122704445","-59138780"
"348210","넥스틴","3157","2300","-857","214162200","154983900","-59178300"
"064800","젬백스링크","46428","7544","-38884","72209830","11813730","-60396100"
"108490","로보티즈","14830","11678","-3152","280631050","220114600","-60516450"
"160550","NEW","37977","30108","-7869","292090250","231093160","-60997090"
"086980","쇼박스","37863","26116","-11747","195988330","134692750","-61295580"
"090360","로보스타","5805","2939","-2866","125092200","63200400","-61891800"
"073490","이노와이어리스","10204","8576","-1628","394065150","331444950","-62620200"
"036620","감성코퍼레이션","60881","22681","-38200","100744760","37612005","-63132755"
"368770","파이버프로","66036","53438","-12598","338636720","275413020","-63223700"
"158430","아톤","4589","2448","-2141","136455650","72927200","-63528450"
"052300","초록뱀컴퍼니","244203","189955","-54248","285778360","222100450","-63677910"
"049950","미래컴퍼니","9932","7240","-2692","239273750","174317250","-64956500"
"066430","와이오엠","37879","11646","-26233","95410630","29176390","-66234240"
"289080","SV인베스트먼트","37721","16662","-21059","119162660","52711860","-66450800"
"062860","티엘아이","23085","15421","-7664","204664200","137534460","-67129740"
"072950","빛샘전자","12166","3519","-8647","95803820","27824800","-67979020"
"225590","패션플랫폼","210669","175230","-35439","421737235","353213550","-68523685"
"027050","코리아나","29692","12427","-17265","118785645","49590965","-69194680"
"100700","세운메디칼","37059","19154","-17905","141137720","71021770","-70115950"
"136540","윈스","4574","236","-4338","75332150","3878300","-71453850"
"054950","제이브이엠","21257","17248","-4009","371662550","299679350","-71983200"
"318010","팜스빌","6280","859","-5421","84185400","11484850","-72700550"
"317120","라닉스","12892","2882","-10010","95302040","20771640","-74530400"
"072870","메가스터디","9944","3290","-6654","112519400","37233600","-75285800"
"096040","이트론","428679","134011","-294668","109861998","34338105","-75523893"
"122310","제노레이","8732","1089","-7643","87220380","10869130","-76351250"
"019770","서연탑메탈","37985","24794","-13191","218741440","142382430","-76359010"
"322780","코퍼스코리아","26367","418","-25949","77850420","1230380","-76620040"
"206400","베노홀딩스","18325","2543","-15782","89146205","12338430","-76807775"
"225430","케이엠제약","58077","22140","-35937","125937945","47926550","-78011395"
"357230","에이치피오","18526","11781","-6745","214009350","135982000","-78027350"
"900310","컬러레이","79496","17014","-62482","102650495","21859430","-80791065"
"027360","아주IB투자","124053","99549","-24504","425640695","342958480","-82682215"
"123860","아나패스","4852","1406","-3446","117169150","33685600","-83483550"
"131220","대한과학","19805","10042","-9763","168077230","84376060","-83701170"
"142280","녹십자엠에스","128182","117590","-10592","902793950","817660800","-85133150"
"079810","디이엔티","31117","20011","-11106","239928400","153878690","-86049710"
"214610","미코바이오메드","14368","1949","-12419","99977390","13535140","-86442250"
"131390","원익피앤이","7830","4813","-3017","224076750","136864400","-87212350"
"265520","AP시스템","24737","20773","-3964","549477650","461702600","-87775050"
"067390","아스트","29318","15638","-13680","188071490","100029600","-88041890"
"335890","비올","72271","36776","-35495","178063145","89822105","-88241040"
"025980","아난티","173230","162832","-10398","1357426260","1268340400","-89085860"
"089530","에이티세미콘","296820","256476","-40344","551031775","461670420","-89361355"
"084110","휴온스글로벌","8555","5043","-3512","218461600","128810850","-89650750"
"225220","제놀루션","8660","1561","-7099","109553500","19610500","-89943000"
"057540","옴니시스템","184393","149659","-34734","462159565","371577765","-90581800"
"048910","대원미디어","9753","3277","-6476","137398400","45806900","-91591500"
"094820","일진파워","51526","47581","-3945","1113953750","1022344750","-91609000"
"317870","엔바이오니아","7853","338","-7515","97075500","4172400","-92903100"
"037070","파세코","8775","3562","-5213","157867050","63837450","-94029600"
"079970","투비소프트","157143","83516","-73627","200391320","105285460","-95105860"
"031330","에스에이엠티","35581","14561","-21020","161264890","65658665","-95606225"
"056080","유진로봇","83953","68025","-15928","511052260","414450440","-96601820"
"100790","미래에셋벤처투자","26195","13758","-12437","204069070","107101190","-96967880"
"003310","대주산업","400010","373603","-26407","1298367475","1195751570","-102615905"
"138610","나이벡","9685","4479","-5206","192836000","89466400","-103369600"
"217600","켐온","226492","189539","-36953","629700585","525198930","-104501655"
"053450","세코닉스","20363","9834","-10529","202738920","97395430","-105343490"
"340440","세림B&G","173806","137723","-36083","493164845","386606245","-106558600"
"024950","삼천리자전거","24747","12572","-12175","217113200","110388410","-106724790"
"010170","대한광통신","120830","76429","-44401","276762755","169729130","-107033625"
"008830","대동기어","26502","16086","-10416","275709450","167088550","-108620900"
"337930","브랜드엑스코퍼레이션","21573","9417","-12156","192406710","83650110","-108756600"
"211270","AP위성","8709","1681","-7028","135347000","26044100","-109302900"
"215360","우리산업","38935","33199","-5736","693245400","581669150","-111576250"
"277810","레인보우로보틱스","8686","3085","-5601","173992300","61779100","-112213200"
"073640","테라사이언스","63045","8685","-54360","130602365","17807200","-112795165"
"205470","휴마시스","538969","524878","-14091","7683305500","7568926250","-114379250"
"101360","이엔드디","9213","5029","-4184","250919900","136475150","-114444750"
"033290","코웰패션","54937","37819","-17118","378838070","260242380","-118595690"
"019210","와이지-원","17425","3828","-13597","153022980","33557160","-119465820"
"136480","하림","183697","150166","-33531","633620890","513956350","-119664540"
"016920","카스","85906","43118","-42788","240700195","120541670","-120158525"
"241840","에이스토리","8826","3882","-4944","222103600","97959650","-124143950"
"040160","누리플렉스","17939","1531","-16408","136241430","11645040","-124596390"
"090850","현대이지웰","17264","4428","-12836","169910760","43746090","-126164670"
"058610","에스피지","61413","53052","-8361","958367850","831685750","-126682100"
"067630","HLB생명과학","787465","783568","-3897","9674355550","9542710400","-131645150"
"306040","에스제이그룹","15105","10049","-5056","392956600","260741350","-132215250"
"080220","제주반도체","50958","25011","-25947","265935660","130272310","-135663350"
"025950","동신건설","25972","20649","-5323","627567200","489593350","-137973850"
"086450","동국제약","17420","10663","-6757","357899850","219475750","-138424100"
"017890","한국알콜","12439","966","-11473","150355750","11691650","-138664100"
"228670","레이","7882","1417","-6465","172879500","30976500","-141903000"
"224110","에이텍티앤","13597","2204","-11393","171684000","27826300","-143857700"
"024120","KB오토시스","203323","190031","-13292","1869103200","1716078080","-153025120"
"060150","인선이엔티","17247","1964","-15283","174836100","19870950","-154965150"
"189860","서전기전","141061","128150","-12911","1623767700","1461702900","-162064800"
"101170","우림피티에스","42786","11050","-31736","222085250","56910690","-165174560"
"013120","동원개발","40685","6382","-34303","198192565","31020080","-167172485"
"185490","아이진","42243","23283","-18960","379619910","210417230","-169202680"
"015750","성우하이텍","159835","122614","-37221","731339240","561485360","-169853880"
"182400","엔케이맥스","35085","26929","-8156","722878950","550878700","-172000250"
"218410","RFHIC","19630","13687","-5943","582205300","406508650","-175696650"
"232140","와이아이케이","52762","18783","-33979","273419410","96895090","-176524320"
"048830","엔피케이","276406","210163","-66243","725789780","548645100","-177144680"
"041460","한국전자인증","54150","29048","-25102","391023440","209092330","-181931110"
"099320","쎄트렉아이","7525","3510","-4015","344826600","160579650","-184246950"
"033170","시그네틱스","197865","120250","-77615","467804540","283230470","-184574070"
"053030","바이넥스","44447","30676","-13771","629736600","433730350","-196006250"
"007770","한일화학","13655","2289","-11366","235638400","39484700","-196153700"
"041440","현대에버다임","254693","233134","-21559","2452994800","2247816090","-205178710"
"136410","아셈스","33292","17494","-15798","437196650","229065550","-208131100"
"005860","한일사료","338614","312246","-26368","2588902470","2378567460","-210335010"
"206650","유바이오로직스","57395","44865","-12530","967747000","757247600","-210499400"
"002680","한탑","470400","376408","-93992","1031073785","817639955","-213433830"
"023770","플레이위드","22354","6078","-16276","293695300","78360150","-215335150"
"052400","코나아이","31374","22496","-8878","780174600","560605800","-219568800"
"247660","나노씨엠에스","12705","4866","-7839","364116400","138326800","-225789600"
"022100","포스코 ICT","63221","24812","-38409","371738140","145874780","-225863360"
"065770","CS","216993","139241","-77752","646002055","410775540","-235226515"
"033500","동성화인텍","31162","10217","-20945","350435400","114692800","-235742600"
"018310","삼목에스폼","13125","2936","-10189","311679050","69763700","-241915350"
"145020","휴젤","8493","6455","-2038","1008945400","766948800","-241996600"
"006730","서부T&D","47523","22524","-24999","469511170","222648360","-246862810"
"035610","솔본","161418","111794","-49624","805201895","546895195","-258306700"
"126640","화신정공","180704","51596","-129108","379253955","106999490","-272254465"
"119610","인터로조","11491","2718","-8773","357874500","84339900","-273534600"
"034940","조아제약","401628","334843","-66785","1412423600","1138693885","-273729715"
"142760","비엘","275429","232733","-42696","1698434160","1420436550","-277997610"
"023160","태광","70612","46462","-24150","843166550","560114100","-283052450"
"048550","SM C&C","99747","34341","-65406","434243120","148280265","-285962855"
"000250","삼천당제약","20427","13051","-7376","790830600","504403900","-286426700"
"082920","비츠로셀","38305","13272","-25033","444762000","154065650","-290696350"
"093520","매커스","56959","30023","-26936","610365200","318994750","-291370450"
"046110","한일네트웍스","113262","87988","-25274","1345346650","1047998850","-297347800"
"243840","신흥에스이씨","7939","2889","-5050","474754200","171927900","-302826300"
"011320","유니크","71770","29252","-42518","508998830","205036810","-303962020"
"081150","티플랙스","72456","17154","-55302","404354940","95184760","-309170180"
"053610","프로텍","20231","9497","-10734","585313500","276130950","-309182550"
"182360","큐브엔터","23359","2941","-20418","356104550","44698300","-311406250"
"179290","엠아이텍","77961","47229","-30732","788206180","475529180","-312677000"
"010240","흥국","50574","9022","-41552","394715750","70486690","-324229060"
"058110","멕아이씨에스","133227","86491","-46736","906219700","571732540","-334487160"
"126600","코프라","135177","94001","-41176","1125284290","782494440","-342789850"
"222080","씨아이에스","75827","49721","-26106","1028775100","676999250","-351775850"
"064760","티씨케이","18035","15664","-2371","2579665200","2225890800","-353774400"
"143240","사람인에이치알","9411","1485","-7926","423834650","66111450","-357723200"
"371950","풍원정밀","28132","8275","-19857","508105800","149629000","-358476800"
"106240","파인테크닉스","77189","46300","-30889","909813550","547727900","-362085650"
"083930","아바코","50465","19698","-30767","591920000","229751250","-362168750"
"104480","티케이케미칼","228691","154678","-74013","1116642595","753206685","-363435910"
"048530","인트론바이오","68680","44918","-23762","1085660150","712089300","-373570850"
"200470","에이팩트","87305","25540","-61765","528906720","154461560","-374445160"
"060720","KH바텍","59481","39379","-20102","1110635000","735682000","-374953000"
"053270","구영테크","372558","295121","-77437","1730203670","1352873110","-377330560"
"046890","서울반도체","79121","47023","-32098","942863800","560196750","-382667050"
"053580","웹케시","34565","15036","-19529","691190000","301150900","-390039100"
"179900","유티아이","57205","33755","-23450","1004973650","600518600","-404455050"
"095340","ISC","56040","44913","-11127","2074518650","1657215150","-417303500"
"104830","원익머트리얼즈","38713","28304","-10409","1565508700","1144017900","-421490800"
"041830","인바디","27814","12539","-15275","769471000","343613150","-425857850"
"064240","홈캐스트","170043","57692","-112351","642614870","216230680","-426384190"
"030190","NICE평가정보","66068","41598","-24470","1145534500","718317850","-427216650"
"141080","레고켐바이오","48624","36916","-11708","1766258650","1337305800","-428952850"
"072470","우리산업홀딩스","304832","220928","-83904","1482070170","1037947855","-444122315"
"036540","SFA반도체","211538","141101","-70437","1339548390","889140260","-450408130"
"086040","바이오톡스텍","146034","96495","-49539","1361143650","894284880","-466858770"
"096640","멜파스","323625","38599","-285026","543303375","64925560","-478377815"
"260930","씨티케이","72596","27035","-45561","809485850","295966500","-513519350"
"086900","메디톡스","7895","3666","-4229","961611900","446461700","-515150200"
"281740","레이크머티리얼즈","144719","36868","-107851","700385870","178322960","-522062910"
"084370","유진테크","47874","35740","-12134","2037318450","1512112200","-525206250"
"230240","에치에프알","66185","49790","-16395","2253955000","1703623000","-550332000"
"085370","루트로닉","198655","172166","-26489","4390485300","3823847600","-566637700"
"032820","우리기술","534479","263769","-270710","1134970675","560156410","-574814265"
"199800","툴젠","13524","3561","-9963","823194300","216897700","-606296600"
"099220","SDN","577637","256519","-321118","1105882565","485177160","-620705405"
"091120","이엠텍","57817","41716","-16101","2311295250","1673882900","-637412350"
"146320","비씨엔씨","34167","4575","-29592","768241250","102771400","-665469850"
"060250","NHN한국사이버결제","135112","94285","-40827","2290107250","1596910250","-693197000"
"067160","아프리카TV","51366","44415","-6951","5117816900","4417291300","-700525600"
"100660","서암기계공업","188371","85304","-103067","1380344390","613361210","-766983180"
"098460","고영","109407","60502","-48905","1840512850","1017514150","-822998700"
"288620","에스퓨얼셀","46979","16050","-30929","1268049450","432949600","-835099850"
"139670","키네마스터","180991","120777","-60214","2392293300","1556377900","-835915400"
"051500","CJ프레시웨이","29450","8455","-20995","1227676100","352272200","-875403900"
"311390","네오크레마","76056","26071","-49985","1356459850","456775200","-899684650"
"115450","HLB테라퓨틱스","498590","396433","-102157","4994121080","3969801000","-1024320080"
"357780","솔브레인","12485","7856","-4629","2989767800","1880262600","-1109505200"
"388050","지투파워","82347","20031","-62316","1485179900","360650850","-1124529050"
"140670","알에스오토메이션","165311","90910","-74401","2524735800","1395450600","-1129285200"
"095610","테스","76325","28831","-47494","2067196100","780842000","-1286354100"
"253450","스튜디오드래곤","32073","15149","-16924","2545150300","1201808800","-1343341500"
"068760","셀트리온제약","92219","73283","-18936","6941117600","5566304600","-1374813000"
"035600","KG이니시스","255435","158261","-97174","4127564200","2536206950","-1591357250"
"039030","이오테크닉스","30376","15428","-14948","3356081500","1711258700","-1644822800"
"268600","셀리버리","135257","75707","-59550","3750652850","2090811100","-1659841750"
"287410","제이시스메디칼","265795","63128","-202667","2250492450","535853310","-1714639140"
"046120","오르비텍","330352","83666","-246686","2446256870","608168820","-1838088050"
"074600","원익QnC","95970","40851","-55119","3271061900","1393556700","-1877505200"
"389140","포바이포","88695","12234","-76461","2310557450","316862650","-1993694800"
"215200","메가스터디교육","40517","15283","-25234","3651212800","1375866000","-2275346800"
"240810","원익IPS","120668","63934","-56734","4899395600","2595081150","-2304314450"
"035900","JYP Ent.","95850","49817","-46033","5258644700","2732506200","-2526138500"
"054210","이랜텍","485845","333064","-152781","10636370400","7405482600","-3230887800"
"005290","동진쎄미켐","207405","130260","-77145","8741570600","5508848900","-3232721700"
"183300","코미코","85718","29431","-56287","5284289000","1802970700","-3481318300"
"323990","박셀바이오","174570","94152","-80418","8234045250","4432689500","-3801355750"
"058470","리노공업","63593","35617","-27976","10923489000","6117297500","-4806191500"
"247540","에코프로비엠","104847","71594","-33253","46565780300","31839784000","-14725996300"
"091990","셀트리온헬스케어","454427","172856","-281571","24937811700","9520129900","-15417681800"