종목코드,종목명,거래량_매도,거래량_매수,거래량_순매수,거래대금_매도,거래대금_매수,거래대금_순매수
"035900","JYP Ent.","337131","616507","279376","18530352400","33498725500","14968373100"
"091990","셀트리온헬스케어","83317","242927","159610","4894232800","14300189100","9405956300"
"222800","심텍","66915","177595","110680","3270964550","8708142900","5437178350"
"048260","오스템임플란트","16404","69627","53223","1582357800","6804900700","5222542900"
"263750","펄어비스","62984","105033","42049","3819489000","6406942800","2587453800"
"183300","코미코","4724","49059","44335","267719900","2805543500","2537823600"
"067160","아프리카TV","25381","49126","23745","2555930500","4973560600","2417630100"
"053800","안랩","6777","25215","18438","711951600","2626484000","1914532400"
"213420","덕산네오룩스","19784","62843","43059","825043250","2612458150","1787414900"
"096530","씨젠","112268","156316","44048","4247589200","5920744700","1673155500"
"095610","테스","9921","68737","58816","261702100","1813549800","1551847700"
"319660","피에스케이","16304","49780","33476","746868200","2296577150","1549708950"
"090460","비에이치","85620","137699","52079","2250304000","3637999150","1387695150"
"214450","파마리서치","12853","28749","15896","1072539600","2423505000","1350965400"
"104830","원익머트리얼즈","5095","39854","34759","196235900","1538255100","1342019200"
"215200","메가스터디교육","30433","42317","11884","2790506800","3887260000","1096753200"
"189860","서전기전","9982","86885","76903","121567000","1064713000","943146000"
"194480","데브시스터즈","5657","23396","17739","298935250","1232917150","933981900"
"140860","파크시스템스","4156","12810","8654","440142500","1365989000","925846500"
"052400","코나아이","7616","42283","34667","196114350","1098069450","901955100"
"068240","다원시스","20829","50533","29704","617246750","1491683100","874436350"
"950130","엑세스바이오","0","50813","50813","0","825299300","825299300"
"143240","사람인에이치알","1803","19513","17710","80009200","882687150","802677950"
"357780","솔브레인","4052","7509","3457","933856000","1732507400","798651400"
"028300","HLB","67984","94560","26576","1981776250","2757865150","776088900"
"274090","켄코아에어로스페이스","3376","51951","48575","55097950","821543100","766445150"
"218410","RFHIC","27427","51716","24289","799298450","1510197850","710899400"
"045100","한양이엔지","5","45047","45042","80750","703122100","703041350"
"119610","인터로조","43235","63288","20053","1284754150","1983612250","698858100"
"086390","유니테스트","6919","33270","26351","174853950","840060200","665206250"
"063080","컴투스홀딩스","10905","19489","8584","817407700","1473780800","656373100"
"017890","한국알콜","1","53304","53303","11800","621065950","621054150"
"056190","에스에프에이","27713","43581","15868","1064196800","1677754300","613557500"
"166090","하나머티리얼즈","34163","43081","8918","2021308700","2591764100","570455400"
"038540","상상인","27382","79128","51746","290586650","853910200","563323550"
"052330","코텍","125","50197","50072","1340760","537263380","535922620"
"950180","SNK","0","14213","14213","0","519435150","519435150"
"084990","헬릭스미스","25013","49811","24798","522407600","1035639050","513231450"
"085370","루트로닉","84215","103299","19084","1878823850","2317444800","438620950"
"065510","휴비츠","2392","43969","41577","24274650","453559580","429284930"
"006730","서부T&D","18697","60482","41785","186787000","606168610","419381610"
"104480","티케이케미칼","34626","120156","85530","164496220","575296010","410799790"
"033290","코웰패션","20031","75633","55602","140759580","532279210","391519630"
"138080","오이솔루션","12257","24316","12059","380428350","756211850","375783500"
"131390","원익피앤이","5476","18111","12635","155117650","524943400","369825750"
"023160","태광","14627","46183","31556","167817650","532715350","364897700"
"140410","메지온","14403","34029","19626","255273350","602696200","347422850"
"950220","네오이뮨텍","24231","80000","55769","147611040","483781200","336170160"
"046440","KG모빌리언스","10","39680","39670","83700","330321930","330238230"
"053610","프로텍","0","11592","11592","0","308938550","308938550"
"267980","매일유업","4487","8926","4439","308926900","615842000","306915100"
"239890","피엔에이치테크","6758","18481","11723","173228700","479034300","305805600"
"064290","인텍플러스","7324","19250","11926","184908100","486654900","301746800"
"136540","윈스","39","17809","17770","633000","299984950","299351950"
"100120","뷰웍스","132","7724","7592","5148950","301469850","296320900"
"036710","심텍홀딩스","0","56480","56480","0","295697820","295697820"
"278650","노터스","192","6458","6266","8853700","303076550","294222850"
"033500","동성화인텍","10850","34732","23882","127330500","412615300","285284800"
"114810","아이원스","1","29955","29954","9300","279336070","279326770"
"000250","삼천당제약","15040","22165","7125","576424650","852955950","276531300"
"077360","덕산하이메탈","45544","76477","30933","384426360","656137340","271710980"
"098460","고영","57027","72602","15575","985260750","1256809650","271548900"
"086450","동국제약","27886","40922","13036","576995950","846553050","269557100"
"251970","펌텍코리아","0","14129","14129","0","263444750","263444750"
"035890","서희건설","1735","145035","143300","3122575","258450005","255327430"
"041440","현대에버다임","14717","41064","26347","131567470","381593870","250026400"
"178320","서진시스템","37430","51274","13844","681750500","930603800","248853300"
"136480","하림","10471","72849","62378","37916835","274769400","236852565"
"041830","인바디","3112","11854","8742","83312450","319239850","235927400"
"146320","비씨엔씨","3550","14311","10761","75077200","300746950","225669750"
"222160","바이옵트로","0","25073","25073","0","223620090","223620090"
"293780","압타바이오","10956","24460","13504","180296000","402741800","222445800"
"281740","레이크머티리얼즈","83468","130719","47251","386688320","607403145","220714825"
"031330","에스에이엠티","1000","50765","49765","4250000","217560300","213310300"
"061970","엘비세미콘","21499","40643","19144","236946400","445957750","209011350"
"073490","이노와이어리스","33","5343","5310","1235700","207145800","205910100"
"024740","한일단조","11839","69170","57331","41948600","243471305","201522705"
"084850","아이티엠반도체","8271","14339","6068","273283700","473975300","200691600"
"061250","화일약품","336","68336","68000","932480","196296800","195364320"
"065680","우주일렉트로","0","7001","7001","0","186522200","186522200"
"352700","씨앤투스성진","0","33561","33561","0","182232140","182232140"
"058610","에스피지","7152","18851","11699","108866300","283709000","174842700"
"096240","크레버스","5410","11148","5738","157167450","324159600","166992150"
"058630","엠게임","315","17981","17666","2937370","166544250","163606880"
"310200","애니플러스","18","43902","43884","67590","162082035","162014445"
"222080","씨아이에스","32443","44476","12033","427327100","587856650","160529550"
"033640","네패스","25918","31548","5630","756726450","915317300","158590850"
"122640","예스티","0","18809","18809","0","157979000","157979000"
"100090","삼강엠앤티","66842","74649","7807","1307429650","1460415450","152985800"
"023410","유진기업","31871","62664","30793","152122070","298161295","146039225"
"014620","성광벤드","44937","58848","13911","440299160","586069260","145770100"
"003380","하림지주","34461","48580","14119","350119800","494336400","144216600"
"048770","TPC","0","25458","25458","0","142707950","142707950"
"136410","아셈스","34366","42291","7925","465594600","592159800","126565200"
"094360","칩스앤미디어","0","6698","6698","0","126298800","126298800"
"256150","한독크린텍","0","11000","11000","0","126055800","126055800"
"007390","네이처셀","33293","40790","7497","555209050","680168200","124959150"
"114840","아이패밀리에스씨","5706","10456","4750","141818750","265168900","123350150"
"091580","상신이디피","3526","11419","7893","54921950","177195000","122273050"
"004590","한국가구","0","17386","17386","0","118558310","118558310"
"013120","동원개발","960","24807","23847","4731565","122840035","118108470"
"214180","민앤지","3","6776","6773","52500","117554300","117501800"
"079960","동양이엔피","106","7044","6938","1742450","117037300","115294850"
"206650","유바이오로직스","23805","30462","6657","380254500","492535250","112280750"
"083310","엘오티베큠","19624","27656","8032","270480700","380850250","110369550"
"054620","APS홀딩스","0","9500","9500","0","110300000","110300000"
"232140","와이아이케이","803","22796","21993","4045530","112136755","108091225"
"365590","엔에이치스팩18호","4042","54605","50563","8569110","116473170","107904060"
"155650","와이엠씨","0","14999","14999","0","105530510","105530510"
"093320","케이아이엔엑스","611","2544","1933","33574100","138893000","105318900"
"048410","현대바이오","26192","29969","3777","763912050","868015350","104103300"
"170790","파이오링크","0","7178","7178","0","102187600","102187600"
"090850","현대이지웰","13476","23283","9807","137085400","238604250","101518850"
"122310","제노레이","6","10022","10016","61940","101574740","101512800"
"036620","감성코퍼레이션","0","59887","59887","0","100724080","100724080"
"100590","머큐리","40","12373","12333","315960","99432390","99116430"
"068930","디지털대성","0","12312","12312","0","99051630","99051630"
"027360","아주IB투자","32150","57934","25784","120663110","218534845","97871735"
"158430","아톤","0","3187","3187","0","93877900","93877900"
"277810","레인보우로보틱스","0","4534","4534","0","93665050","93665050"
"347770","핌스","0","4870","4870","0","93307700","93307700"
"228850","레이언스","0","8000","8000","0","92761400","92761400"
"067310","하나마이크론","31516","36298","4782","544920900","637024300","92103400"
"317330","덕산테코피아","4468","8395","3927","105119600","197187000","92067400"
"126340","비나텍","287","2545","2258","11335100","101600700","90265600"
"068760","셀트리온제약","12936","13997","1061","1067769100","1156264800","88495700"
"076080","웰크론한텍","0","22463","22463","0","86430160","86430160"
"052670","제일바이오","0","35488","35488","0","83783415","83783415"
"018290","브이티지엠피","3","12372","12369","19950","81502480","81482530"
"095700","제넥신","16593","18887","2294","560801900","641294950","80493050"
"340570","티앤엘","3","2112","2109","113100","78442850","78329750"
"252990","샘씨엔에스","9999","22571","12572","63816600","141623470","77806870"
"041190","우리기술투자","37518","48437","10919","269432350","347053410","77621060"
"067630","HLB생명과학","57897","65864","7967","552563820","630105070","77541250"
"300080","플리토","51","2073","2022","1856400","76576850","74720450"
"234340","세틀뱅크","1","2902","2901","26050","74714700","74688650"
"053030","바이넥스","28192","33448","5256","394195650","468801950","74606300"
"050760","에스폴리텍","33","16628","16595","157750","74366310","74208560"
"036800","나이스정보통신","1314","3881","2567","38242850","112234000","73991150"
"078160","메디포스트","402","3860","3458","8628250","81933650","73305400"
"216050","인크로스","53","2156","2103","1823600","74920800","73097200"
"029960","코엔텍","14496","23272","8776","120102980","192579200","72476220"
"160980","싸이맥스","0","4144","4144","0","71074450","71074450"
"323990","박셀바이오","7814","9493","1679","339376900","409857450","70480550"
"092730","네오팜","1780","4691","2911","42635350","112549100","69913750"
"161580","필옵틱스","0","7864","7864","0","67931830","67931830"
"041930","동아화성","34","6122","6088","371950","67480650","67108700"
"064550","바이오니아","15789","18261","2472","441843700","507284600","65440900"
"241840","에이스토리","14925","16743","1818","383237800","446093800","62856000"
"095660","네오위즈","2460","5568","3108","48214700","109501850","61287150"
"005710","대원산업","247","9690","9443","1497150","59805830","58308680"
"321820","와이더플래닛","0","5135","5135","0","58202800","58202800"
"030530","원익홀딩스","25224","37575","12351","116501495","173248875","56747380"
"134060","이퓨쳐","0","8000","8000","0","55575780","55575780"
"005860","한일사료","19365","26367","7002","177042380","232492810","55450430"
"032940","원익","0","11968","11968","0","55312580","55312580"
"228670","레이","2880","5349","2469","62157700","115147300","52989600"
"067280","멀티캠퍼스","137","1275","1138","6417450","58788300","52370850"
"255220","SG","0","28544","28544","0","51620245","51620245"
"027710","팜스토리","12463","25665","13202","52340560","103592700","51252140"
"030190","NICE평가정보","23836","26507","2671","415012100","465413900","50401800"
"049830","승일","0","4084","4084","0","49777300","49777300"
"357550","석경에이티","0","3000","3000","0","47248150","47248150"
"036810","에프에스티","9412","11737","2325","186810800","232986800","46176000"
"096640","멜파스","0","26056","26056","0","44564805","44564805"
"079940","가비아","0","3272","3272","0","44457250","44457250"
"052260","현대바이오랜드","0","2608","2608","0","42049000","42049000"
"059090","미코","2425","6411","3986","25062350","65856500","40794150"
"353590","오토앤","0","3143","3143","0","40585600","40585600"
"203690","프로스테믹스","0","15407","15407","0","39995230","39995230"
"092600","앤씨앤","0","10000","10000","0","39710420","39710420"
"340350","SK6호스팩","0","18083","18083","0","39452870","39452870"
"412930","미래에셋비전스팩1호","7946","25949","18003","17457790","56876655","39418865"
"290720","푸드나무","39","1622","1583","959400","40148800","39189400"
"064760","티씨케이","8352","8576","224","1171722800","1210114000","38391200"
"134580","탑코미디어","0","4190","4190","0","38065110","38065110"
"084110","휴온스글로벌","3995","5419","1424","101899200","138526550","36627350"
"322780","코퍼스코리아","25148","37130","11982","75040900","111312615","36271715"
"105550","트루윈","0","10000","10000","0","35492250","35492250"
"003310","대주산업","57","9894","9837","215100","35429100","35214000"
"016790","현대사료","0","270","270","0","34992000","34992000"
"393360","신한제8호스팩","0","15498","15498","0","33940620","33940620"
"900290","GRT","0","28000","28000","0","33745000","33745000"
"030520","한글과컴퓨터","255","1921","1666","5137700","38810500","33672800"
"241690","유니테크노","0","3700","3700","0","30525000","30525000"
"024850","피에스엠씨","0","26786","26786","0","29998720","29998720"
"203450","유니온커뮤니티","0","8279","8279","0","29995435","29995435"
"386580","한화플러스제2호스팩","0","12827","12827","0","29694505","29694505"
"151910","SBW생명과학","33912","39604","5692","165731835","194880770","29148935"
"367480","유안타제8호스팩","0","13227","13227","0","29099400","29099400"
"042000","카페24","13013","14788","1775","217118700","246196700","29078000"
"218150","미래생명자원","0","3353","3353","0","28936390","28936390"
"330730","스톤브릿지벤처스","0","4000","4000","0","28800000","28800000"
"009620","삼보산업","0","17090","17090","0","27685800","27685800"
"091440","텔레필드","2750","9521","6771","10392630","37596275","27203645"
"015750","성우하이텍","33023","39297","6274","147700980","174835540","27134560"
"041960","코미팜","28155","31462","3307","226453780","253381950","26928170"
"217820","엔에스","0","2500","2500","0","26827200","26827200"
"115960","연우","0","1217","1217","0","26587550","26587550"
"353490","미래에셋대우스팩 5호","0","11667","11667","0","25678200","25678200"
"220260","켐트로스","12","3037","3025","101250","25756980","25655730"
"058820","CMG제약","73720","82459","8739","221965520","247250060","25284540"
"027050","코리아나","165","6363","6198","668250","25632935","24964685"
"023770","플레이위드","7","1929","1922","91350","24790050","24698700"
"337930","브랜드엑스코퍼레이션","160","3089","2929","1335240","25022900","23687660"
"043260","성호전자","0","15219","15219","0","23653020","23653020"
"098120","마이크로컨텍솔","0","2000","2000","0","23341750","23341750"
"334970","프레스티지바이오로직스","1418","4708","3290","9711110","32418700","22707590"
"092870","엑시콘","8000","10000","2000","93894000","116245000","22351000"
"018000","유니슨","77766","88334","10568","164183740","186376145","22192405"
"053350","이니텍","0","5000","5000","0","22083450","22083450"
"200350","래몽래인","1359","2546","1187","22947600","44912700","21965100"
"391060","엔에이치스팩20호","0","10059","10059","0","21687980","21687980"
"366330","신한제7호스팩","0","9573","9573","0","20932075","20932075"
"262260","에이프로","1","1500","1499","14650","20850000","20835350"
"405640","신한제9호스팩","1433","10940","9507","3145435","23958600","20813165"
"078130","국일제지","64453","71508","7055","181960245","202767640","20807395"
"093190","빅솔론","0","3000","3000","0","20399400","20399400"
"080580","오킨스전자","0","900","900","0","20050000","20050000"
"264660","씨앤지하이테크","0","1625","1625","0","19987150","19987150"
"299660","셀리드","5017","5912","895","108362000","128030900","19668900"
"059100","아이컴포넌트","0","2797","2797","0","19392540","19392540"
"388720","유일로보틱스","0","1000","1000","0","19246450","19246450"
"260930","씨티케이","2883","4934","2051","30690340","49840730","19150390"
"290510","코리아센터","24589","27468","2879","159843180","178888520","19045340"
"159580","제로투세븐","12","2089","2077","109920","19056400","18946480"
"045390","대아티아이","42499","47409","4910","169305365","187844330","18538965"
"203400","에이비온","61","2396","2335","479800","18959880","18480080"
"347700","라이프시맨틱스","0","2500","2500","0","18058320","18058320"
"036830","솔브레인홀딩스","3224","3931","707","82169700","99998000","17828300"
"108230","톱텍","15111","17294","2183","121356650","138890770","17534120"
"377400","하이제6호스팩","0","7963","7963","0","17395760","17395760"
"119500","포메탈","920","4090","3170","4980730","21776070","16795340"
"131370","알서포트","20256","23625","3369","101526130","118051255","16525125"
"123860","아나패스","0","656","656","0","16326550","16326550"
"187870","디바이스이엔지","0","700","700","0","15810000","15810000"
"241710","코스메카코리아","20","1208","1188","269000","16001450","15732450"
"092070","디엔에프","1001","1740","739","20971500","36484950","15513450"
"032680","소프트센","0","5957","5957","0","15159925","15159925"
"415580","상상인제3호스팩","3002","10000","6998","6469310","21599265","15129955"
"002290","삼일기업공사","0","3336","3336","0","15100395","15100395"
"007770","한일화학","0","833","833","0","15077300","15077300"
"340120","하이제5호스팩","0","7338","7338","0","15066280","15066280"
"040420","정상제이엘에스","3000","4979","1979","22920000","37728810","14808810"
"409570","한국제10호스팩","1159","7752","6593","2567185","17054400","14487215"
"060560","홈센타홀딩스","0","8400","8400","0","14252280","14252280"
"252500","세화피앤씨","4394","13065","8671","7551580","21706910","14155330"
"003100","선광","1288","1480","192","93274800","107300000","14025200"
"290670","대보마그네틱","7","311","304","315150","14321150","14006000"
"032190","다우데이타","9362","10420","1058","122837900","136688300","13850400"
"037950","엘컴텍","4526","14254","9728","6526300","20305985","13779685"
"388800","유진스팩7호","0","6143","6143","0","13431965","13431965"
"072990","에이치시티","0","1009","1009","0","13360750","13360750"
"246960","이노테라피","0","1300","1300","0","13057800","13057800"
"340930","유일에너테크","228","1000","772","3682200","16482700","12800500"
"038110","에코플라스틱","2352","6141","3789","8871440","21641950","12770510"
"200710","에이디테크놀로지","0","737","737","0","12462750","12462750"
"033310","엠투엔","17990","20059","2069","109180680","121576450","12395770"
"092190","서울바이오시스","9486","10945","1459","76644670","88348950","11704280"
"276730","제주맥주","0","4455","4455","0","11691955","11691955"
"099390","브레인즈컴퍼니","0","999","999","0","11691800","11691800"
"089230","THE E&M","0","20000","20000","0","11624881","11624881"
"317870","엔바이오니아","0","976","976","0","11380600","11380600"
"099750","이지케어텍","1","294","293","36750","10963850","10927100"
"151860","KG ETS","6","748","742","87600","10920250","10832650"
"008830","대동기어","0","1000","1000","0","10700000","10700000"
"331920","셀레믹스","0","1198","1198","0","10250490","10250490"
"036670","KCI","0","1100","1100","0","10090900","10090900"
"290520","신도기연","0","735","735","0","9940400","9940400"
"014470","부방","0","3776","3776","0","9894180","9894180"
"353070","에이치엠씨제4호스팩","5025","9544","4519","10904250","20733655","9829405"
"056090","에디슨INNO","805","1662","857","8935500","18425800","9490300"
"177830","파버나인","1327","3327","2000","6291325","15696210","9404885"
"039010","현대에이치티","0","940","940","0","8789000","8789000"
"036560","영풍정밀","0","899","899","0","8709480","8709480"
"142760","비엘","2","1500","1498","12280","8704640","8692360"
"388220","하나금융19호스팩","0","3943","3943","0","8632445","8632445"
"100130","동국S&C","858","2459","1601","4449690","12696090","8246400"
"066130","하츠","0","911","911","0","8231320","8231320"
"357580","아모센스","0","499","499","0","8205600","8205600"
"060250","NHN한국사이버결제","29556","30153","597","531405050","539581000","8175950"
"348150","고바이오랩","49","575","526","738550","8863350","8124800"
"192440","슈피겐코리아","8","196","188","342500","8418450","8075950"
"400840","하이제7호스팩","0","3647","3647","0","7941995","7941995"
"115610","이미지스","3335","6567","3232","8234440","16147825","7913385"
"204270","제이앤티씨","11149","12444","1295","66232820","73953160","7720340"
"115450","HLB테라퓨틱스","63","1035","972","490450","8207120","7716670"
"078350","한양디지텍","0","449","449","0","7605750","7605750"
"078020","이베스트투자증권","10555","11603","1048","76231900","83833040","7601140"
"397880","교보11호스팩","0","3457","3457","0","7547110","7547110"
"219550","디와이디","15224","15224","0","59167545","66569155","7401610"
"065710","서호전기","2050","2400","350","41097350","48205300","7107950"
"024940","PN풍년","0","1350","1350","0","6966000","6966000"
"032580","피델릭스","5636","10242","4606","9220220","16088910","6868690"
"332290","누보","0","2234","2234","0","6847210","6847210"
"200780","비씨월드제약","0","555","555","0","6770950","6770950"
"044340","위닉스","51","502","451","750600","7403700","6653100"
"034810","해성산업","0","541","541","0","6630650","6630650"
"016250","SGC이테크건설","0","123","123","0","6545500","6545500"
"263050","유틸렉스","47","535","488","609050","7011850","6402800"
"067390","아스트","6","973","967","39960","6385950","6345990"
"348350","위드텍","0","385","385","0","6074000","6074000"
"164060","이루다","0","1080","1080","0","5982800","5982800"
"200670","휴메딕스","0","301","301","0","5844150","5844150"
"038870","에코바이오","0","765","765","0","5515650","5515650"
"073640","테라사이언스","0","2500","2500","0","5432500","5432500"
"290090","트윔","0","300","300","0","5375650","5375650"
"083790","크리스탈지노믹스","295","1425","1130","1348440","6611005","5262565"
"352910","오비고","0","383","383","0","5245600","5245600"
"010240","흥국","559","1234","675","4291770","9516580","5224810"
"096350","대창솔루션","0","10000","10000","0","5190882","5190882"
"302430","이노메트리","0","406","406","0","5164350","5164350"
"033170","시그네틱스","16467","18000","1533","37947405","43066830","5119425"
"214430","아이쓰리시스템","0","248","248","0","4932400","4932400"
"032540","TJ미디어","425","1223","798","2664530","7576590","4912060"
"058450","일야","0","5602","5602","0","4908224","4908224"
"406760","하나금융21호스팩","0","2233","2233","0","4882870","4882870"
"036180","지더블유바이텍","0","2786","2786","0","4861570","4861570"
"226330","신테카바이오","13","400","387","161850","4759000","4597150"
"208710","바이오로그디바이스","1903","4827","2924","3088015","7584745","4496730"
"215360","우리산업","18","275","257","304700","4617450","4312750"
"343510","하나금융16호스팩","0","1963","1963","0","4296460","4296460"
"082660","코스나인","12830","15980","3150","13842190","18114730","4272540"
"187660","에이디엠코리아","0","1000","1000","0","4250065","4250065"
"286750","나노브릭","620","2120","1500","1675300","5706750","4031450"
"035460","기산텔레콤","39884","38100","-1784","216401060","220296620","3895560"
"376190","엘비루셈","0","405","405","0","3857940","3857940"
"065420","에스아이리소스","6830","10565","3735","6194994","9669663","3474669"
"260970","에스앤디","300","500","200","5752500","9225000","3472500"
"053980","오상자이엘","0","502","502","0","3263360","3263360"
"057680","티사이언티픽","0","1000","1000","0","3000000","3000000"
"073110","엘엠에스","0","317","317","0","2757730","2757730"
"079970","투비소프트","12978","14763","1785","14585600","17252615","2667015"
"043370","피에이치에이","52","354","302","462320","3099990","2637670"
"054780","키이스트","348","606","258","3582050","6057190","2475140"
"221980","케이디켐","0","160","160","0","2433500","2433500"
"344050","신영스팩6호","1","998","997","2260","2240510","2238250"
"025770","한국정보통신","0","282","282","0","2229000","2229000"
"064850","에프앤가이드","0","251","251","0","2138520","2138520"
"270870","뉴트리","0","114","114","0","1933000","1933000"
"133750","메가엠디","1950","2559","609","6510180","8439205","1929025"
"359090","씨엔알리서치","0","1000","1000","0","1920000","1920000"
"109860","동일금속","0","100","100","0","1635000","1635000"
"025320","시노펙스","302","883","581","837880","2416990","1579110"
"03481K","해성산업1우","0","88","88","0","1522400","1522400"
"083500","에프엔에스테크","0","146","146","0","1478900","1478900"
"102370","케이옥션","5243","5262","19","115109850","116402100","1292250"
"272110","케이엔제이","200","290","90","2630000","3886000","1256000"
"226950","올릭스","2","65","63","40250","1290250","1250000"
"095190","이엠코리아","156","506","350","544920","1760350","1215430"
"317850","대모","2210","2390","180","21250330","22410160","1159830"
"367340","DB금융스팩8호","3955","4444","489","8590005","9664580","1074575"
"131970","테스나","48187","47429","-758","2096691400","2097727100","1035700"
"404950","DB금융스팩10호","2129","2510","381","4603815","5460625","856810"
"211270","AP위성","1","52","51","15800","810650","794850"
"196450","코아시아옵틱스","0","300","300","0","747000","747000"
"205470","휴마시스","1173","1237","64","13962800","14692100","729300"
"093640","다믈멀티미디어","0","168","168","0","698880","698880"
"023900","풍국주정","13","54","41","211250","869350","658100"
"037370","EG","642","707","65","7104900","7723350","618450"
"105740","디케이락","16","69","53","186400","792150","605750"
"095910","에스에너지","166","326","160","594485","1173120","578635"
"353060","에이치엠씨제5호스팩","1000","1245","245","2175000","2698025","523025"
"122450","KMH","604","688","84","5241220","5723850","482630"
"224110","에이텍티앤","0","36","36","0","477900","477900"
"066980","이엔코퍼레이션","10","140","130","36650","513800","477150"
"090150","아이윈","0","200","200","0","443000","443000"
"013030","하이록코리아","61","84","23","1148500","1587600","439100"
"048910","대원미디어","6","36","30","88700","521000","432300"
"086890","이수앱지스","106","164","58","765300","1190000","424700"
"216080","제테마","67","91","24","1121700","1543750","422050"
"034950","한국기업평가","0","5","5","0","399500","399500"
"089010","켐트로닉스","1","17","16","24750","412950","388200"
"096610","알에프세미","0","100","100","0","381150","381150"
"206640","바디텍메드","89","115","26","1235600","1604850","369250"
"347860","알체라","7","26","19","133700","494550","360850"
"367360","DB금융스팩9호","0","152","152","0","330600","330600"
"065660","안트로젠","90","105","15","1798150","2126300","328150"
"372290","하나머스트7호스팩","316","435","119","693620","954825","261205"
"342550","케이비제20호스팩","0","111","111","0","244755","244755"
"032620","유비케어","125","160","35","813380","1038400","225020"
"068050","팬엔터테인먼트","0","49","49","0","206640","206640"
"230980","에이트원","0","166","166","0","197600","197600"
"058400","KNN","3","139","136","3780","172890","169110"
"033130","디지틀조선","5","50","45","14950","148245","133295"
"189330","씨이랩","2","9","7","36500","162700","126200"
"353810","이지바이오","0","18","18","0","101160","101160"
"032300","한국파마","30","33","3","877250","977950","100700"
"069510","에스텍","0","11","11","0","89430","89430"
"035810","이지홀딩스","0","12","12","0","54900","54900"
"073560","우리손에프앤지","983","983","0","2428010","2482075","54065"
"072020","중앙백신","0","3","3","0","41550","41550"
"052220","iMBC","0","8","8","0","33400","33400"
"291650","압타머사이언스","381","392","11","3995550","4022900","27350"
"236200","슈프리마","0","1","1","0","23700","23700"
"083930","아바코","0","2","2","0","21250","21250"
"052460","아이크래프트","302","302","0","1238910","1259780","20870"
"130580","나이스디앤비","0","2","2","0","18830","18830"
"045520","크린앤사이언스","45","46","1","578250","591650","13400"
"036030","케이티알파","0","2","2","0","12340","12340"
"114450","KPX생명과학","0","2","2","0","11240","11240"
"333430","일승","1539","1539","0","5611410","5619445","8035"
"226340","본느","552","552","0","1253040","1260415","7375"
"245620","EDGC","0","2","2","0","7175","7175"
"024840","KBI메탈","665","665","0","1463000","1469650","6650"
"053300","한국정보인증","0","1","1","0","6130","6130"
"066700","테라젠이텍스","0","1","1","0","4815","4815"
"064820","케이프","1","2","1","4750","9410","4660"
"011370","서한","3","6","3","4905","9555","4650"
"192410","THQ","111","111","0","536520","541080","4560"
"319400","현대무벡스","0","1","1","0","3525","3525"
"090710","휴림로봇","0","1","1","0","3340","3340"
"256630","포인트엔지니어링","1","2","1","3235","6360","3125"
"214370","케어젠","3787","3777","-10","386040100","386043200","3100"
"043910","자연과환경","73","73","0","151305","153865","2560"
"076610","해성옵틱스","72","72","0","68112","70560","2448"
"051980","중앙디앤엠","0","2","2","0","2040","2040"
"065530","와이어블","23","23","0","83260","84870","1610"
"016600","큐캐피탈","0","1","1","0","715","715"
"159910","스킨앤스킨","0","1","1","0","372","372"
"900260","로스웰","356","356","0","161077","161292","215"
"224060","코디엠","0","1","1","0","186","186"
"020710","시공테크","1","1","0","7340","7440","100"
"006620","동구바이오제약","1","1","0","6980","6980","0"
"087010","펩트론","1","1","0","9160","9160","0"
"086960","한컴MDS","1","1","0","22950","22950","0"
"067290","JW신약","1","1","0","4070","4055","-15"
"099220","SDN","1","0","-1","1880","0","-1880"
"074430","아미노로직스","1","0","-1","2215","0","-2215"
"037330","인지디스플레","1","0","-1","2345","0","-2345"
"123040","엠에스오토텍","1","0","-1","5160","0","-5160"
"140520","대창스틸","189","189","0","708750","703080","-5670"
"214270","FSN","1","0","-1","5830","0","-5830"
"013990","아가방컴퍼니","601","601","0","2305530","2299555","-5975"
"192250","케이사인","3","0","-3","6660","0","-6660"
"078150","HB테크놀러지","4","1","-3","9180","2295","-6885"
"047310","파워로직스","2","1","-1","14000","7000","-7000"
"123010","아이윈플러스","714","714","0","853230","846090","-7140"
"065450","빅텍","1","0","-1","7200","0","-7200"
"195990","에이비프로바이오","10","2","-8","9060","1735","-7325"
"307750","국전약품","1","0","-1","7400","0","-7400"
"038880","아이에이","10","2","-8","9830","1946","-7884"
"013810","스페코","384","384","0","2988090","2980150","-7940"
"185490","아이진","1","0","-1","8610","0","-8610"
"012340","뉴인텍","3","0","-3","9525","0","-9525"
"026150","특수건설","1","0","-1","11550","0","-11550"
"369370","블리츠웨이","213","213","0","970725","958500","-12225"
"139670","키네마스터","1","0","-1","12450","0","-12450"
"033160","엠케이전자","1","0","-1","13850","0","-13850"
"054450","텔레칩스","1","0","-1","16200","0","-16200"
"214870","뉴지랩파마","2","0","-2","18060","0","-18060"
"348030","모비릭스","13","12","-1","203700","184800","-18900"
"251370","와이엠티","1","0","-1","20200","0","-20200"
"338220","뷰노","3","0","-3","30000","0","-30000"
"122350","삼기","143","135","-8","530690","500455","-30235"
"036190","금화피에스시","2","1","-1","62200","31100","-31100"
"214260","라파스","1","0","-1","34750","0","-34750"
"058110","멕아이씨에스","6","0","-6","35160","0","-35160"
"204840","지엘팜텍","1806","1806","0","2167200","2131080","-36120"
"225220","제놀루션","5","2","-3","62500","24850","-37650"
"052600","한네트","485","485","0","3869200","3830500","-38700"
"206400","베노홀딩스","80","74","-6","368400","328950","-39450"
"229000","젠큐릭스","3","0","-3","40500","0","-40500"
"040910","아이씨디","5","1","-4","51250","10200","-41050"
"042520","한스바이오메드","4","0","-4","42200","0","-42200"
"214610","미코바이오메드","6","0","-6","42360","0","-42360"
"071200","인피니트헬스케어","7","0","-7","47390","0","-47390"
"104540","코렌텍","4","0","-4","47600","0","-47600"
"109820","진매트릭스","9","0","-9","48240","0","-48240"
"046210","파나진","13","0","-13","48620","0","-48620"
"200230","텔콘RF제약","26","1","-25","51740","1990","-49750"
"078070","유비쿼스홀딩스","3","0","-3","52500","0","-52500"
"304840","피플바이오","5","0","-5","52750","0","-52750"
"039860","나노엔텍","10","0","-10","59100","0","-59100"
"072870","메가스터디","7","2","-5","82600","23350","-59250"
"251120","바이오에프디엔씨","290","290","0","6539000","6479200","-59800"
"258830","세종메디칼","123","101","-22","449775","377475","-72300"
"148250","알엔투테크놀로지","38","30","-8","382700","309350","-73350"
"263700","케어랩스","9","0","-9","74160","0","-74160"
"052790","액토즈소프트","22","15","-7","233200","158800","-74400"
"047560","이스트소프트","24","18","-6","275000","199650","-75350"
"303530","이노뎁","4","0","-4","75400","0","-75400"
"117670","알파홀딩스","125","95","-30","350185","272620","-77565"
"069410","엔텔스","51","40","-11","395250","317060","-78190"
"156100","엘앤케이바이오","6","0","-6","79200","0","-79200"
"138610","나이벡","4","0","-4","81200","0","-81200"
"253840","수젠텍","8","0","-8","82800","0","-82800"
"242040","나무기술","136","98","-38","323835","238910","-84925"
"108860","셀바스AI","13","0","-13","93600","0","-93600"
"030350","드래곤플라이","45","1","-44","95850","2130","-93720"
"300120","라온피플","9","1","-8","111150","12200","-98950"
"311690","CJ 바이오사이언스","3","0","-3","103500","0","-103500"
"073190","듀오백","36","0","-36","104915","0","-104915"
"175250","아이큐어","45","35","-10","514400","402700","-111700"
"047920","HLB제약","60","45","-15","481730","368410","-113320"
"038070","서린바이오","36","27","-9","481300","366000","-115300"
"084730","팅크웨어","7","0","-7","118300","0","-118300"
"011040","경동제약","55","42","-13","541930","415750","-126180"
"290550","디케이티","52","40","-12","639600","505800","-133800"
"060380","동양에스텍","1961","1961","0","6564630","6422285","-142345"
"032980","바이온","3088","3077","-11","5058905","4890225","-168680"
"066310","큐에스아이","401","401","0","5979850","5803750","-176100"
"217330","싸이토젠","3","0","-3","178000","0","-178000"
"207760","미스터블루","61","32","-29","456200","232920","-223280"
"118990","모트렉스","439","439","0","13838800","13583250","-255550"
"061040","알에프텍","85","42","-43","515950","256720","-259230"
"204020","그리티","2433","2433","0","7221850","6941345","-280505"
"347140","케이프이에스제4호","795","655","-140","1725150","1418150","-307000"
"025550","한국선재","2607","2607","0","14440970","14093310","-347660"
"950190","미투젠","20","0","-20","357250","0","-357250"
"046140","SBS콘텐츠허브","74","19","-55","565600","143800","-421800"
"066430","와이오엠","194","0","-194","459015","0","-459015"
"140070","서플러스글로벌","100","0","-100","471260","0","-471260"
"108380","대양전기공업","38","0","-38","539600","0","-539600"
"086670","비엠티","1500","1500","0","18825000","18125000","-700000"
"121440","골프존뉴딘홀딩스","118","15","-103","1045100","130870","-914230"
"405350","IBKS제17호스팩","439","0","-439","1044245","0","-1044245"
"247660","나노씨엠에스","1596","1600","4","45537150","44426200","-1110950"
"372800","아이티아이즈","99","0","-99","1153350","0","-1153350"
"419270","신영스팩7호","513","0","-513","1154250","0","-1154250"
"205500","액션스퀘어","412","90","-322","1475575","314050","-1161525"
"037400","우리엔터프라이즈","400","0","-400","1164000","0","-1164000"
"273640","와이엠텍","112","42","-70","2024600","745500","-1279100"
"215100","로보로보","6857","6857","0","58674710","57385420","-1289290"
"043220","티에스넥스젠","1000","0","-1000","1421500","0","-1421500"
"047080","한빛소프트","382","43","-339","1689070","186540","-1502530"
"048830","엔피케이","11611","11611","0","29103230","27553410","-1549820"
"299170","더블유에스아이","628","0","-628","1640880","0","-1640880"
"060240","룽투코리아","351","81","-270","2174800","489470","-1685330"
"009520","포스코엠텍","273","0","-273","1837800","0","-1837800"
"089600","나스미디어","88","18","-70","2381300","481750","-1899550"
"068790","DMS","318","0","-318","1925810","0","-1925810"
"110790","크리스에프앤씨","54","4","-50","2209700","159300","-2050400"
"005160","동국산업","660","1","-659","2209455","3385","-2206070"
"391710","엔에이치스팩21호","913","0","-913","2282500","0","-2282500"
"413630","유진스팩8호","1102","0","-1102","2385830","0","-2385830"
"201490","미투온","542","79","-463","2871870","410510","-2461360"
"123420","위메이드플레이","123","19","-104","3083000","464050","-2618950"
"065500","오리엔트정공","1542","0","-1542","3039790","0","-3039790"
"214680","디알텍","2111","0","-2111","3395465","0","-3395465"
"086980","쇼박스","770","143","-627","4150880","747360","-3403520"
"270660","에브리봇","102","0","-102","3411900","0","-3411900"
"119850","지엔씨에너지","864","153","-711","4261290","775125","-3486165"
"214310","에스엘바이오닉스","1127","255","-872","4521465","1025100","-3496365"
"127120","디엔에이링크","933","0","-933","3938120","0","-3938120"
"217270","넵튠","408","121","-287","6066600","1786350","-4280250"
"045660","에이텍","583","255","-328","7952950","3605900","-4347050"
"177350","베셀","12026","12026","0","108183700","103832510","-4351190"
"086040","바이오톡스텍","1780","1117","-663","14871940","9908440","-4963500"
"121600","나노신소재","8130","8032","-98","537341900","532308200","-5033700"
"082270","젬백스","27596","27431","-165","386490650","381441900","-5048750"
"043610","지니뮤직","1231","183","-1048","6031830","891495","-5140335"
"046970","우리로","2227","0","-2227","5188910","0","-5188910"
"083640","인콘","4274","0","-4274","5252665","0","-5252665"
"100790","미래에셋벤처투자","3591","3002","-589","30611520","25296680","-5314840"
"008290","원풍물산","5455","150","-5305","5728545","154700","-5573845"
"019550","SBI인베스트먼트","3238","1","-3237","5715070","1750","-5713320"
"082210","옵트론텍","920","0","-920","5890120","0","-5890120"
"048550","SM C&C","1452","138","-1314","6769920","623085","-6146835"
"138580","비즈니스온","576","0","-576","6163850","0","-6163850"
"190650","코리아에셋투자증권","600","0","-600","6450000","0","-6450000"
"357880","비트나인","505","0","-505","6529150","0","-6529150"
"322180","티라유텍","603","0","-603","6585350","0","-6585350"
"043360","디지아이","3707","2078","-1629","16682115","9995180","-6686935"
"377630","삼성스팩4호","1448","0","-1448","6894225","0","-6894225"
"094480","갤럭시아머니트리","907","3","-904","7135490","23510","-7111980"
"032820","우리기술","2963","0","-2963","7140630","0","-7140630"
"102120","어보브반도체","22255","21814","-441","285505550","278318550","-7187000"
"376180","피코그램","425","0","-425","7198750","0","-7198750"
"413600","키움제6호스팩","2831","0","-2831","7439080","0","-7439080"
"067570","엔브이에이치코리아","1793","0","-1793","7566460","0","-7566460"
"306620","네온테크","1755","0","-1755","7607925","0","-7607925"
"054040","한국컴퓨터","1653","0","-1653","7661655","0","-7661655"
"322310","오로스테크놀로지","401","0","-401","7966250","0","-7966250"
"037460","삼지전자","718","38","-680","8525700","450750","-8074950"
"387310","대신밸런스제10호스팩","3680","0","-3680","8562410","0","-8562410"
"011320","유니크","6487","5227","-1260","46955670","38352890","-8602780"
"365900","브이씨","653","0","-653","8717550","0","-8717550"
"363250","진시스템","4142","3258","-884","42891000","34120350","-8770650"
"079810","디이엔티","1126","0","-1126","8871080","0","-8871080"
"048870","시너지이노베이션","2420","0","-2420","9092420","0","-9092420"
"038390","레드캡투어","436","2","-434","9300200","42100","-9258100"
"336570","대신밸런스제8호스팩","5168","2937","-2231","21663155","12332760","-9330395"
"365270","큐라클","667","104","-563","12418950","1966600","-10452350"
"377330","이지트로닉스","1412","864","-548","25660100","15076800","-10583300"
"142280","녹십자엠에스","2000","0","-2000","12324230","0","-12324230"
"038500","삼표시멘트","32783","30342","-2441","160742265","148326015","-12416250"
"060900","대한그린파워","13502","5","-13497","12645183","4790","-12640393"
"089970","에이피티씨","1290","600","-690","25505350","11866950","-13638400"
"031980","피에스케이홀딩스","19728","18183","-1545","252098050","238194700","-13903350"
"094850","참좋은여행","1164","31","-1133","14674900","390100","-14284800"
"126880","제이엔케이히터","2510","260","-2250","16133770","1667100","-14466670"
"029480","광무","4196","0","-4196","14817185","0","-14817185"
"241820","피씨엘","526","0","-526","15532400","0","-15532400"
"053270","구영테크","15078","10639","-4439","63098135","47540610","-15557525"
"150900","파수","7500","5929","-1571","77599350","61393500","-16205850"
"204620","글로벌텍스프리","6000","0","-6000","16437800","0","-16437800"
"215790","이노인스트루먼트","8694","136","-8558","17620320","283545","-17336775"
"244460","올리패스","2429","0","-2429","18565160","0","-18565160"
"228760","지노믹트리","1687","0","-1687","19507650","0","-19507650"
"011080","형지I&C","18599","0","-18599","19727330","0","-19727330"
"332570","와이팜","3900","116","-3784","20350450","613950","-19736500"
"290650","엘앤씨바이오","17453","16849","-604","654143800","634183600","-19960200"
"289220","자이언트스텝","2120","1327","-793","54629500","33947050","-20682450"
"347740","피엔케이피부임상연구센타","1516","316","-1200","26698600","5446500","-21252100"
"396300","세아메카닉스","3800","0","-3800","21700260","0","-21700260"
"340440","세림B&G","15029","6482","-8547","42678825","20547940","-22130885"
"317240","TS트릴리온","18872","0","-18872","22423230","0","-22423230"
"089790","제이티","2885","0","-2885","23616880","0","-23616880"
"173130","오파스넷","4614","0","-4614","24073370","0","-24073370"
"219130","타이거일렉","1446","0","-1446","25098450","0","-25098450"
"305090","마이크로디지탈","2016","80","-1936","26853700","1060000","-25793700"
"241790","오션브릿지","2000","133","-1867","28000000","1922150","-26077850"
"356860","티엘비","3300","2486","-814","126195000","99431000","-26764000"
"159010","아스플로","1445","0","-1445","29406500","0","-29406500"
"060590","씨티씨바이오","6098","3000","-3098","59936250","29960000","-29976250"
"057540","옴니시스템","13272","0","-13272","30212610","0","-30212610"
"144510","지씨셀","8335","7807","-528","477668800","447137600","-30531200"
"078940","코드네이처","25123","8065","-17058","46518770","15388535","-31130235"
"038290","마크로젠","1860","578","-1282","47562850","15016500","-32546350"
"092460","한라IMS","6000","0","-6000","32895830","0","-32895830"
"196300","애니젠","3000","0","-3000","33550700","0","-33550700"
"088390","이녹스","4323","2753","-1570","88472250","54863400","-33608850"
"251630","브이원텍","3600","0","-3600","33719000","0","-33719000"
"171090","선익시스템","2097","0","-2097","37094900","0","-37094900"
"012700","리드코프","4279","0","-4279","37670580","0","-37670580"
"166480","코아스템","2951","0","-2951","38478300","0","-38478300"
"173940","에프엔씨엔터","4484","0","-4484","39051510","0","-39051510"
"037070","파세코","2201","0","-2201","39078450","0","-39078450"
"382800","지앤비에스엔지니어링","2859","0","-2859","40321400","0","-40321400"
"126600","코프라","14456","8983","-5473","110494380","68986310","-41508070"
"225190","삼양옵틱스","4000","437","-3563","52276050","5774900","-46501150"
"099320","쎄트렉아이","3145","2153","-992","150703050","103586850","-47116200"
"084650","랩지노믹스","14361","7612","-6749","101390020","53980430","-47409590"
"335890","비올","21427","483","-20944","49782150","1120560","-48661590"
"088800","에이스테크","31356","26946","-4410","336969650","287888750","-49080900"
"368770","파이버프로","10449","0","-10449","49505395","0","-49505395"
"354200","엔젠바이오","5823","1000","-4823","60199450","10554350","-49645100"
"088910","동우팜투테이블","43785","29436","-14349","158182140","107325695","-50856445"
"032850","비트컴퓨터","6166","0","-6166","51325540","0","-51325540"
"270520","지엔원에너지","16506","267","-16239","53139955","857825","-52282130"
"086900","메디톡스","8525","8082","-443","1031001300","978125200","-52876100"
"137080","나래나노텍","4740","0","-4740","53984000","0","-53984000"
"144960","뉴파워프라즈마","11078","0","-11078","54411210","0","-54411210"
"053260","금강철강","5660","0","-5660","54938750","0","-54938750"
"099190","아이센스","5378","3552","-1826","162325000","107047950","-55277050"
"092040","아미코젠","15006","13179","-1827","446283200","390908550","-55374650"
"211050","인카금융서비스","3271","0","-3271","57055650","0","-57055650"
"045340","토탈소프트","17240","11440","-5800","150923950","93147850","-57776100"
"046110","한일네트웍스","5790","0","-5790","57824820","0","-57824820"
"101490","에스앤에스텍","19793","17564","-2229","503342150","445220900","-58121250"
"120240","대정화금","2894","0","-2894","58932850","0","-58932850"
"361570","알비더블유","6987","3500","-3487","119402850","60153950","-59248900"
"039560","다산네트웍스","8345","152","-8193","60623930","1131610","-59492320"
"214150","클래시스","107229","102635","-4594","1945391000","1884351250","-61039750"
"127710","아시아경제","22810","0","-22810","61502000","0","-61502000"
"016920","카스","21105","10","-21095","63187610","30800","-63156810"
"041920","메디아나","11830","0","-11830","64358460","0","-64358460"
"032500","케이엠더블유","22488","20614","-1874","715291350","650435550","-64855800"
"050960","수산아이앤티","4600","0","-4600","65607850","0","-65607850"
"119860","다나와","8717","5333","-3384","170345350","103911050","-66434300"
"186230","그린플러스","7113","2605","-4508","105816850","38802950","-67013900"
"294630","서남","22419","0","-22419","68190455","0","-68190455"
"097800","윈팩","43000","0","-43000","73212355","0","-73212355"
"301300","바이브컴퍼니","2317","311","-2006","86625500","11693350","-74932150"
"043150","바텍","12353","10167","-2186","444819450","368035300","-76784150"
"121850","코이즈","26602","7926","-18676","106326450","28589100","-77737350"
"101170","우림피티에스","16204","0","-16204","82445430","0","-82445430"
"082800","비보존 헬스케어","73811","0","-73811","82547570","0","-82547570"
"006910","보성파워텍","12139","0","-12139","83220240","0","-83220240"
"383310","에코프로에이치엔","12022","10136","-1886","521874000","436599600","-85274400"
"377450","리파인","12037","5978","-6059","170431000","84796450","-85634550"
"241520","DSC인베스트먼트","17000","400","-16600","88533100","2080000","-86453100"
"388050","지투파워","5598","760","-4838","101986750","14105000","-87881750"
"179900","유티아이","6000","0","-6000","89200000","0","-89200000"
"079370","제우스","10775","7135","-3640","276935150","185523200","-91411950"
"124500","아이티센","20000","0","-20000","94505000","0","-94505000"
"041460","한국전자인증","15232","2435","-12797","112929920","17699330","-95230590"
"000440","중앙에너비스","3100","0","-3100","97526850","0","-97526850"
"257720","실리콘투","6594","500","-6094","105587050","7987500","-97599550"
"314930","바이오다인","3927","0","-3927","98213400","0","-98213400"
"137950","제이씨케미칼","8543","344","-8199","102340950","4095350","-98245600"
"263720","디앤씨미디어","3727","134","-3593","104851000","3786550","-101064450"
"321550","티움바이오","6565","153","-6412","104760700","2442900","-102317800"
"024060","흥구석유","13117","0","-13117","103443470","0","-103443470"
"053160","프리엠스","22758","13509","-9249","271174500","161280550","-109893950"
"091700","파트론","48898","38898","-10000","542100900","431019050","-111081850"
"060230","소니드","98349","0","-98349","113891920","0","-113891920"
"073540","에프알텍","26336","701","-25635","119613040","3136475","-116476565"
"389140","포바이포","4164","1","-4163","118403950","28550","-118375400"
"217730","강스템바이오텍","34872","0","-34872","122117235","0","-122117235"
"051370","인터플렉스","8058","0","-8058","124091400","0","-124091400"
"018310","삼목에스폼","5516","190","-5326","130540200","4395400","-126144800"
"067990","도이치모터스","37320","25003","-12317","389978450","262093000","-127885450"
"126700","하이비젼시스템","6803","22","-6781","128847050","410600","-128436450"
"183490","엔지켐생명과학","20429","13686","-6743","408664100","277087700","-131576400"
"025980","아난티","69241","51953","-17288","536395260","402373090","-134022170"
"085670","뉴프렉스","36571","13074","-23497","211256020","74462550","-136793470"
"298870","다올인베스트먼트","49451","15344","-34107","200021700","62057350","-137964350"
"302550","리메드","7287","0","-7287","140244550","0","-140244550"
"085660","차바이오텍","40798","32483","-8315","694151000","550896750","-143254250"
"259630","엠플러스","9350","726","-8624","157305800","12296050","-145009750"
"277410","인산가","63500","0","-63500","148340485","0","-148340485"
"264450","유비쿼스","11752","5358","-6394","275497150","125793600","-149703550"
"268600","셀리버리","19970","14484","-5486","548546950","397379800","-151167150"
"333620","엔시스","8850","0","-8850","155120550","0","-155120550"
"297090","씨에스베어링","15742","3453","-12289","205190500","45271650","-159918850"
"315640","딥노이드","17000","1000","-16000","172847750","10398500","-162449250"
"036540","SFA반도체","98069","72132","-25937","604363550","441189540","-163174010"
"314130","지놈앤컴퍼니","8047","376","-7671","171131250","7885300","-163245950"
"067900","와이엔텍","47468","32552","-14916","546270850","377008200","-169262650"
"049080","기가레인","79861","6895","-72966","186063740","16109115","-169954625"
"042420","네오위즈홀딩스","6180","1274","-4906","214232250","44010450","-170221800"
"065440","이루온","140102","82960","-57142","419557060","248627545","-170929515"
"022100","포스코 ICT","75203","46089","-29114","448535650","275605070","-172930580"
"317690","퀀타매트릭스","27808","0","-27808","173440960","0","-173440960"
"102710","이엔에프테크놀로지","24768","19578","-5190","844313900","670608450","-173705450"
"043650","국순당","17993","0","-17993","176246530","0","-176246530"
"082920","비츠로셀","15273","957","-14316","188407300","11927100","-176480200"
"308080","바이젠셀","9352","700","-8652","191180850","14337450","-176843400"
"010170","대한광통신","76280","279","-76001","177689065","652665","-177036400"
"051360","토비스","25866","5305","-20561","226130860","45991000","-180139860"
"059120","아진엑스텍","15949","0","-15949","185906400","0","-185906400"
"148150","세경하이테크","13853","4502","-9351","285939500","92882850","-193056650"
"122990","와이솔","27429","9537","-17892","296697950","103581550","-193116400"
"288980","모아데이타","21198","5000","-16198","257551100","61165050","-196386050"
"078890","가온미디어","18890","1084","-17806","213506600","12441700","-201064900"
"108490","로보티즈","12000","1000","-11000","222025000","19400000","-202625000"
"357230","에이치피오","19367","1999","-17368","227856750","23556550","-204300200"
"330860","네패스아크","8515","3490","-5025","353245500","145831850","-207413650"
"194700","노바렉스","6500","865","-5635","243150600","32473250","-210677350"
"115440","우리넷","21551","25","-21526","214875530","252200","-214623330"
"352480","씨앤씨인터내셔널","14271","3821","-10450","294251550","79121950","-215129600"
"019990","에너토크","14448","0","-14448","215743300","0","-215743300"
"353190","휴럼","141303","12079","-129224","235564980","19626670","-215938310"
"288330","브릿지바이오테라퓨틱스","24149","4156","-19993","265599250","47170250","-218429000"
"340360","다보링크","159249","39347","-119902","290160345","70066265","-220094080"
"288620","에스퓨얼셀","8644","1117","-7527","254059750","33512500","-220547250"
"052020","에스티큐브","39266","1","-39265","222068220","5720","-222062500"
"149980","하이로닉","27500","3563","-23937","257575980","33640620","-223935360"
"035600","KG이니시스","27474","13531","-13943","441074150","216514700","-224559450"
"297890","HB솔루션","17086","3970","-13116","298990050","68394100","-230595950"
"049070","인탑스","13667","7496","-6171","521036900","287277550","-233759350"
"317830","에스피시스템스","31967","4855","-27112","283692320","42585060","-241107260"
"104460","디와이피엔에프","6809","0","-6809","241425600","0","-241425600"
"376930","노을","35994","0","-35994","242580670","0","-242580670"
"021080","에이티넘인베스트","60002","0","-60002","247250505","0","-247250505"
"083650","비에이치아이","52344","2000","-50344","262647485","10055010","-252592475"
"065370","위세아이텍","20644","0","-20644","254521750","0","-254521750"
"236810","엔비티","15724","500","-15224","264692750","8396500","-256296250"
"039840","디오","22169","13586","-8583","680384150","420543950","-259840200"
"361390","제노코","8928","33","-8895","267142700","983850","-266158850"
"199800","툴젠","4171","0","-4171","266579200","0","-266579200"
"243070","휴온스","12415","5323","-7092","479235650","206411350","-272824300"
"014200","광림","106355","13665","-92690","312999330","38945320","-274054010"
"051500","CJ프레시웨이","54292","45590","-8702","2085828550","1809626900","-276201650"
"282880","코윈테크","11257","1587","-9670","323628050","46045650","-277582400"
"370090","퓨런티어","16315","0","-16315","278533550","0","-278533550"
"083450","GST","13776","3895","-9881","391912100","110611950","-281300150"
"048530","인트론바이오","47466","28818","-18648","739220100","451768550","-287451550"
"019210","와이지-원","61806","28197","-33609","537078460","249298120","-287780340"
"277880","티에스아이","27055","1305","-25750","304067750","14969550","-289098200"
"101360","이엔드디","12161","1091","-11070","317889150","28382850","-289506300"
"046120","오르비텍","35714","174","-35540","291974110","1402000","-290572110"
"232680","라온테크","21100","4945","-16155","388174500","90110250","-298064250"
"067000","조이시티","56559","8165","-48394","356009310","51279590","-304729720"
"235980","메드팩토","24012","12638","-11374","649686200","343535100","-306151100"
"094170","동운아나텍","61171","4653","-56518","338606020","26359770","-312246250"
"104620","노랑풍선","28091","0","-28091","316679700","0","-316679700"
"220100","퓨쳐켐","25910","5975","-19935","420704900","97418000","-323286900"
"101160","월덱스","30507","17325","-13182","776833350","446658350","-330175000"
"050890","쏠리드","50365","281","-50084","332257000","1865070","-330391930"
"036200","유니셈","70643","35885","-34758","709132870","361221670","-347911200"
"039440","에스티아이","20968","2762","-18206","403013450","53476200","-349537250"
"094820","일진파워","18134","2713","-15421","425867700","64442700","-361425000"
"080160","모두투어","30622","12610","-18012","625681000","255513750","-370167250"
"208140","정다운","130000","0","-130000","374738320","0","-374738320"
"036890","진성티이씨","60001","27999","-32002","717858700","336931900","-380926800"
"294570","쿠콘","15785","6068","-9717","633006000","242968400","-390037600"
"221840","하이즈항공","67137","4104","-63033","424638650","25280220","-399358430"
"121800","비덴트","38793","6550","-32243","493243350","83924350","-409319000"
"021880","메이슨캐피탈","472223","86","-472137","411378505","77658","-411300847"
"053580","웹케시","18498","4","-18494","418137200","88800","-418048400"
"174900","앱클론","33585","592","-32993","435395400","7688900","-427706500"
"065350","신성델타테크","37192","2113","-35079","457104350","26200250","-430904100"
"189300","인텔리안테크","7095","1590","-5505","565437700","125673400","-439764300"
"336060","웨이버스","236310","44611","-191699","542178725","100513330","-441665395"
"285490","노바텍","13650","853","-12797","483184500","30430700","-452753800"
"145020","휴젤","17812","13791","-4021","2038051500","1577300600","-460750900"
"243840","신흥에스이씨","25543","17440","-8103","1508539200","1026840400","-481698800"
"246710","티앤알바이오팹","25990","1434","-24556","514148400","28322550","-485825850"
"237880","클리오","29019","1899","-27120","533778950","35296400","-498482550"
"046890","서울반도체","73181","33689","-39492","924212750","423442300","-500770450"
"225570","넥슨게임즈","33817","8009","-25808","671512600","159969150","-511543450"
"179290","엠아이텍","64485","7999","-56486","613314400","76453250","-536861150"
"054950","제이브이엠","36322","4118","-32204","607997150","69290000","-538707150"
"371950","풍원정밀","30627","1307","-29320","585045850","24633450","-560412400"
"051160","지어소프트","38798","2666","-36132","624193950","42387950","-581806000"
"091120","이엠텍","15920","53","-15867","585849350","1975300","-583874050"
"034230","파라다이스","132250","91795","-40455","1958330000","1365400500","-592929500"
"054210","이랜텍","36278","5077","-31201","737251650","102332050","-634919600"
"240810","원익IPS","137623","119308","-18315","5182159300","4532630400","-649528900"
"230360","에코마케팅","55112","17562","-37550","976075250","311697650","-664377600"
"276040","스코넥","52262","850","-51412","687464400","11190150","-676274250"
"298540","더네이쳐홀딩스","32747","10567","-22180","1021039000","331538950","-689500050"
"306040","에스제이그룹","38315","9689","-28626","945609550","238492900","-707116650"
"058970","엠로","99594","57848","-41746","1714638350","1003581250","-711057100"
"099430","바이오플러스","30095","738","-29357","736216000","18149550","-718066450"
"039200","오스코텍","50653","19716","-30937","1229617200","479721450","-749895750"
"272290","이녹스첨단소재","64647","47592","-17055","2962778950","2202060350","-760718600"
"377480","마인즈랩","43436","1999","-41437","822480300","37769900","-784710400"
"084370","유진테크","36822","17207","-19615","1482154650","695489350","-786665300"
"230240","에치에프알","40890","15730","-25160","1284962500","495564650","-789397850"
"052710","아모텍","29678","0","-29678","810372400","0","-810372400"
"278280","천보","18778","15605","-3173","4899631000","4086463000","-813168000"
"348210","넥스틴","12800","596","-12204","854179400","40131400","-814048000"
"039030","이오테크닉스","21538","13536","-8002","2217929300","1396195200","-821734100"
"265520","AP시스템","47145","9365","-37780","1050090750","207580250","-842510500"
"078600","대주전자재료","23871","13103","-10768","1884163300","1029889600","-854273700"
"253450","스튜디오드래곤","53179","42464","-10715","4294654000","3429131100","-865522900"
"046390","삼화네트웍스","200204","23","-200181","872695880","101590","-872594290"
"206560","덱스터","69367","12166","-57201","1093550300","192126900","-901423400"
"089980","상아프론테크","35166","11382","-23784","1346359850","436379000","-909980850"
"060150","인선이엔티","113231","20411","-92820","1145474600","209138400","-936336200"
"060720","KH바텍","69909","17668","-52241","1318403650","333846050","-984557600"
"253590","네오셈","278711","24353","-254358","1106245230","97694010","-1008551220"
"137400","피엔티","41772","18045","-23727","1849340100","796953800","-1052386300"
"287410","제이시스메디칼","206285","68061","-138224","1583119830","527967350","-1055152480"
"036010","아비코전자","99130","1271","-97859","1162739250","15248950","-1147490300"
"377030","맥스트","86061","11154","-74907","1328457550","174772200","-1153685350"
"089030","테크윙","87739","26235","-61504","1747967200","530910700","-1217056500"
"036930","주성엔지니어링","111304","46584","-64720","2322935250","976737700","-1346197550"
"294090","이오플로우","67378","186","-67192","1371294950","3768650","-1367526300"
"376980","원티드랩","50334","2182","-48152","1466096000","64006550","-1402089450"
"160550","NEW","170575","370","-170205","1438073280","3194830","-1434878450"
"064260","다날","207460","38779","-168681","1816612220","341199000","-1475413220"
"200130","콜마비앤에이치","69019","19790","-49229","2088006900","600340550","-1487666350"
"182400","엔케이맥스","95976","15859","-80117","1817390800","312996350","-1504394450"
"069080","웹젠","139953","61961","-77992","2801376800","1247873550","-1553503250"
"182360","큐브엔터","109514","1615","-107899","1590321800","22744950","-1567576850"
"299030","하나기술","29439","744","-28695","1624880000","41178900","-1583701100"
"299900","위지윅스튜디오","58636","339","-58297","1678980500","9697350","-1669283150"
"256840","한국비엔씨","238057","35919","-202138","2002302580","304589540","-1697713040"
"382840","원준","19151","1362","-17789","1917095200","136421500","-1780673700"
"195940","HK이노엔","59437","11843","-47594","2236040450","446163700","-1789876750"
"237690","에스티팜","30561","10616","-19945","2823646700","981517100","-1842129600"
"078340","컴투스","38762","17101","-21661","3378422100","1487416500","-1891005600"
"086520","에코프로","47830","24484","-23346","3993810900","2040492300","-1953318600"
"074600","원익QnC","127718","64175","-63543","4079535150","2062147700","-2017387450"
"095340","ISC","106001","45875","-60126","3666951700","1648629600","-2018322100"
"293490","카카오게임즈","256091","220119","-35972","14437748500","12414381100","-2023367400"
"106240","파인테크닉스","174585","7466","-167119","2122270800","91022300","-2031248500"
"348370","엔켐","31348","3414","-27934","2429484600","265233100","-2164251500"
"025900","동화기업","47906","16848","-31058","3495416000","1249843800","-2245572200"
"131290","티에스이","40731","10606","-30125","3063431600","813368300","-2250063300"
"005290","동진쎄미켐","164558","106600","-57958","6535795950","4235749200","-2300046750"
"063170","서울옥션","130573","23875","-106698","2986241300","544957550","-2441283750"
"122870","와이지엔터테인먼트","136722","92027","-44695","7500043100","5026040000","-2474003100"
"058470","리노공업","41167","25316","-15851","6661817600","4166804700","-2495012900"
"215000","골프존","17001","3020","-13981","3055251700","542349200","-2512902500"
"196170","알테오젠","91162","31502","-59660","4458543250","1551611100","-2906932150"
"041510","에스엠","225056","173048","-52008","13548803100","10535033500","-3013769600"
"035760","CJ ENM","38191","10402","-27789","4541579500","1239918700","-3301660800"
"247540","에코프로비엠","40797","31761","-9036","19069772700","14945302000","-4124470700"
"108320","LX세미콘","68335","33716","-34619","8552291100","4211196700","-4341094400"
"066970","엘앤에프","97027","73033","-23994","20658587900","15686745200","-4971842700"
"141080","레고켐바이오","201567","33998","-167569","7036707150","1194048000","-5842659150"
"298380","에이비엘바이오","406489","95956","-310533","8663384200","2027137500","-6636246700"
"376300","디어유","297220","48258","-248962","10950522600","1780562300","-9169960300"
"112040","위메이드","189923","37780","-152143","13097395100","2618831200","-10478563900"