종목코드,종목명,거래량_매도,거래량_매수,거래량_순매수,거래대금_매도,거래대금_매수,거래대금_순매수
"066970","엘앤에프","112024","164591","52567","21664695400","31866965200","10202269800"
"222800","심텍","226467","350203","123736","11893962200","18387031000","6493068800"
"006910","보성파워텍","2731748","3964544","1232796","13698727185","20133762355","6435035170"
"091990","셀트리온헬스케어","145190","240880","95690","9115300600","15172526600","6057226000"
"041510","에스엠","158850","238412","79562","11727089500","17653151300","5926061800"
"063080","컴투스홀딩스","48174","81717","33543","6418859100","10906239400","4487380300"
"068760","셀트리온제약","16745","54128","37383","1459727200","4696361400","3236634200"
"096530","씨젠","296059","356970","60911","14957376750","18120900700","3163523950"
"048410","현대바이오","284657","377807","93150","9067423000","12015208250","2947785250"
"122870","와이지엔터테인먼트","68826","112692","43866","4486800100","7366688100","2879888000"
"036930","주성엔지니어링","677805","772430","94625","17385389000","19899580300","2514191300"
"067000","조이시티","906516","1194127","287611","8544190220","11050861860","2506671640"
"121800","비덴트","160273","296807","136534","2528915450","4676300500","2147385050"
"064260","다날","268088","484007","215919","2643009940","4763958440","2120948500"
"311390","네오크레마","37573","132407","94834","833067400","2930246000","2097178600"
"100790","미래에셋벤처투자","58169","245096","186927","606591150","2555650550","1949059400"
"078600","대주전자재료","26930","47790","20860","2381642700","4241451800","1859809100"
"085370","루트로닉","33186","119320","86134","694424250","2497914550","1803490300"
"289220","자이언트스텝","27960","68570","40610","1228376300","2996046550","1767670250"
"069080","웹젠","22887","90544","67657","517051600","2060915000","1543863400"
"253450","스튜디오드래곤","11272","29401","18129","958852500","2498128500","1539276000"
"196170","알테오젠","45209","72441","27232","2373085000","3810798200","1437713200"
"243840","신흥에스이씨","6019","31273","25254","322798300","1666010200","1343211900"
"299900","위지윅스튜디오","41259","78892","37633","1460423450","2802063250","1341639800"
"028300","HLB","442475","484338","41863","13744461350","15036964900","1292503550"
"081150","티플랙스","1521442","1793548","272106","7476264910","8763923695","1287658785"
"067630","HLB생명과학","53681","174361","120680","569774100","1853029050","1283254950"
"092040","아미코젠","14333","61508","47175","359942900","1551767550","1191824650"
"025980","아난티","101235","226897","125662","933816310","2090823500","1157007190"
"183490","엔지켐생명과학","37554","73152","35598","1205463000","2352471050","1147008050"
"058630","엠게임","135453","250413","114960","1259888350","2332485580","1072597230"
"056190","에스에프에이","50428","78017","27589","1924656150","2972012350","1047356200"
"094480","갤럭시아머니트리","37870","145549","107679","365847970","1409285480","1043437510"
"149980","하이로닉","284043","384755","100712","2956586370","3958274380","1001688010"
"078340","컴투스","33189","41096","7907","3639131600","4507833500","868701900"
"047820","초록뱀미디어","277166","618849","341683","695683595","1555525975","859842380"
"094850","참좋은여행","31140","88616","57476","464598700","1321219150","856620450"
"195940","HK이노엔","11845","31389","19544","502907850","1338599350","835691500"
"104620","노랑풍선","44972","93872","48900","713267650","1502431700","789164050"
"377030","맥스트","10234","28936","18702","431882700","1213474550","781591850"
"256840","한국비엔씨","238641","285054","46413","3666114200","4416384100","750269900"
"299660","셀리드","12938","35724","22786","415310150","1164902600","749592450"
"078130","국일제지","64303","264892","200589","238298205","981164270","742866065"
"222080","씨아이에스","177563","230623","53060","2395418050","3128427150","733009100"
"032280","삼일","35147","306111","270964","92720140","806437825","713717685"
"278280","천보","19843","22355","2512","5598851200","6311092600","712241400"
"019990","에너토크","566583","615426","48843","8796462750","9504703100","708240350"
"235980","메드팩토","19571","39730","20159","661590400","1362301150","700710750"
"215100","로보로보","966836","1030053","63217","10326639750","10998544400","671904650"
"053610","프로텍","9309","32116","22807","274208450","942013300","667804850"
"060560","홈센타홀딩스","87724","622806","535082","109304515","775368690","666064175"
"052600","한네트","42694","124477","81783","344212130","1001488830","657276700"
"230240","에치에프알","84727","107585","22858","2481046200","3133081250","652035050"
"318020","포인트모바일","21160","54831","33671","403956850","1047089350","643132500"
"121600","나노신소재","17064","28956","11892","919670300","1558193900","638523600"
"099320","쎄트렉아이","16919","32097","15178","702212600","1332132550","629919950"
"084650","랩지노믹스","21893","49536","27643","488711350","1110101300","621389950"
"086980","쇼박스","109488","233218","123730","543669690","1152037935","608368245"
"007390","네이처셀","121102","157278","36176","1907891450","2490964200","583072750"
"131290","티에스이","6988","15700","8712","438443000","985227300","546784300"
"100090","삼강엠앤티","34852","63897","29045","629865600","1158896150","529030550"
"185490","아이진","15816","58922","43106","190637000","714139650","523502650"
"051490","나라엠앤디","9965","68816","58851","86555190","599509350","512954160"
"274090","켄코아에어로스페이스","17050","56754","39704","217990050","721424400","503434350"
"357880","비트나인","29214","61799","32585","451570950","953601750","502030800"
"228670","레이","10923","33135","22212","237323350","720488600","483165250"
"950220","네오이뮨텍(Reg.S)","10438","86555","76117","65920670","548971670","483051000"
"014200","광림","59736","323071","263335","108551895","588492915","479941020"
"033640","네패스","26190","43136","16946","738101850","1216324000","478222150"
"376290","씨유테크","49767","117977","68210","353176460","828380800","475204340"
"307750","국전약품","28271","87873","59602","220492440","686065450","465573010"
"241690","유니테크노","26087","78537","52450","223108190","683350820","460242630"
"246710","티앤알바이오팹","5349","18323","12974","187933450","643879250","455945800"
"376300","디어유","24684","35240","10556","1088626650","1543894450","455267800"
"114450","KPX생명과학","17668","91134","73466","108167530","557689090","449521560"
"032500","케이엠더블유","17767","32092","14325","547046200","990886700","443840500"
"128540","에코캡","230584","276120","45536","2312523650","2741890570","429366920"
"192250","케이사인","117929","293588","175659","283343680","705420910","422077230"
"026150","특수건설","23173","64021","40848","238860850","656226200","417365350"
"225590","패션플랫폼","68168","283898","215730","132725655","548906155","416180500"
"044480","블루베리 NFT","101120","201517","100397","420486955","835620200","415133245"
"227950","엔투텍","221762","438614","216852","414229945","827168250","412938305"
"038620","위즈코프","115689","371604","255915","185102445","594628900","409526455"
"043910","자연과환경","151433","482826","331393","185124480","592580400","407455920"
"095500","미래나노텍","172735","227197","54462","1319011250","1726047750","407036500"
"065660","안트로젠","8378","24376","15998","210433450","612254250","401820800"
"078890","가온미디어","11492","43508","32016","141436550","535935400","394498850"
"258830","세종메디칼","327266","416906","89640","1441663805","1835849335","394185530"
"032300","한국파마","5691","17111","11420","195461150","587992200","392531050"
"101730","위메이드맥스","164896","177575","12679","4694368300","5085260350","390892050"
"067990","도이치모터스","71125","117372","46247","586821110","969109780","382288670"
"089150","케이씨티","27244","86896","59652","175133610","556817780","381684170"
"100130","동국S&C","150018","213602","63584","913098160","1294303240","381205080"
"044060","조광ILI","9135","54759","45624","75545750","454309660","378763910"
"018000","유니슨","137195","281664","144469","363109630","739942415","376832785"
"131370","알서포트","42643","104007","61364","257057300","629567040","372509740"
"104480","티케이케미칼","181997","250084","68087","987387090","1349818510","362431420"
"039200","오스코텍","29289","41402","12113","873431850","1233993200","360561350"
"245620","EDGC","678962","771914","92952","2832861275","3191230815","358369540"
"057540","옴니시스템","21303","193140","171837","43573405","396620125","353046720"
"027710","팜스토리","2061352","2214319","152967","5711315840","6057097820","345781980"
"215000","골프존","9525","11812","2287","1426563300","1772067400","345504100"
"083790","크리스탈지노믹스","7067","67950","60883","40325040","385404990","345079950"
"195990","에이비프로바이오","39617","506860","467243","28789628","369927516","341137888"
"189330","씨이랩","2486","17338","14852","57161200","397049800","339888600"
"294570","쿠콘","10969","17896","6927","542343500","879749250","337405750"
"140520","대창스틸","248600","337866","89266","921870035","1258324595","336454560"
"099220","SDN","239666","407972","168306","466124475","790479715","324355240"
"039840","디오","13741","23715","9974","443513150","766963250","323450100"
"289080","SV인베스트먼트","23491","111440","87949","83627150","397248200","313621050"
"147830","제룡산업","30207","117382","87175","108145165","421275610","313130445"
"032860","휴먼엔","79969","164467","84498","312270450","624685830","312415380"
"330350","위더스제약","1361","32305","30944","13439020","323502700","310063680"
"382800","지앤비에스엔지니어링","12487","28458","15971","239375000","546765500","307390500"
"053950","경남제약","741714","826006","84292","3106513940","3412977015","306463075"
"160550","NEW","34505","63281","28776","367566300","671028900","303462600"
"051500","CJ프레시웨이","7409","15296","7887","280786450","579710150","298923700"
"171090","선익시스템","3860","21679","17819","64788050","363620600","298832550"
"101360","이엔드디","3944","17302","13358","87536600","385356800","297820200"
"308080","바이젠셀","2892","14626","11734","72657200","369246400","296589200"
"050890","쏠리드","31775","79772","47997","197043120","489701520","292658400"
"043220","에이치엘비파워","43624","228828","185204","67665920","357159010","289493090"
"095700","제넥신","16761","23004","6243","765143850","1054133200","288989350"
"141080","레고켐바이오","27249","33874","6625","1175343050","1459846600","284503550"
"067290","JW신약","55889","122458","66569","239543165","522950095","283406930"
"059120","아진엑스텍","49967","72974","23007","615934750","897388300","281453550"
"086890","이수앱지스","12442","56065","43623","81077710","361712260","280634550"
"082660","코스나인","58896","296358","237462","68783055","348184940","279401885"
"033160","엠케이전자","13577","32235","18658","202632200","480845800","278213600"
"216080","제테마","3231","16755","13524","67085800","345098900","278013100"
"213420","덕산네오룩스","46017","53218","7201","1772190000","2049844250","277654250"
"046890","서울반도체","76224","97028","20804","1008921700","1285189300","276267600"
"126700","하이비젼시스템","30498","44249","13751","612044150","885382700","273338550"
"106520","노블엠앤비","175806","240986","65180","903054590","1171941050","268886460"
"019590","엠벤처투자","23380","219930","196550","32001650","299891940","267890290"
"184230","SGA솔루션즈","108553","298893","190340","150028040","416028685","266000645"
"217270","넵튠","9132","22871","13739","178301000","444216450","265915450"
"023410","유진기업","16941","73962","57021","78502280","342846230","264343950"
"090360","로보스타","31325","42550","11225","734331700","997203750","262872050"
"179290","엠아이텍","37413","76923","39510","250718920","512066690","261347770"
"227610","아우딘퓨쳐스","116726","279214","162488","195601625","454570810","258969185"
"262260","에이프로","21894","36339","14445","401849400","660241950","258392550"
"024810","이화전기","34584","235809","201225","44042355","301002995","256960640"
"064800","젬백스링크","197647","361501","163854","306431955","556073950","249641995"
"236810","엔비티","11230","24735","13505","207482300","456301600","248819300"
"103840","우양","29295","75407","46112","158850320","406662580","247812260"
"051360","토비스","13677","39539","25862","130968140","377714570","246746430"
"052400","코나아이","59143","68191","9048","1581504700","1827362550","245857850"
"025550","한국선재","246228","303370","57142","1137272500","1382305030","245032530"
"036540","SFA반도체","122394","160157","37763","795042650","1039979870","244937220"
"297090","씨에스베어링","38360","54947","16587","592406400","834594450","242188050"
"115480","씨유메디칼","95851","296728","200877","114328700","354633810","240305110"
"031330","에스에이엠티","24314","83127","58813","98677475","337578295","238900820"
"226440","한송네오텍","194047","334688","140641","329963805","567740650","237776845"
"115450","HLB테라퓨틱스","50968","66693","15725","746182850","982100950","235918100"
"004590","한국가구","18010","59025","41015","105168770","339200320","234031550"
"042110","에스씨디","132691","252387","119696","257077225","490054275","232977050"
"086450","동국제약","12553","23734","11181","261956600","493252200","231295600"
"208710","바이오로그디바이스","170094","283648","113554","357119990","588236380","231116390"
"102710","이엔에프테크놀로지","23956","31945","7989","665165550","895306400","230140850"
"217600","켐온","31131","120278","89147","79583620","309030065","229446445"
"353810","이지바이오","210663","257355","46692","1065230800","1294005185","228774385"
"039290","인포뱅크","19950","33039","13089","349104800","574690400","225585600"
"038070","서린바이오","7018","20774","13756","113583150","338345350","224762200"
"036890","진성티이씨","11136","35697","24561","102427440","327121030","224693590"
"317240","TS트릴리온","1293936","1461854","167918","1691771040","1915466675","223695635"
"261200","덴티스","3474","28963","25489","30300970","253007150","222706180"
"203650","드림시큐리티","60142","113390","53248","248323240","468349530","220026290"
"061040","알에프텍","5664","46184","40520","30821910","250230340","219408430"
"054620","APS홀딩스","10674","30065","19391","119259650","337975250","218715600"
"101160","월덱스","20224","29433","9209","485394500","703878350","218483850"
"340360","다보링크","5682","136853","131171","9332575","226804835","217472260"
"030530","원익홀딩스","24684","72361","47677","111743055","328728630","216985575"
"020180","대신정보통신","87753","258149","170396","112378740","328916695","216537955"
"089010","켐트로닉스","10512","18683","8171","277828850","493849750","216020900"
"347860","알체라","3894","12684","8790","96119150","312010600","215891450"
"048470","대동스틸","43079","77977","34898","270836200","486544360","215708160"
"078860","아이오케이","25339","210063","184724","29457900","243239060","213781160"
"037370","EG","7661","25312","17651","92059750","303452650","211392900"
"317870","엔바이오니아","5558","21673","16115","71795450","281861650","210066200"
"065440","이루온","62077","164452","102375","126996510","336337345","209340835"
"175250","아이큐어","1833","17996","16163","23497000","231351950","207854950"
"348370","엔켐","16043","18528","2485","1387260400","1593914900","206654500"
"033320","제이씨현시스템","10009","41082","31073","66297350","272332520","206035170"
"041140","넥슨지티","18523","30471","11948","317710650","522086300","204375650"
"086960","한컴MDS","14989","26486","11497","265208350","468650650","203442300"
"080720","한국유니온제약","7299","29740","22441","66845540","269148730","202303190"
"037070","파세코","115064","123301","8237","2135888450","2337469900","201581450"
"086040","바이오톡스텍","23326","48590","25264","187558560","389111130","201552570"
"038530","골드퍼시픽","43028","228705","185677","46594100","245976820","199382720"
"068330","일신바이오","21486","83446","61960","68763825","267077520","198313695"
"096040","이트론","495320","1080970","585650","168555142","366730492","198175350"
"265560","영화테크","5828","17327","11499","101372150","298652450","197280300"
"053080","원방테크","3228","19934","16706","38173800","234883500","196709700"
"382480","지아이텍","3420","13450","10030","66984850","263653350","196668500"
"347770","핌스","21911","29997","8086","529759950","724198700","194438750"
"037950","엘컴텍","252677","384019","131342","382953670","577233670","194280000"
"066910","손오공","28757","115019","86262","63769320","256433540","192664220"
"305090","마이크로디지탈","3046","17428","14382","41164300","233701350","192537050"
"122350","삼기","28901","71782","42881","129511865","321822730","192310865"
"267320","나인테크","40140","99170","59030","131016450","323156770","192140320"
"241710","코스메카코리아","8501","21008","12507","130201800","318653950","188452150"
"171010","램테크놀러지","12846","39707","26861","89688730","277699260","188010530"
"052300","초록뱀컴퍼니","41590","228387","186797","41624887","228977613","187352726"
"090410","덕신하우징","46369","150612","104243","83183775","270352750","187168975"
"138080","오이솔루션","4000","10836","6836","109778450","296946050","187167600"
"211270","AP위성","53158","67157","13999","701263150","887401900","186138750"
"084110","휴온스글로벌","3072","9240","6168","92268700","277107350","184838650"
"032580","피델릭스","162509","272465","109956","268543665","450632890","182089225"
"096350","대창솔루션","280200","671207","391007","129920522","311758603","181838081"
"108320","LX세미콘","36979","38559","1580","4192443500","4373085600","180642100"
"057880","피에이치씨","3689306","3816009","126703","7656200470","7835756925","179556455"
"153710","옵티팜","7065","24263","17198","75174850","251807050","176632200"
"052670","제일바이오","27714","90845","63131","77787440","252907575","175120135"
"051160","지어소프트","4638","15415","10777","73764650","245398550","171633900"
"065500","오리엔트정공","71961","154390","82429","149944740","320385550","170440810"
"339950","아이비김영","16918","80094","63176","45499350","215532735","170033385"
"042040","케이피엠테크","23737","227905","204168","19656371","189034544","169378173"
"039440","에스티아이","7708","17501","9793","133225500","302405050","169179550"
"001540","안국약품","5928","21666","15738","63066100","232019000","168952900"
"038460","바이오스마트","29005","59674","30669","155636910","320150000","164513090"
"263700","케어랩스","1806","22050","20244","14593320","178317010","163723690"
"340570","티앤엘","13127","17276","4149","523606850","687016650","163409800"
"052420","오성첨단소재","7023","80198","73175","15615230","178841830","163226600"
"053450","세코닉스","15522","31676","16154","156251490","319397260","163145770"
"083640","인콘","8780","137818","129038","11100475","173052260","161951785"
"096640","멜파스","49275","232460","183185","42919524","204543639","161624115"
"306620","네온테크","451536","500948","49412","1779473900","1941015405","161541505"
"063440","SM Life Design","56792","119511","62719","148502935","309449355","160946420"
"086710","선진뷰티사이언스","8644","17609","8965","158184000","318546200","160362200"
"126600","코프라","25077","45556","20479","197104510","357287380","160182870"
"054300","팬스타엔터프라이즈","11372","197527","186155","9630663","168328095","158697432"
"027830","대성창투","54743","117568","62825","142168930","300835985","158667055"
"123010","폴라리스웍스","144028","232672","88644","246033305","403904250","157870945"
"040350","큐로컴","49523","186415","136892","57350110","214324275","156974165"
"340930","유일에너테크","7161","14911","7750","143587300","298706950","155119650"
"098460","고영","90794","98913","8119","1714868850","1869791000","154922150"
"282880","코윈테크","13893","19526","5633","386062700","540598950","154536250"
"045100","한양이엔지","4852","14868","10016","74142250","228523250","154381000"
"049830","승일","12629","23831","11202","175402500","328104500","152702000"
"082800","비보존 헬스케어","43822","193491","149669","45034050","197580130","152546080"
"263050","유틸렉스","2218","10881","8663","38881900","191008650","152126750"
"041960","코미팜","19569","37990","18421","160343000","312057250","151714250"
"251630","브이원텍","8564","24938","16374","79861790","231572860","151711070"
"026040","제이에스티나","19551","65781","46230","65241775","216232705","150990930"
"163730","핑거","8354","16356","8002","157987200","308435400","150448200"
"061250","화일약품","26843","88890","62047","64295835","214720925","150425090"
"082270","젬백스","23303","33214","9911","354255950","503821750","149565800"
"009520","포스코엠텍","53511","74036","20525","397120830","546449440","149328610"
"060240","룽투코리아","74698","98133","23435","483438040","632762240","149324200"
"219420","링크제니시스","4640","24300","19660","34614430","181352230","146737800"
"021080","에이티넘인베스트","45757","77087","31330","221422905","367995500","146572595"
"045390","대아티아이","74404","105409","31005","349320945","495458395","146137450"
"049950","미래컴퍼니","3590","9615","6025","87483500","233319650","145836150"
"217730","강스템바이오텍","8523","56479","47956","26302355","171843065","145540710"
"294090","이오플로우","11769","19010","7241","241207100","386380300","145173200"
"187420","제노포커스","3622","24388","20766","25068340","169503080","144434740"
"197140","디지캡","4288","40084","35796","17528470","161952790","144424320"
"174900","앱클론","3819","15033","11214","48739300","192109550","143370250"
"059210","메타바이오메드","3698","58317","54619","9624160","152269300","142645140"
"002290","삼일기업공사","6408","39565","33157","27506455","169296715","141790260"
"033500","동성화인텍","26152","38866","12714","286436300","426518850","140082550"
"067160","아프리카TV","24678","25616","938","3395885200","3533644900","137759700"
"331920","셀레믹스","155","13226","13071","1618050","138208350","136590300"
"034940","조아제약","9174","47318","38144","32446060","167860995","135414935"
"021320","KCC건설","7723","24278","16555","63924760","198879940","134955180"
"190510","나무가","20887","33010","12123","232217150","366633050","134415900"
"234100","세원","29019","67902","38883","99118975","232044660","132925685"
"060540","에스에이티","20414","68250","47836","55608950","187813985","132205035"
"084730","팅크웨어","6858","14986","8128","114350150","245906750","131556600"
"144510","지씨셀","12100","13990","1890","814346900","943137200","128790300"
"123420","선데이토즈","22283","27763","5480","543229300","671492250","128262950"
"052790","액토즈소프트","7348","17965","10617","89736600","217979450","128242850"
"314130","지놈앤컴퍼니","857","5820","4963","22397900","150596600","128198700"
"071670","에이테크솔루션","4347","13778","9431","59538300","187175800","127637500"
"054780","키이스트","23367","33765","10398","290961800","418479600","127517800"
"056080","유진로봇","257369","285114","27745","1298127200","1424515680","126388480"
"049480","오픈베이스","187655","226836","39181","605008975","730029610","125020635"
"080520","오디텍","4920","22151","17231","35529260","160125440","124596180"
"134580","탑코미디어","3293","21698","18405","22192230","146679740","124487510"
"333620","엔시스","3058","9803","6745","56055200","179896000","123840800"
"047080","한빛소프트","12005","38669","26664","55323230","178068550","122745320"
"125210","아모그린텍","2583","14653","12070","26079350","148084150","122004800"
"290090","트윔","1945","8678","6733","35239650","157118900","121879250"
"027580","상보","33409","100577","67168","59385555","178981345","119595790"
"033560","블루콤","3112","13310","10198","36415550","155928650","119513100"
"207760","미스터블루","2854","17572","14718","23149380","142488790","119339410"
"105330","케이엔더블유","2213","13161","10948","23978400","142559550","118581150"
"232140","와이아이케이","9462","31749","22287","50075900","167822890","117746990"
"158430","아톤","1885","5561","3676","60624700","178293250","117668550"
"041590","젬백스지오","187686","242491","54805","393669960","509204805","115534845"
"017510","세명전기","5470","32501","27031","23164685","137854055","114689370"
"080010","이상네트웍스","792","16242","15450","5914100","119917700","114003600"
"200230","텔콘RF제약","4815","57324","52509","10307830","122747150","112439320"
"042600","새로닉스","12160","17552","5392","251494700","362976550","111481850"
"028080","휴맥스홀딩스","1475","27041","25566","6373225","116928260","110555035"
"066130","하츠","5635","17545","11910","51604650","160578330","108973680"
"376180","피코그램","2245","9162","6917","35063050","144004300","108941250"
"131220","대한과학","2688","15685","12997","22365440","130832850","108467410"
"045300","성우테크론","3764","23640","19876","20465830","128593460","108127630"
"045340","토탈소프트","13896","30662","16766","87756960","195195670","107438710"
"239340","줌인터넷","30793","54522","23729","141730150","248248570","106518420"
"263860","지니언스","25714","36310","10596","252463830","358840980","106377150"
"294140","레몬","4754","25372","20618","24455470","130630190","106174720"
"099410","동방선기","9741","36557","26816","38323720","144430600","106106880"
"290670","대보마그네틱","16082","18101","2019","815558550","921446300","105887750"
"069410","엔텔스","3850","16837","12987","31223360","136917500","105694140"
"073110","엘엠에스","8089","19828","11739","71418200","177075880","105657680"
"004780","대륙제관","5705","26311","20606","29303550","134843110","105539560"
"214370","케어젠","2169","3981","1812","126117400","231583400","105466000"
"170790","파이오링크","2308","9568","7260","33431850","137928200","104496350"
"053580","웹케시","4844","9036","4192","119483050","223152350","103669300"
"037030","파워넷","8751","31289","22538","39842260","142839505","102997245"
"311320","지오엘리먼트","1896","6755","4859","40182250","142145150","101962900"
"043650","국순당","26655","35676","9021","293336150","395298450","101962300"
"040160","누리플렉스","12146","25660","13514","93766640","195510590","101743950"
"064480","브리지텍","5211","22930","17719","29772690","130751920","100979230"
"322780","코퍼스코리아","4822","39442","34620","14160800","114909665","100748865"
"189690","포시에스","1808","12726","10918","16618300","117293390","100675090"
"133750","메가엠디","8566","35677","27111","31796030","132323820","100527790"
"246690","TS인베스트먼트","3801","45545","41744","9159260","109484200","100324940"
"101170","우림피티에스","39724","60681","20957","194354390","294554605","100200215"
"226950","올릭스","2846","6523","3677","77875350","178042200","100166850"
"042510","라온시큐어","73173","100925","27752","262623060","362597400","99974340"
"298060","에스씨엠생명과학","2385","9391","7006","33402600","131716000","98313400"
"352910","오비고","2936","9910","6974","41006100","138195950","97189850"
"094940","푸른기술","6348","17567","11219","54982470","152006350","97023880"
"095190","이엠코리아","13676","42020","28344","46966045","143722650","96756605"
"036810","에프에스티","6754","11464","4710","139495150","236103900","96608750"
"038950","파인디지털","8169","21971","13802","57493600","152813150","95319550"
"277880","티에스아이","9282","17824","8542","102833800","197008800","94175000"
"032680","소프트센","116437","152876","36439","294781115","388749715","93968600"
"096690","에이루트","65820","242942","177122","34551226","127532556","92981330"
"098120","마이크로컨텍솔","9456","18105","8649","101195800","193686800","92491000"
"317530","캐리소프트","14039","24883","10844","118688900","211140950","92452050"
"011370","서한","56279","116958","60679","85724110","178046665","92322555"
"950130","엑세스바이오","43266","48847","5581","703498450","795688250","92189800"
"036200","유니셈","13214","21253","8039","148878650","240003850","91125200"
"242040","나무기술","16145","52383","36238","40022145","129539105","89516960"
"054540","삼영엠텍","14105","33701","19596","64218945","153434435","89215490"
"035810","이지홀딩스","25590","47963","22373","102236435","191091610","88855175"
"012340","뉴인텍","34589","60888","26299","117474260","206298760","88824500"
"011040","경동제약","409870","425340","15470","4717276450","4805344200","88067750"
"227100","에이치앤비디자인","38231","50879","12648","253660570","341612310","87951740"
"236200","슈프리마","430","4037","3607","10342600","97217550","86874950"
"035200","프럼파스트","4617","21351","16734","23807310","110192030","86384720"
"086670","비엠티","12192","19624","7432","141525650","227642850","86117200"
"290690","소룩스","22827","29789","6962","266955700","352603750","85648050"
"102120","어보브반도체","1748","8814","7066","21157700","106403150","85245450"
"182400","엔케이맥스","53964","59992","6028","846120650","931342900","85222250"
"131180","딜리","16020","57202","41182","32926345","117708890","84782545"
"300120","라온피플","1357","7953","6596","17295700","101206350","83910650"
"066670","디스플레이텍","3543","15900","12357","23726740","106346430","82619690"
"066700","테라젠이텍스","1475","17573","16098","7518270","90073750","82555480"
"095910","에스에너지","8264","30637","22373","30502800","112878790","82375990"
"076610","해성옵틱스","220537","317305","96768","191276802","272904097","81627295"
"357580","아모센스","5575","10514","4939","92661300","174079000","81417700"
"094360","칩스앤미디어","17876","22054","4178","355657900","436666100","81008200"
"039240","경남스틸","65850","87220","21370","250982095","331912570","80930475"
"131400","이브이첨단소재","31281","88133","56852","44703650","125613635","80909985"
"321550","티움바이오","1121","6102","4981","18032300","98431400","80399100"
"288620","에스퓨얼셀","3238","6722","3484","74478750","154870300","80391550"
"101390","아이엠","3286","16099","12813","20544150","100750010","80205860"
"088910","동우팜투테이블","21117","46314","25197","67149490","146852455","79702965"
"036090","위지트","102262","167828","65566","124914310","204485100","79570790"
"241790","오션브릿지","3085","8417","5332","46143850","125687850","79544000"
"230360","에코마케팅","25948","30562","4614","454288700","533705350","79416650"
"027050","코리아나","20635","40419","19784","82451155","161309215","78858060"
"177350","베셀","485048","505086","20038","2404102140","2482406600","78304460"
"086820","바이오솔루션","696","5092","4396","12376750","90605750","78229000"
"138580","비즈니스온","734","7983","7249","7927450","85864200","77936750"
"142210","유니트론텍","3128","15899","12771","19001530","96573060","77571530"
"204630","스튜디오산타클로스","1782","9132","7350","18618250","96075750","77457500"
"054920","한컴위드","4586","15078","10492","33603260","110476090","76872830"
"074600","원익QnC","23772","26841","3069","604004600","680794150","76789550"
"033100","제룡전기","9738","25796","16058","46363260","123102185","76738925"
"018680","서울제약","5506","17436","11930","35052160","111564510","76512350"
"054180","메디콕스","24271","117860","93589","19933856","96051872","76118016"
"079190","EMW","128874","185583","56709","178908155","254615085","75706930"
"226360","KH E&T","58797","153483","94686","46359210","121586718","75227508"
"297570","알로이스","24527","59150","34623","53436945","128619190","75182245"
"067770","세진티에스","2978","21227","18249","12441105","87564645","75123540"
"109080","옵티시스","4501","9298","4797","69845400","144831750","74986350"
"382840","원준","1082","1885","803","100422700","174765700","74343000"
"042520","한스바이오메드","198","6170","5972","2442600","76429050","73986450"
"048870","시너지이노베이션","6175","26879","20704","22122840","95723460","73600620"
"040420","정상제이엘에스","16616","26040","9424","129803500","203288540","73485040"
"007370","진양제약","4049","15190","11141","26497880","99905740","73407860"
"200780","비씨월드제약","1033","6824","5791","13074650","86187550","73112900"
"041460","한국전자인증","31022","40102","9080","260118500","332508900","72390400"
"012790","신일제약","85569","96753","11184","921699050","993787980","72088930"
"217820","엔에스","2374","10196","7822","22016790","93863360","71846570"
"217500","러셀","22771","40052","17281","95474845","167271755","71796910"
"073490","이노와이어리스","8962","10756","1794","356788350","428295300","71506950"
"036560","영풍정밀","2678","10593","7915","24047440","95086060","71038620"
"075130","플랜티넷","3297","13844","10547","22089460","92897520","70808060"
"288330","브릿지바이오테라퓨틱스","506","6654","6148","5781050","75963050","70182000"
"053700","삼보모터스","6461","20465","14004","32727585","102864440","70136855"
"053590","한국테크놀로지","537597","630611","93014","467493503","537508476","70014973"
"289010","아이스크림에듀","788","12239","11451","4802870","74532710","69729840"
"199820","제일전기공업","534","5449","4915","7550450","77242000","69691550"
"109820","진매트릭스","13553","24099","10546","88091900","157122850","69030950"
"263800","데이타솔루션","4237","17331","13094","22228440","91075190","68846750"
"060370","KT서브마린","4522","18021","13499","22945290","91419285","68473995"
"290380","대유","8189","20809","12620","44486200","112702390","68216190"
"361570","알비더블유","1212","4843","3631","22698150","90894850","68196700"
"067730","로지시스","5621","16219","10598","36201520","104256350","68054830"
"048910","대원미디어","5835","9897","4062","98122250","165999450","67877200"
"038290","마크로젠","289","2929","2640","7397400","75068600","67671200"
"244460","올리패스","1531","10278","8747","11614160","78834590","67220430"
"054630","에이디칩스","77832","251716","173884","30015680","97165939","67150259"
"258610","이더블유케이","7279","21712","14433","34273380","101296275","67022895"
"035620","바른손이앤에이","1641","51773","50132","2175740","69137475","66961735"
"023770","플레이위드","1576","8500","6924","15165970","81895980","66730010"
"037330","인지디스플레","5631","30420","24789","15138140","81571565","66433425"
"065710","서호전기","1078","4217","3139","22892200","89116550","66224350"
"079170","한창산업","866","8372","7506","7603890","73714030","66110140"
"032080","아즈텍WB","13267","35278","22011","39109255","103644610","64535355"
"014570","고려제약","1141","8877","7736","9409770","73737220","64327450"
"138610","나이벡","2390","5641","3251","47491950","111711550","64219600"
"049180","셀루메드","3688","14653","10965","21727150","85939200","64212050"
"204020","그리티","22015","44815","22800","61480420","125219985","63739565"
"076080","웰크론한텍","6950","24722","17772","24862390","88409085","63546695"
"053980","오상자이엘","4183","13036","8853","29796000","92702180","62906180"
"058110","멕아이씨에스","15717","23140","7423","133722730","196489910","62767180"
"111870","KH 일렉트론","4961","100319","95358","3239249","65698129","62458880"
"013990","아가방컴퍼니","15810","31501","15691","63072070","125518365","62446295"
"102940","코오롱생명과학","5198","7131","1933","168835650","231199750","62364100"
"074430","아미노로직스","2166","34294","32128","4207670","66513035","62305365"
"095340","ISC","22427","24419","1992","694865000","757131500","62266500"
"094840","슈프리마에이치큐","6974","15455","8481","50998260","113189550","62191290"
"121440","골프존뉴딘홀딩스","36149","43934","7785","297132040","359316250","62184210"
"102370","케이옥션","2111","4840","2729","47932050","109773600","61841550"
"044340","위닉스","654","4016","3362","11965550","73545250","61579700"
"013720","CBI","203437","218459","15022","548994595","610543180","61548585"
"011320","유니크","4408","16018","11610","23716970","84788930","61071960"
"303030","지니틱스","29169","52766","23597","76173820","136757090","60583270"
"068050","팬엔터테인먼트","6148","19642","13494","27381195","87728645","60347450"
"115570","스타플렉스","2531","14881","12350","12407945","72485015","60077070"
"058820","CMG제약","161868","180392","18524","522143100","582006135","59863035"
"047310","파워로직스","8698","17277","8579","60366070","119883140","59517070"
"166480","코아스템","1716","5785","4069","25420800","84657700","59236900"
"073570","WI","54771","114086","59315","54366154","113595176","59229022"
"029480","릭스솔루션","32124","101896","69772","27279596","86141512","58861916"
"109610","에스와이","30103","46701","16598","106658910","165287960","58629050"
"315640","딥노이드","6213","10976","4763","76083650","134624400","58540750"
"067900","와이엔텍","3032","7672","4640","38314900","96833200","58518300"
"083450","GST","4442","6246","1804","144342850","202597050","58254200"
"357550","석경에이티","1313","5330","4017","19078150","76983150","57905000"
"254120","자비스","3476","33596","30120","6601245","64153670","57552425"
"302550","리메드","943","3588","2645","20150850","76836450","56685600"
"265520","AP시스템","23702","26278","2576","526056800","582572700","56515900"
"119860","다나와","3887","6395","2508","87542700","143819200","56276500"
"334970","프레스티지바이오로직스","5103","12851","7748","37051670","93041880","55990210"
"297890","HB솔루션","4169","7557","3388","71185800","127061800","55876000"
"200350","래몽래인","2296","5727","3431","37407300","93190900","55783600"
"046310","백금T&A","4200","19350","15150","15372595","70265780","54893185"
"225220","제놀루션","1335","5848","4513","16133750","70905000","54771250"
"206560","덱스터","90379","93351","2972","1772358000","1826641100","54283100"
"083660","CSA 코스믹","1900","28643","26743","3860790","57978850","54118060"
"046940","우원개발","225","13050","12825","945640","55002455","54056815"
"187870","디바이스이엔지","150","2556","2406","3382200","57211850","53829650"
"049080","기가레인","5284","31135","25851","10836160","64057315","53221155"
"010470","오리콤","3137","11915","8778","19143890","72309230","53165340"
"006620","동구바이오제약","2102","9560","7458","14974280","68004870","53030590"
"024940","PN풍년","6256","19701","13445","24603530","77602580","52999050"
"372800","아이티아이즈","2419","6296","3877","32978750","85962750","52984000"
"260660","알리코제약","2768","9893","7125","20352290","73317860","52965570"
"264850","이랜시스","17221","32214","14993","60066340","112894445","52828105"
"237750","피앤씨테크","15547","23288","7741","108202610","160914680","52712070"
"036030","케이티알파","1754","10415","8661","10678750","63306210","52627460"
"006140","피제이전자","394","6788","6394","3250670","55857330","52606660"
"053350","이니텍","6455","17711","11256","29659770","81694910","52035140"
"238090","앤디포스","452","6978","6526","3589580","55616520","52026940"
"059090","미코","9184","13807","4623","103103750","154982600","51878850"
"099440","스맥","31913","60299","28386","58694035","110287645","51593610"
"010240","흥국","787","8706","7919","5110470","56658870","51548400"
"017480","삼현철강","9088","17509","8421","55511450","106870850","51359400"
"356860","티엘비","1362","2987","1625","43947550","95246100","51298550"
"025320","시노펙스","33713","53119","19406","89879195","141173720","51294525"
"120240","대정화금","856","3824","2968","14793300","65958500","51165200"
"148250","알엔투테크놀로지","1432","5818","4386","16398400","66505950","50107550"
"038680","에스넷","5876","13112","7236","40728210","90399230","49671020"
"067570","엔브이에이치코리아","3949","16934","12985","15005885","64109360","49103475"
"154040","솔루에타","8360","24657","16297","25690685","74417395","48726710"
"214610","미코바이오메드","6090","12940","6850","42828320","91536500","48708180"
"089230","THE E&M","21419","95565","74146","14171590","62874876","48703286"
"043610","지니뮤직","3187","13441","10254","15083825","63680030","48596205"
"043340","에쎈테크","60767","101999","41232","71582665","120031520","48448855"
"225190","삼양옵틱스","134","4507","4373","1478550","49907300","48428750"
"066900","디에이피","4429","16532","12103","17875095","66266330","48391235"
"037350","성도이엔지","1917","11463","9546","9693070","57898730","48205660"
"222160","바이옵트로","6257","12156","5899","52128630","100299490","48170860"
"353190","휴럼","22698","54795","32097","34035195","82154210","48119015"
"033200","모아텍","863","7305","6442","6425840","54366400","47940560"
"012620","원일특강","1898","5582","3684","24453200","72177200","47724000"
"083310","엘오티베큠","913","4281","3368","12835400","60154150","47318750"
"115960","연우","6223","8257","2034","145208150","191926200","46718050"
"215360","우리산업","769","3411","2642","13544050","60234550","46690500"
"234300","에스트래픽","7791","18994","11203","32812590","79366630","46554040"
"215480","토박스코리아","45299","79180","33881","62329350","108868620","46539270"
"168330","내츄럴엔도텍","7284","15050","7766","43089470","89622200","46532730"
"104460","디와이피엔에프","4972","6312","1340","179498750","224775300","45276550"
"066620","국보디자인","733","3165","2432","13613550","58772800","45159250"
"030350","드래곤플라이","251846","272947","21101","520251195","564240600","43989405"
"049470","SGA","3806","45942","42136","3973480","47923650","43950170"
"317120","라닉스","2741","8166","5425","22164500","65981890","43817390"
"035610","솔본","4277","13335","9058","20721355","64236875","43515520"
"240810","원익IPS","164584","165493","909","5847122100","5890615950","43493850"
"174880","장원테크","4001","23971","19970","8682890","52091750","43408860"
"060310","3S","13764","28010","14246","41959240","85001800","43042560"
"900280","골든센츄리","21457","139697","118240","7785479","50764486","42979007"
"100700","세운메디칼","5081","16356","11275","19249290","62215345","42966055"
"033230","인성정보","41082","57858","16776","102920480","145502235","42581755"
"365900","브이씨","13455","16634","3179","184429350","226961950","42532600"
"087010","펩트론","1450","5998","4548","13557590","55914500","42356910"
"361670","삼영에스앤씨","546","5186","4640","4952690","47055350","42102660"
"217190","제너셈","1359","5942","4583","12468940","54448600","41979660"
"036690","코맥스","3618","13602","9984","15372740","57202525","41829785"
"304840","피플바이오","1136","4949","3813","12461950","54129150","41667200"
"023600","삼보판지","1060","4097","3037","14640950","56301750","41660800"
"060480","국일신동","4030","15614","11584","14414765","55957790","41543025"
"228760","지노믹트리","722","4534","3812","7907150","49341650","41434500"
"078650","지나인제약","9905","25970","16065","25709050","67055185","41346135"
"082850","우리바이오","3453","15805","12352","11589890","52834855","41244965"
"051780","큐로홀딩스","529032","589810","60778","386202473","426900083","40697610"
"294630","서남","5351","18587","13236","16315370","56887345","40571975"
"043360","디지아이","1483","13424","11941","5014005","45348405","40334400"
"054950","제이브이엠","271","3125","2854","3821800","43841850","40020050"
"025440","대성엘텍","5353","57382","52029","4116925","44097912","39980987"
"061970","엘비세미콘","31373","34995","3622","349086100","389035200","39949100"
"016600","큐캐피탈","141036","208145","67109","82407982","121577593","39169611"
"290510","코리아센터","20323","26896","6573","122967500","162105470","39137970"
"045970","코아시아","4009","8692","4683","34311660","73413520","39101860"
"115160","휴맥스","2318","11753","9435","9671905","48725990","39054085"
"091580","상신이디피","7427","10203","2776","108691150","147507300","38816150"
"126340","비나텍","1067","2125","1058","39936550","78732250","38795700"
"309930","오하임아이엔티","9323","19899","10576","34821615","73562310","38740695"
"043260","성호전자","51628","76973","25345","78045520","116285210","38239690"
"323230","엠에프엠코리아","19138","48644","29506","24882405","63093330","38210925"
"053280","예스24","8382","13454","5072","62517010","100398210","37881200"
"001840","이화공영","14378","21956","7578","71687520","109535130","37847610"
"252990","샘씨엔에스","14719","20713","5994","93904990","131231760","37326770"
"203690","프로스테믹스","550","14989","14439","1412625","38352780","36940155"
"263020","디케이앤디","43925","52025","8100","186110445","222982295","36871850"
"089850","유비벨록스","24442","26701","2259","403349000","439935650","36586650"
"122690","서진오토모티브","8382","18600","10218","29304760","65746780","36442020"
"021650","한국큐빅","25096","34386","9290","94922855","131205990","36283135"
"094860","네오리진","56487","101606","45119","45027916","81140268","36112352"
"255440","야스","1381","4341","2960","17095900","52914900","35819000"
"066590","우수AMS","1898","11118","9220","7371735","43089340","35717605"
"095270","웨이브일렉트로","7521","13654","6133","43704990","79261530","35556540"
"225570","넷게임즈","22969","24926","1957","383212200","418544400","35332200"
"023900","풍국주정","2910","5007","2097","49432900","84764200","35331300"
"200470","에이팩트","46","6930","6884","236790","35386450","35149660"
"071200","인피니트헬스케어","6731","12217","5486","43948910","78988350","35039440"
"154030","아시아종묘","11835","18255","6420","64539020","99512360","34973340"
"093520","매커스","21147","25582","4435","175815700","210650490","34834790"
"104540","코렌텍","131","3485","3354","1355100","36083400","34728300"
"900120","씨케이에이치","490044","613374","123330","143564081","178001266","34437185"
"170030","현대공업","6726","12094","5368","43012380","77219220","34206840"
"950200","소마젠","0","5049","5049","0","34157420","34157420"
"054940","엑사이엔씨","39639","67346","27707","48158835","81784530","33625695"
"234690","녹십자웰빙","2025","5668","3643","18713950","52230580","33516630"
"109860","동일금속","1230","3319","2089","19567050","53016850","33449800"
"009300","삼아제약","837","2838","2001","13937100","47232550","33295450"
"053270","구영테크","5764","17830","12066","15792815","48901590","33108775"
"072520","제넨바이오","44979","58540","13561","109936260","143009160","33072900"
"237820","플레이디","5557","10134","4577","39593800","72463510","32869710"
"093380","풍강","13322","21457","8135","53572435","86416785","32844350"
"045510","정원엔시스","4583","21437","16854","8889480","41564030","32674550"
"036170","클라우드에어","26905","51397","24492","36137060","68716450","32579390"
"078160","메디포스트","7593","9302","1709","144661750","177202800","32541050"
"308100","까스텔바작","1294","4802","3508","11922490","44088410","32165920"
"148150","세경하이테크","4072","5420","1348","97400400","128894400","31494000"
"196490","디에이테크놀로지","32081","37425","5344","191581100","222824720","31243620"
"322510","제이엘케이","7309","12496","5187","43992110","75192810","31200700"
"038870","에코바이오","690","5644","4954","4290440","35173520","30883080"
"320000","윈텍","1847","12689","10842","5143510","35810260","30666750"
"016790","현대사료","18739","20922","2183","316643400","347188100","30544700"
"044180","KD","8060","38362","30302","8048008","38379660","30331652"
"228850","레이언스","1608","4237","2629","18409550","48512450","30102900"
"005160","동국산업","11881","20746","8865","39975330","69937805","29962475"
"347700","라이프시맨틱스","1761","5455","3694","14408820","44256280","29847460"
"080160","모두투어","35185","36461","1276","852024250","881725900","29701650"
"032800","판타지오","1522","51568","50046","905513","30443525","29538012"
"361390","제노코","75719","76824","1105","1989768350","2018842350","29074000"
"273640","와이엠텍","829","1703","874","27408350","56415700","29007350"
"019540","일지테크","5414","14293","8879","17329690","45982270","28652580"
"033130","디지틀조선","15335","25442","10107","44459770","72860530","28400760"
"201490","미투온","36049","41023","4974","200150830","228477990","28327160"
"187790","나노","13464","30473","17009","22526910","50766315","28239405"
"136480","하림","37479","47078","9599","109062680","137120375","28057695"
"037230","한국팩키지","6497","13982","7485","24171495","52088500","27917005"
"060570","드림어스컴퍼니","3071","9550","6479","13251505","41021990","27770485"
"204620","글로벌텍스프리","27519","35768","8249","92828055","120460725","27632670"
"054930","유신","377","1976","1599","6540800","33862600","27321800"
"051980","중앙디앤엠","162798","228103","65305","67819634","94892845","27073211"
"286750","나노브릭","7355","17213","9858","20114400","47040810","26926410"
"052220","iMBC","5496","11834","6338","23210790","49712875","26502085"
"258790","소프트캠프","9433","19958","10525","23621125","49653075","26031950"
"190650","코리아에셋투자증권","5094","7023","1929","63135200","89073800","25938600"
"065950","웰크론","5345","11742","6397","21333520","46834565","25501045"
"040610","SG&G","5155","16537","11382","11322675","36508275","25185600"
"082210","옵트론텍","7535","11146","3611","52804630","77977420","25172790"
"006050","국영지앤엠","2207","18179","15972","3468825","28475700","25006875"
"039420","케이엘넷","3222","10683","7461","10714375","35357610","24643235"
"126640","화신정공","14561","28128","13567","26570190","51192965","24622775"
"256940","케이피에스","371","2818","2447","3740530","28261200","24520670"
"127710","아시아경제","27465","35564","8099","83986275","108309545","24323270"
"263750","펄어비스","118053","118295","242","11194336600","11218476100","24139500"
"311690","CJ 바이오사이언스","624","1270","646","23355750","47450050","24094300"
"119850","지엔씨에너지","47932","53427","5495","218772235","242717695","23945460"
"348210","넥스틴","1971","2394","423","107944900","131689500","23744600"
"007680","대원","9408","12049","2641","89369940","113087050","23717110"
"267790","배럴","613","3164","2551","5636000","29206820","23570820"
"205100","엑셈","5567","11613","6046","21668310","45224540","23556230"
"037460","삼지전자","1387","3532","2145","15144400","38626550","23482150"
"348030","모비릭스","748","2141","1393","12843900","36249650","23405750"
"179900","유티아이","3045","4841","1796","39235050","62489450","23254400"
"187270","신화콘텍","2357","7951","5594","9745795","32914915","23169120"
"160980","싸이맥스","1856","3289","1433","30000050","53114550","23114500"
"038390","레드캡투어","2394","3361","967","55888300","78770300","22882000"
"001000","신라섬유","5260","15521","10261","11832655","34695050","22862395"
"086060","진바이오텍","761","5748","4987","3471310","26276415","22805105"
"389030","지니너스","1046","3259","2213","10466220","33156160","22689940"
"013030","하이록코리아","4038","5346","1308","70366650","92754300","22387650"
"127120","디엔에이링크","4655","11516","6861","15113015","37309725","22196710"
"007820","에스엠코어","676","4089","3413","4327580","26199900","21872320"
"284620","카이노스메드","3336","14950","11614","6222470","27907345","21684875"
"057030","YBM넷","9680","13173","3493","58039530","79629950","21590420"
"026910","광진실업","8361","13201","4840","38364985","59941985","21577000"
"050110","캠시스","12335","24977","12642","21117950","42544610","21426660"
"347890","엠투아이","3519","5889","2370","31783320","53016880","21233560"
"090850","현대이지웰","2757","4862","2105","27396760","48618610","21221850"
"010170","대한광통신","30698","41305","10607","61345400","82471330","21125930"
"065650","메디프론","6436","16529","10093","13542905","34528285","20985380"
"012700","리드코프","2291","4831","2540","18762980","39513850","20750870"
"377450","리파인","4778","6284","1506","63100150","83745300","20645150"
"166090","하나머티리얼즈","16750","17133","383","860139500","880669100","20529600"
"050090","휘닉스소재","7970","37386","29416","5505680","25892647","20386967"
"072020","중앙백신","725","2174","1449","9971200","29952950","19981750"
"031510","오스템","3566","13390","9824","7239350","27189260","19949910"
"131760","파인텍","14992","30121","15129","19804565","39655965","19851400"
"314930","바이오다인","329","1040","711","9019000","28381750","19362750"
"352770","클리노믹스","1196","3039","1843","12515950","31763300","19247350"
"187660","에이디엠코리아","53030","57818","4788","299526380","318692650","19166270"
"217480","에스디생명공학","1178","7498","6320","3638870","22760955","19122085"
"052860","아이앤씨","1736","7316","5580","5926590","24859525","18932935"
"123040","엠에스오토텍","3833","7292","3459","20820520","39523340","18702820"
"196300","애니젠","820","2572","1752","8739700","27397600","18657900"
"057680","티사이언티픽","71076","76158","5082","256538955","275165130","18626175"
"352480","씨앤씨인터내셔널","5481","6213","732","125285400","143877550","18592150"
"265740","엔에프씨","2181","3583","1402","28102100","46666900","18564800"
"041020","폴라리스오피스","22195","32283","10088","41774640","60306320","18531680"
"900270","헝셩그룹","13969","58481","44512","5762977","24102005","18339028"
"092870","엑시콘","1545","2949","1404","20404900","38682850","18277950"
"048830","엔피케이","3460","12536","9076","6860100","24742860","17882760"
"900250","크리스탈신소재","12841","27948","15107","15274590","33149855","17875265"
"115500","케이씨에스","9769","12663","2894","60350700","78207020","17856320"
"065370","위세아이텍","4157","5496","1339","55699650","73415050","17715400"
"036180","지더블유바이텍","3798","12379","8581","7797565","25121935","17324370"
"018620","우진비앤지","4467","13323","8856","8617345","25797730","17180385"
"353590","오토앤","63826","65684","1858","866581400","883703950","17122550"
"317690","퀀타매트릭스","923","3037","2114","7415270","24278800","16863530"
"033540","파라텍","5007","13562","8555","9861245","26611610","16750365"
"025870","신라에스지","1851","3495","1644","19088600","35744650","16656050"
"065690","파커스","1608","7253","5645","4772945","21384130","16611185"
"277070","린드먼아시아","325","3526","3201","1708210","18216540","16508330"
"177830","파버나인","47813","51265","3452","229166835","245653030","16486195"
"219130","타이거일렉","2935","3857","922","53579550","70011200","16431650"
"153490","우리이앤엘","17269","27581","10312","27490030","43893530","16403500"
"212560","네오오토","3871","6292","2421","26041840","42439830","16397990"
"035460","기산텔레콤","264430","271203","6773","924997285","940683980","15686695"
"036480","대성미생물","141","1373","1232","1793450","17431900","15638450"
"206400","베노홀딩스","5888","9299","3411","26651285","42069035","15417750"
"091340","S&K폴리텍","3346","6381","3035","16815785","32130790","15315005"
"159580","제로투세븐","2376","4096","1720","20941550","36110110","15168560"
"279600","미디어젠","804","2007","1203","10106750","25190550","15083800"
"101400","엔시트론","1069","13742","12673","1262700","16204530","14941830"
"191420","테고사이언스","648","1488","840","11015800","25613350","14597550"
"215790","이노인스트루먼트","5814","13815","8001","10423255","24856165","14432910"
"204270","제이앤티씨","6175","8391","2216","40090020","54428100","14338080"
"335890","비올","42587","48735","6148","98851175","113176700","14325525"
"083500","에프엔에스테크","1228","2638","1410","12253330","26394520","14141190"
"079950","인베니아","22058","27324","5266","58196005","72324130","14128125"
"040910","아이씨디","1100","2501","1401","10987780","25033550","14045770"
"161580","필옵틱스","1456","3115","1659","12307470","26306640","13999170"
"054410","케이피티유","289","2581","2292","1750870","15716320","13965450"
"006920","모헨즈","2331","5253","2922","11046950","24836375","13789425"
"019570","리더스 기술투자","35268","63206","27938","16618501","29890678","13272177"
"221980","케이디켐","210","1058","848","3297500","16553100","13255600"
"065530","와이어블","4887","9920","5033","12915670","26088365","13172695"
"409570","한국제10호스팩","0","6128","6128","0","12991360","12991360"
"263690","디알젬","237","1601","1364","2251980","15141130","12889150"
"370090","퓨런티어","5661","6140","479","147027150","159900150","12873000"
"290270","휴네시온","1452","3831","2379","7818630","20639950","12821320"
"208140","정다운","21499","26522","5023","55144640","67904005","12759365"
"182360","큐브엔터","17373","17771","398","341456950","354036950","12580000"
"034950","한국기업평가","1","162","161","78100","12629500","12551400"
"105550","트루윈","1402","3004","1602","10903950","23379170","12475220"
"365270","큐라클","6388","7349","961","80733000","93195450","12462450"
"217620","디딤","33338","43548","10210","39316535","51161620","11845085"
"091590","남화토건","800","2272","1472","6371200","18049670","11678470"
"147760","마이크로프랜드","3754","5464","1710","25643150","37201870","11558720"
"101240","씨큐브","27","1614","1587","190570","11383000","11192430"
"092730","네오팜","1654","2097","443","41531850","52719200","11187350"
"024880","케이피에프","9232","11667","2435","42676160","53846695","11170535"
"049120","파인디앤씨","3628","8537","4909","8394475","19529800","11135325"
"225430","케이엠제약","3522","9242","5720","6751240","17767055","11015815"
"263720","디앤씨미디어","2070","2438","368","62135550","73028300","10892750"
"036710","심텍홀딩스","150961","153411","2450","896602990","907468880","10865890"
"192410","THQ","9182","13222","4040","24926850","35776290","10849440"
"348150","고바이오랩","1727","2408","681","27741400","38548400","10807000"
"093920","서원인텍","909","2637","1728","5672320","16432670","10760350"
"377220","프롬바이오","6492","7804","1312","52314850","62835630","10520780"
"208340","파멥신","14863","16738","1875","79688600","89856390","10167790"
"032980","바이온","8835","20253","11418","7810089","17857602","10047513"
"002800","신신제약","714","2475","1761","3899100","13541010","9641910"
"109960","에이프로젠 H&G","86702","105115","18413","53930632","63420508","9489876"
"220100","퓨쳐켐","1427","2047","620","21509950","30921600","9411650"
"354200","엔젠바이오","352","1188","836","3939000","13212700","9273700"
"099390","브레인즈컴퍼니","790","1191","401","18544850","27753350","9208500"
"066980","이엔코퍼레이션","3211","5823","2612","11118915","20129880","9010965"
"085670","뉴프렉스","65823","67618","1795","375061210","383958360","8897150"
"079960","동양이엔피","7384","7969","585","124516900","133234350","8717450"
"062970","피피아이","2224","4507","2283","8386070","16941320","8555250"
"950180","SNK","112","341","229","4141000","12605400","8464400"
"050960","수산아이앤티","6588","7281","693","83632850","92064600","8431750"
"008370","원풍","3586","5337","1751","16951730","25354190","8402460"
"014970","삼륭물산","1038","2364","1326","6576900","14979000","8402100"
"087260","모바일어플라이언스","31579","33916","2337","120635600","129013450","8377850"
"159010","아스플로","752","1168","416","15275000","23607100","8332100"
"044780","에이치케이","6490","10274","3784","13924205","22075420","8151215"
"065770","CS","25580","28807","3227","65669680","73775435","8105755"
"229000","젠큐릭스","2547","3245","698","32248450","40308350","8059900"
"263770","유에스티","8479","10085","1606","43249910","51290125","8040215"
"007720","대명소노시즌","38496","45145","6649","45943465","53976625","8033160"
"049430","코메론","10292","11167","875","103696480","111687160","7990680"
"250930","예선테크","2014","6302","4288","3812145","11802185","7990040"
"078070","유비쿼스홀딩스","479","949","470","7499100","14890250","7391150"
"094170","동운아나텍","35651","36552","901","266807050","274148640","7341590"
"195500","마니커에프앤지","167","1885","1718","704165","7941945","7237780"
"036670","KCI","666","1523","857","5667340","12857000","7189660"
"023910","대한약품","1686","1933","247","48306650","55391500","7084850"
"085810","알티캐스트","2256","5769","3513","4567410","11645025","7077615"
"063570","한국전자금융","2941","4245","1304","14892350","21320340","6427990"
"064090","에프앤리퍼블릭","1245","3818","2573","3072200","9328940","6256740"
"222040","코스맥스엔비티","4672","5778","1106","27113230","33361780","6248550"
"065510","휴비츠","1588","2319","731","13238310","19426880","6188570"
"086390","유니테스트","5777","6002","225","151228250","157350300","6122050"
"203400","에이비온","5645","6286","641","51287510","57403950","6116440"
"204840","지엘팜텍","4219","10778","6559","3813430","9727592","5914162"
"224060","코디엠","42739","74044","31305","7992784","13877256","5884472"
"214180","민앤지","1095","1426","331","19564250","25387200","5822950"
"045060","오공","469","1915","1446","1880060","7640140","5760080"
"347740","피엔케이피부임상연구센타","975","1299","324","17338550","23056100","5717550"
"264450","유비쿼스","2178","2458","280","43788800","49444000","5655200"
"049720","고려신용정보","1160","1862","702","9004310","14463930","5459620"
"079000","와토스코리아","978","1894","916","5791820","11242340","5450520"
"060260","뉴보텍","1212","6190","4978","1324160","6748990","5424830"
"149950","아바텍","134","428","294","2397650","7663400","5265750"
"053620","태양","302","900","598","2639500","7846720","5207220"
"123410","코리아에프티","16571","18388","1817","50360955","55538010","5177055"
"238490","힘스","584","1125","541","5556960","10655510","5098550"
"215380","우정바이오","1340","2295","955","7041060","11959530","4918470"
"047770","코데즈컴바인","3642","5751","2109","8410020","13169720","4759700"
"318410","비비씨","271","657","386","3320750","8035450","4714700"
"072470","우리산업홀딩스","3302","4276","974","15718405","20279845","4561440"
"039740","한국정보공학","11582","12557","975","55178195","59646535","4468340"
"032960","동일기연","250","606","356","3119900","7569050","4449150"
"010280","쌍용정보통신","3512","8299","4787","3247888","7688370","4440482"
"050860","아세아텍","7904","9437","1533","22312265","26612505","4300240"
"200710","에이디테크놀로지","3979","4214","235","72159500","76445000","4285500"
"032620","유비케어","7868","8504","636","51583240","55815990","4232750"
"067080","대화제약","1293","1789","496","10902790","15110160","4207370"
"130500","GH신소재","30399","31148","749","178694340","182855420","4161080"
"050760","에스폴리텍","754","1980","1226","2472475","6559105","4086630"
"340440","세림B&G","99","1695","1596","236455","4004555","3768100"
"059100","아이컴포넌트","941","1573","632","5657370","9421100","3763730"
"049520","유아이엘","2551","4329","1778","5094690","8711525","3616835"
"068930","디지털대성","3423","3899","476","28564840","32167790","3602950"
"123840","한일진공","4259","8425","4166","3645762","7160014","3514252"
"068940","아이씨케이","4093","5028","935","15157835","18586240","3428405"
"023460","CNH","1123","2713","1590","2459190","5881270","3422080"
"173940","에프엔씨엔터","1129","1545","416","9219160","12553760","3334600"
"096630","에스코넥","30603","33195","2592","45922365","49254230","3331865"
"335810","프리시젼바이오","1999","2371","372","17585320","20867230","3281910"
"039560","다산네트웍스","8350","8915","565","54216610","57431740","3215130"
"069140","누리플랜","27802","30276","2474","197057930","200181490","3123560"
"262840","아이퀘스트","370","719","349","3258020","6269310","3011290"
"131090","시큐브","30666","32921","2255","41663165","44643805","2980640"
"156100","엘앤케이바이오","1474","1826","352","12894630","15874220","2979590"
"039010","현대에이치티","1289","1604","315","12109950","15024840","2914890"
"080470","성창오토텍","414","795","381","3068420","5913190","2844770"
"101000","상상인인더스트리","5241","8063","2822","5230785","8053264","2822479"
"002230","피에스텍","2743","3327","584","13221830","15939505","2717675"
"256150","한독크린텍","26","289","263","268700","2981250","2712550"
"087600","픽셀플러스","1585","1841","256","16144550","18727300","2582750"
"256630","포인트엔지니어링","1019","1870","851","3005995","5488450","2482455"
"216050","인크로스","214","271","57","9032500","11456400","2423900"
"131100","스카이이앤엠","4587","5363","776","14914215","17312350","2398135"
"377630","삼성스팩4호","186","786","600","752215","3135220","2383005"
"049550","잉크테크","0","328","328","0","2325120","2325120"
"257720","실리콘투","984","1122","138","17413250","19718550","2305300"
"950170","JTC","4960","5611","651","20212950","22473650","2260700"
"080000","에스엔유","674","1372","698","2151525","4379140","2227615"
"298870","케이티비네트워크","4510","5044","534","18771135","20950910","2179775"
"071850","캐스텍코리아","85011","89078","4067","265808380","267945890","2137510"
"065130","탑엔지니어링","703","986","283","4855870","6807740","1951870"
"043100","솔고바이오","29654","31997","2343","23680708","25576185","1895477"
"054040","한국컴퓨터","16773","17219","446","75998360","77777735","1779375"
"351320","에스에이티이엔지","1079","1472","393","5030810","6790405","1759595"
"122310","제노레이","2043","2230","187","20102790","21861660","1758870"
"039020","이건홀딩스","11427","11776","349","51244975","52901450","1656475"
"051390","YW","246","621","375","1047940","2645340","1597400"
"368770","한국9호스팩","50599","52274","1675","158158710","159688810","1530100"
"081580","성우전자","13882","14390","508","49176255","50664545","1488290"
"030960","양지사","660","825","165","5958390","7430410","1472020"
"036000","예림당","1042","1674","632","2191445","3552760","1361315"
"043090","한창바이오텍","19832","20615","783","28959740","30240935","1281195"
"234920","자이글","2883","3210","327","9673575","10691585","1018010"
"179530","애드바이오텍","6637","6935","298","33006965","33927105","920140"
"238200","비피도","546","655","109","4491560","5380150","888590"
"073540","에프알텍","591","869","278","1742410","2555080","812670"
"214680","디알텍","8800","9332","532","13303610","14098585","794975"
"317850","대모","371","537","166","1715690","2484970","769280"
"226400","오스테오닉","4829","5124","295","15780705","16501215","720510"
"064850","에프앤가이드","75","150","75","693750","1377600","683850"
"246720","아스타","1","151","150","4205","630700","626495"
"173130","오파스넷","1278","1451","173","4344265","4947540","603275"
"214870","뉴지랩파마","1234","1296","62","11087860","11633430","545570"
"299170","더블유에스아이","39","229","190","96835","564505","467670"
"046140","SBS콘텐츠허브","3166","3255","89","22672510","23118690","446180"
"021880","메이슨캐피탈","1512","2361","849","752622","1171059","418437"
"246960","이노테라피","76","113","37","775200","1140250","365050"
"302430","이노메트리","423","449","26","5889100","6221850","332750"
"310200","애니플러스","90934","89115","-1819","424800500","425062200","261700"
"101670","코리아에스이","8","131","123","11160","182360","171200"
"222110","팬젠","100","113","13","878200","982180","103980"
"017890","한국알콜","4010","4048","38","43625450","43723250","97800"
"078150","HB테크놀러지","9470","9509","39","21611215","21684145","72930"
"404950","DB금융스팩10호","0","0","0","0","0","0"
"335870","IBKS제12호스팩","0","0","0","0","0","0"
"388790","IBKS제16호스팩","0","0","0","0","0","0"
"340350","SK6호스팩","0","0","0","0","0","0"
"355150","교보10호스팩","0","0","0","0","0","0"
"021045","대호특수강우","0","0","0","0","0","0"
"032685","소프트센우","0","0","0","0","0","0"
"333050","신한제6호스팩","0","0","0","0","0","0"
"366330","신한제7호스팩","0","0","0","0","0","0"
"054800","아이디스홀딩스","0","0","0","0","0","0"
"391060","엔에이치스팩20호","0","0","0","0","0","0"
"396770","엔에이치스팩22호","0","0","0","0","0","0"
"388800","유진스팩7호","0","0","0","0","0","0"
"341160","하나금융15호스팩","0","0","0","0","0","0"
"388220","하나금융19호스팩","0","0","0","0","0","0"
"400840","하이제7호스팩","0","0","0","0","0","0"
"387310","대신밸런스제10호스팩","1","0","-1","2135","0","-2135"
"367360","DB금융스팩9호","3","0","-3","6340","0","-6340"
"365590","엔에이치스팩18호","4","0","-4","8330","0","-8330"
"344050","신영스팩6호","4","0","-4","8440","0","-8440"
"307870","비투엔","1512","1515","3","5087640","5074830","-12810"
"343510","하나금융16호스팩","8","0","-8","16960","0","-16960"
"337450","SK5호스팩","15","0","-15","30900","0","-30900"
"079650","서산","688","657","-31","1742870","1669750","-73120"
"032750","삼진","49","41","-8","445820","370740","-75080"
"115610","이미지스","7224","7163","-61","14514200","14421015","-93185"
"405350","IBKS제17호스팩","44","0","-44","99000","0","-99000"
"171120","라이온켐텍","482","460","-22","3807800","3635590","-172210"
"114120","크루셜텍","30908","31466","558","35605550","35420245","-185305"
"009780","엠에스씨","219","187","-32","1331050","1142920","-188130"
"198080","엔피디","1878","1797","-81","5366420","5152545","-213875"
"327260","RF머트리얼즈","3120","3138","18","37885500","37666000","-219500"
"066790","씨씨에스","423","0","-423","266578","0","-266578"
"261780","차백신연구소","13755","13784","29","103430180","103100720","-329460"
"372290","하나머스트7호스팩","171","0","-171","369350","0","-369350"
"03481K","해성산업1우","27","0","-27","476550","0","-476550"
"373340","유진스팩6호","217","0","-217","479570","0","-479570"
"161570","THE MIDONG","327","0","-327","492390","0","-492390"
"020400","대동금속","73","16","-57","690490","149760","-540730"
"011080","형지I&C","42745","42396","-349","50618610","50033485","-585125"
"062860","티엘아이","214","120","-94","1333720","743340","-590380"
"322180","티라유텍","2786","2721","-65","35869000","35182150","-686850"
"115310","인포바인","48","19","-29","1142900","443650","-699250"
"100030","모바일리더","388","349","-39","7855800","7116950","-738850"
"175140","인포마크","272","176","-96","2157830","1387060","-770770"
"073190","듀오백","701","346","-355","1775565","875380","-900185"
"223250","드림씨아이에스","296","214","-82","3240200","2308300","-931900"
"130580","나이스디앤비","101","0","-101","948370","0","-948370"
"331520","교보9호스팩","464","0","-464","974400","0","-974400"
"016250","SGC이테크건설","442","425","-17","25252800","24268800","-984000"
"046210","파나진","3570","3346","-224","13839310","12833860","-1005450"
"351340","IBKS제13호스팩","500","0","-500","1057500","0","-1057500"
"359090","씨엔알리서치","634","62","-572","1174980","114390","-1060590"
"003800","에이스침대","24","0","-24","1062800","0","-1062800"
"098660","에스티오","1716","1269","-447","4180400","3076510","-1103890"
"363260","하나금융17호스팩","569","0","-569","1203435","0","-1203435"
"192390","윈하이텍","1621","1243","-378","5275740","4044135","-1231605"
"123750","알톤스포츠","3654","3382","-272","17945920","16676360","-1269560"
"321820","와이더플래닛","2462","2378","-84","37068500","35744300","-1324200"
"041440","현대에버다임","292","4","-288","1380660","18800","-1361860"
"005990","매일홀딩스","157","0","-157","1472370","0","-1472370"
"386580","한화플러스제2호스팩","667","0","-667","1542410","0","-1542410"
"330730","스톤브릿지벤처스","16684","16684","0","104568380","102987030","-1581350"
"290660","네오펙트","8904","8350","-554","23845920","22257670","-1588250"
"005710","대원산업","305","36","-269","1895590","221490","-1674100"
"332370","아이디피","1793","1590","-203","14016150","12273800","-1742350"
"025770","한국정보통신","543","346","-197","4786860","3031200","-1755660"
"067010","이씨에스","5894","5503","-391","28374890","26586110","-1788780"
"123330","제닉","441","113","-328","2534100","647380","-1886720"
"111710","남화산업","329","96","-233","2748180","790670","-1957510"
"950190","미투젠","1517","1409","-108","26482150","24478050","-2004100"
"122640","예스티","1499","1295","-204","15883950","13779300","-2104650"
"900070","글로벌에스엠","3996","1765","-2231","3808960","1692503","-2116457"
"060850","영림원소프트랩","307","93","-214","3024710","908040","-2116670"
"027040","서울전자통신","4569","1176","-3393","3001186","766243","-2234943"
"310870","디와이씨","1185","0","-1185","2329955","0","-2329955"
"034810","해성산업","2238","2044","-194","27613850","25201650","-2412200"
"290120","대유에이피","469","39","-430","2741380","226440","-2514940"
"065680","우주일렉트로","4128","4021","-107","111765200","109227650","-2537550"
"008830","대동기어","1782","1359","-423","10932900","8274320","-2658580"
"376190","엘비루셈","1520","1254","-266","15681600","12980100","-2701500"
"065150","엠피대산","4766","955","-3811","3471090","699885","-2771205"
"950110","SBI핀테크솔루션즈","735","329","-406","5039220","2252110","-2787110"
"301300","바이브컴퍼니","5271","5242","-29","207962800","205115550","-2847250"
"100660","서암기계공업","2931","2345","-586","14471335","11551685","-2919650"
"039310","세중","2452","1751","-701","9869190","6942770","-2926420"
"400560","하나금융20호스팩","1310","0","-1310","2963720","0","-2963720"
"290520","신도기연","304","84","-220","4229100","1160600","-3068500"
"041520","이라이콤","1311","847","-464","8992950","5854090","-3138860"
"900290","GRT","13988","11768","-2220","18589200","15360745","-3228455"
"032940","원익","832","29","-803","3544995","123395","-3421600"
"083550","케이엠","780","340","-440","6157340","2671300","-3486040"
"347000","센코","2903","2653","-250","40126150","36458650","-3667500"
"318000","한국바이오젠","3069","2589","-480","24463390","20619570","-3843820"
"114630","폴라리스우노","1633","686","-947","6824845","2869010","-3955835"
"053260","금강철강","3579","2787","-792","17537685","13530215","-4007470"
"220180","핸디소프트","1484","372","-1112","5390940","1340795","-4050145"
"109740","디에스케이","1936","1350","-586","14661190","10226790","-4434400"
"039340","한국경제TV","4193","3505","-688","28018730","23543780","-4474950"
"275630","에스에스알","2361","1621","-740","14434680","9924290","-4510390"
"018700","바른손","91017","90288","-729","360813170","356292060","-4521110"
"078940","코드네이처","35772","32862","-2910","70601480","65857705","-4743775"
"100590","머큐리","1854","1212","-642","13667530","8891200","-4776330"
"331380","포커스에이치엔에스","2434","698","-1736","6882545","1965145","-4917400"
"099190","아이센스","3123","2947","-176","85845350","80879900","-4965450"
"317770","슈프리마아이디","311","0","-311","4970700","0","-4970700"
"222420","쎄노텍","4295","1204","-3091","7091870","1970635","-5121235"
"056700","신화인터텍","3318","1449","-1869","9132430","3979020","-5153410"
"273060","와이즈버즈","3120","0","-3120","5300170","0","-5300170"
"205500","액션스퀘어","53608","52509","-1099","196568990","191262540","-5306450"
"373200","하인크코리아","2493","0","-2493","5349640","0","-5349640"
"069510","에스텍","700","0","-700","5417900","0","-5417900"
"139050","시티랩스","31779","24911","-6868","25783751","20286337","-5497414"
"228340","동양파일","1317","4","-1313","5658330","17220","-5641110"
"260970","에스앤디","440","119","-321","7817200","2084500","-5732700"
"053300","한국정보인증","2812","1870","-942","17366190","11513660","-5852530"
"293580","나우IB","1222","596","-626","11532660","5675980","-5856680"
"073010","케이에스피","5817","2541","-3276","10408445","4540700","-5867745"
"023760","한국캐피탈","7408","44","-7364","6010742","35728","-5975014"
"221840","하이즈항공","2832","1601","-1231","13948620","7864105","-6084515"
"219550","디와이디","7190","4767","-2423","17986375","11834335","-6152040"
"312610","에이에프더블류","4772","3665","-1107","27125680","20920840","-6204840"
"020710","시공테크","2995","1943","-1052","17859130","11597330","-6261800"
"002680","한탑","5280","0","-5280","6296475","0","-6296475"
"291650","압타머사이언스","2022","1508","-514","24854100","18552400","-6301700"
"023790","동일철강","10994","9384","-1610","42839055","36533695","-6305360"
"048430","유라테크","4345","3718","-627","42535930","36216420","-6319510"
"131030","디에이치피코리아","1704","851","-853","12622400","6257410","-6364990"
"191410","육일씨엔에쓰","3147","1566","-1581","13134725","6562095","-6572630"
"332290","대신밸런스제7호스팩","4462","1231","-3231","9269910","2525420","-6744490"
"021040","대호특수강","20391","12150","-8241","16382605","9621767","-6760838"
"039980","리노스","7788","1420","-6368","8286530","1499925","-6786605"
"069540","라이트론","4034","2364","-1670","16555515","9706415","-6849100"
"014470","부방","14615","11228","-3387","31629250","24412390","-7216860"
"043710","서울리거","11071","3718","-7353","10924294","3656271","-7268023"
"051380","피씨디렉트","11586","11157","-429","198437500","191154450","-7283050"
"208350","지란지교시큐리티","3919","2549","-1370","20917020","13582950","-7334070"
"406760","하나금융21호스팩","51974","48224","-3750","108617110","101270400","-7346710"
"290720","푸드나무","593","293","-300","14681800","7248950","-7432850"
"004650","창해에탄올","3243","2691","-552","42691100","35202250","-7488850"
"015710","코콤","2229","905","-1324","13300800","5386800","-7914000"
"122450","KMH","6812","5747","-1065","48938450","40884810","-8053640"
"140070","서플러스글로벌","5192","3251","-1941","21707575","13550765","-8156810"
"092600","앤씨앤","5098","2795","-2303","18630825","10186675","-8444150"
"069330","유아이디","4787","1404","-3383","12098595","3547490","-8551105"
"336060","유안타제5호스팩","2798","0","-2798","8638980","0","-8638980"
"119830","아이텍","13705","12710","-995","124246260","115453810","-8792450"
"038010","제일테크노스","38369","36742","-1627","229103660","220280510","-8823150"
"044960","이글벳","2892","1562","-1330","19856560","10724240","-9132320"
"214310","에스엘바이오닉스","7852","5063","-2789","26698930","17300250","-9398680"
"024120","KB오토시스","1676","7","-1669","9750170","40780","-9709390"
"264660","씨앤지하이테크","805","24","-781","10184100","303600","-9880500"
"241770","메카로","1374","583","-791","17129300","7142500","-9986800"
"134060","이퓨쳐","1819","462","-1357","13603660","3441890","-10161770"
"092190","서울바이오시스","13472","12520","-952","140600000","130425800","-10174200"
"110790","크리스에프앤씨","998","750","-248","40860800","30677700","-10183100"
"239610","에이치엘사이언스","507","144","-363","14259500","4043250","-10216250"
"068790","DMS","2774","1085","-1689","17345380","6782230","-10563150"
"263810","상신전자","11022","8325","-2697","43229745","32590275","-10639470"
"056360","코위버","104383","104310","-73","901843880","891075490","-10768390"
"025900","동화기업","12269","12089","-180","862520100","851737400","-10782700"
"277410","인산가","22839","18003","-4836","50812625","39972170","-10840455"
"141000","비아트론","1255","124","-1131","12035290","1186870","-10848420"
"130740","티피씨글로벌","21781","18705","-3076","82194435","71133840","-11060595"
"072950","빛샘전자","8674","7095","-1579","60806010","49734780","-11071230"
"038060","루멘스","10046","297","-9749","11421385","337095","-11084290"
"084180","수성이노베이션","9608","2560","-7048","15045055","3923890","-11121165"
"067170","오텍","1836","708","-1128","18205130","7013960","-11191170"
"043370","피에이치에이","3604","2342","-1262","31702220","20506210","-11196010"
"052260","현대바이오랜드","1736","1044","-692","28116100","16905600","-11210500"
"101930","인화정공","3590","2822","-768","52484650","41089750","-11394900"
"014940","오리엔탈정공","20697","17398","-3299","73598430","62020145","-11578285"
"043200","파루","12612","0","-12612","11584134","0","-11584134"
"234340","세틀뱅크","1284","844","-440","34181550","22329150","-11852400"
"017250","인터엠","11379","1475","-9904","13928700","1768910","-12159790"
"363250","진시스템","2048","766","-1282","19862200","7406050","-12456150"
"330860","네패스아크","5961","5676","-285","256496200","243990900","-12505300"
"255220","SG","8125","1752","-6373","16241555","3482015","-12759540"
"036120","SCI평가정보","9593","5616","-3977","30912095","18100070","-12812025"
"013310","아진산업","16247","11571","-4676","44777510","31867660","-12909850"
"251370","와이엠티","1160","451","-709","22416450","8731350","-13685100"
"307180","아이엘사이언스","14701","11695","-3006","66773105","53026255","-13746850"
"089890","코세스","35752","35062","-690","405410200","391616800","-13793400"
"203450","유니온커뮤니티","4633","769","-3864","16712515","2773930","-13938585"
"041910","에스텍파마","1773","167","-1606","15988410","1499260","-14489150"
"069920","아이에스이커머스","5585","280","-5305","15490470","753575","-14736895"
"138070","신진에스엠","3581","1220","-2361","22257050","7499500","-14757550"
"023440","제일제강","43233","36038","-7195","86983710","72170090","-14813620"
"054090","삼진엘앤디","22015","16755","-5260","60973025","46122980","-14850045"
"060230","얍엑스","199700","188432","-11268","227382940","212425515","-14957425"
"196450","코아시아옵틱스","6757","142","-6615","15322925","321630","-15001295"
"019660","글로본","19254","12957","-6297","46314125","31129795","-15184330"
"024850","피에스엠씨","19906","6277","-13629","22062685","6858060","-15204625"
"136540","윈스","2024","1010","-1014","30535450","15264700","-15270750"
"117670","알파홀딩스","103010","99501","-3509","316072995","300661270","-15411725"
"024910","경창산업","19483","14602","-4881","60960395","45466835","-15493560"
"018120","진로발효","567","49","-518","17325300","1493700","-15831600"
"083930","아바코","2852","1392","-1460","31062850","15104550","-15958300"
"230980","에이트원","22858","12998","-9860","37318305","21212510","-16105795"
"211050","인카금융서비스","2560","1273","-1287","31852600","15702500","-16150100"
"019010","베뉴지","7982","160","-7822","16501650","331200","-16170450"
"080530","코디","14398","3873","-10525","22310865","6022515","-16288350"
"110020","전진바이오팜","3478","135","-3343","17191945","664575","-16527370"
"040300","YTN","7079","2019","-5060","23448750","6604680","-16844070"
"900340","윙입푸드","17645","3390","-14255","21015810","4024900","-16990910"
"900260","로스웰","820340","786631","-33709","316597316","299094568","-17502748"
"035890","서희건설","54682","43647","-11035","87866320","70242610","-17623710"
"137940","넥스트아이","45460","30713","-14747","55008340","37149170","-17859170"
"186230","그린플러스","3110","1827","-1283","43551750","25572700","-17979050"
"241840","에이스토리","14113","13489","-624","419325550","400893600","-18431950"
"351330","이삭엔지니어링","2992","1392","-1600","34726500","16178050","-18548450"
"066310","큐에스아이","6231","5211","-1020","111994500","93026750","-18967750"
"104830","원익머트리얼즈","29577","29509","-68","1069422050","1050441100","-18980950"
"096870","엘디티","8993","4522","-4471","38300330","19295780","-19004550"
"352940","인바이오","3858","1161","-2697","27375220","8205450","-19169770"
"092460","한라IMS","6421","3125","-3296","37340140","18140320","-19199820"
"250060","모비스","42594","33856","-8738","93598245","74285140","-19313105"
"169330","엠브레인","30277","26297","-3980","152234455","132814195","-19420260"
"089140","넥스턴바이오","62913","57805","-5108","270057365","250301740","-19755625"
"900310","컬러레이","57166","41413","-15753","72893855","52965290","-19928565"
"024800","유성티엔에스","10153","3486","-6667","30562285","10488160","-20074125"
"272290","이녹스첨단소재","49363","48872","-491","2049294700","2029089650","-20205050"
"080580","오킨스전자","3080","2049","-1031","61286000","40873950","-20412050"
"348350","위드텍","7052","5967","-1085","128782100","107923300","-20858800"
"070300","엑스큐어","5850","511","-5339","22844285","1974605","-20869680"
"321260","프로이천","15829","9724","-6105","51122925","30235790","-20887135"
"241520","DSC인베스트먼트","11484","7748","-3736","63981020","42942890","-21038130"
"238120","얼라인드","3225","604","-2621","25959720","4866930","-21092790"
"105740","디케이락","22818","20893","-1925","262065900","240663350","-21402550"
"222980","한국맥널티","11397","8293","-3104","78113160","56418170","-21694990"
"214430","아이쓰리시스템","1899","772","-1127","36597000","14877250","-21719750"
"079810","디이엔티","7503","3628","-3875","41970850","20140230","-21830620"
"192440","슈피겐코리아","979","432","-547","41293300","18228900","-23064400"
"357230","에이치피오","3694","1828","-1866","45815800","22468300","-23347500"
"108380","대양전기공업","2030","490","-1540","30737650","7376900","-23360750"
"066360","체리부로","29478","14165","-15313","44965040","21561605","-23403435"
"007530","영신금속","7624","0","-7624","23489375","0","-23489375"
"307280","원바이오젠","32113","19370","-12743","58047020","34463085","-23583935"
"009620","삼보산업","82832","67208","-15624","127158800","103446150","-23712650"
"219750","지티지웰니스","147884","133046","-14838","178235745","153216410","-25019335"
"226340","본느","25666","15119","-10547","61904340","36464815","-25439525"
"008290","원풍물산","208650","182728","-25922","198712403","173058581","-25653822"
"022220","정산애강","62377","48656","-13721","117247395","91327600","-25919795"
"088130","동아엘텍","3445","598","-2847","32042370","5559800","-26482570"
"253590","네오셈","16724","8199","-8525","52226905","25609050","-26617855"
"012860","모베이스전자","89689","77455","-12234","195352305","168402190","-26950115"
"073560","우리손에프앤지","14541","1995","-12546","31255435","4296820","-26958615"
"128660","피제이메탈","195002","191306","-3696","1138909260","1111884730","-27024530"
"024840","KBI메탈","50107","35836","-14271","96146465","68901235","-27245230"
"089790","제이티","9730","6367","-3363","79395290","52059330","-27335960"
"299030","하나기술","5858","5413","-445","351285500","323852700","-27432800"
"097800","윈팩","17453","1326","-16127","30647530","2324390","-28323140"
"036800","나이스정보통신","1111","112","-999","31930750","3219100","-28711650"
"072870","메가스터디","3185","812","-2373","38594750","9882600","-28712150"
"123570","이엠넷","6109","1444","-4665","38182630","9006440","-29176190"
"041930","동아화성","23049","19960","-3089","240380150","211007000","-29373150"
"036630","세종텔레콤","109435","50800","-58635","55074491","25406331","-29668160"
"071280","로체시스템즈","9518","3943","-5575","50984900","20935690","-30049210"
"270520","지엔원에너지","60543","47213","-13330","135745540","105562630","-30182910"
"064240","홈캐스트","11587","2191","-9396","37352605","7039165","-30313440"
"031310","아이즈비전","8972","881","-8091","33866880","3329015","-30537865"
"037760","쎄니트","32676","16378","-16298","63454960","31613215","-31841745"
"206640","바디텍메드","28597","26388","-2209","437161650","405258450","-31903200"
"123860","아나패스","1350","0","-1350","32132550","0","-32132550"
"094970","제이엠티","24701","16100","-8601","92807105","60575060","-32232045"
"272110","케이엔제이","5993","3691","-2302","80976050","48648300","-32327750"
"153460","네이블","7763","3644","-4119","61853480","29180610","-32672870"
"017650","대림제지","4995","1871","-3124","52557350","19519950","-33037400"
"063760","이엘피","6917","1434","-5483","42094780","8719880","-33374900"
"054050","농우바이오","3840","674","-3166","41584600","7346600","-34238000"
"050120","ES큐브","7273","925","-6348","39705200","5037680","-34667520"
"041920","메디아나","103798","98499","-5299","703829040","668066810","-35762230"
"056090","유앤아이","22803","21543","-1260","579194550","543385100","-35809450"
"143160","아이디스","6793","5288","-1505","162653350","126663450","-35989900"
"110990","디아이티","21383","17872","-3511","193374990","157325980","-36049010"
"005670","푸드웰","6821","1642","-5179","47589180","11412460","-36176720"
"090470","제이스텍","7562","1807","-5755","48027220","11468710","-36558510"
"038880","아이에이","249450","211951","-37499","250146034","212462072","-37683962"
"065170","넥스트BT","93375","61356","-32019","110400085","72501095","-37898990"
"285490","노바텍","6667","5711","-956","256825650","218824350","-38001300"
"290550","디케이티","7517","4667","-2850","103655550","64362050","-39293500"
"058970","엠로","4081","1642","-2439","65963550","26379100","-39584450"
"027360","아주IB투자","53104","42171","-10933","193452250","153445720","-40006530"
"075970","동국알앤에스","96393","87115","-9278","414563675","374517645","-40046030"
"046070","코다코","31081","7079","-24002","51903545","11742550","-40160995"
"011560","세보엠이씨","80005","74810","-5195","557816400","517320620","-40495780"
"016100","리더스코스메틱","28720","12079","-16641","69470915","28824745","-40646170"
"144960","뉴파워프라즈마","39513","32568","-6945","233868090","193033990","-40834100"
"089600","나스미디어","3497","2024","-1473","96017700","55182900","-40834800"
"072990","에이치시티","8229","5185","-3044","111413550","70046900","-41366650"
"079970","투비소프트","58566","31323","-27243","88963315","47555490","-41407825"
"143540","영우디에스피","43895","23308","-20587","87698250","46172670","-41525580"
"337930","브랜드엑스코퍼레이션","6278","1196","-5082","51573250","9780440","-41792810"
"122990","와이솔","12969","8993","-3976","137936250","95972350","-41963900"
"091440","텔레필드","28907","13877","-15030","82077130","39225335","-42851795"
"338220","뷰노","11305","6947","-4358","111295410","68384980","-42910430"
"067920","이글루시큐리티","7478","639","-6839","46983640","4022690","-42960950"
"042940","상지카일룸","77105","36624","-40481","81275590","38194500","-43081090"
"067280","멀티캠퍼스","1376","350","-1026","58311300","14833550","-43477750"
"208370","셀바스헬스케어","66460","53164","-13296","216953620","173235560","-43718060"
"022100","포스코 ICT","38933","31284","-7649","222725060","178238480","-44486580"
"095610","테스","15605","13830","-1775","395849200","350820550","-45028650"
"208640","썸에이지","34947","14169","-20778","76199800","31075865","-45123935"
"270870","뉴트리","2827","356","-2471","54684600","6870800","-47813800"
"033050","제이엠아이","40807","3756","-37051","52870150","4855760","-48014390"
"377480","마인즈랩","5571","3115","-2456","109062300","61041650","-48020650"
"039860","나노엔텍","38095","30423","-7672","241351520","193206870","-48144650"
"189980","흥국에프엔비","46902","34458","-12444","181307885","132851680","-48456205"
"089530","에이티세미콘","52608","15475","-37133","68795805","20295285","-48500520"
"148140","비디아이","495797","468119","-27678","694049960","645312220","-48737740"
"013120","동원개발","13906","3861","-10045","67467605","18680405","-48787200"
"008470","부스타","11574","2846","-8728","64879770","15952540","-48927230"
"049630","재영솔루텍","80163","31512","-48651","80837050","31747600","-49089450"
"139670","키네마스터","7191","3670","-3521","101112300","51825650","-49286650"
"220630","맘스터치","12931","5410","-7521","84676670","35269660","-49407010"
"079940","가비아","4520","494","-4026","56280000","6111400","-50168600"
"042370","비츠로테크","31594","25871","-5723","276426510","226177330","-50249180"
"065570","삼영이엔씨","15383","9047","-6336","116267480","66008480","-50259000"
"101330","모베이스","20997","6935","-14062","75534215","24942750","-50591465"
"036010","아비코전자","15256","10340","-4916","157260150","106155700","-51104450"
"042500","링네트","12225","3706","-8519","73328230","22196820","-51131410"
"047920","HLB제약","35582","30717","-4865","383538200","331989650","-51548550"
"060720","KH바텍","37877","35445","-2432","821876000","768791000","-53085000"
"046440","KG모빌리언스","18975","12715","-6260","161374830","108195020","-53179810"
"089030","테크윙","6609","3730","-2879","123105750","69368300","-53737450"
"290740","액트로","9244","2688","-6556","76176870","21978190","-54198680"
"070590","한솔인티큐브","27340","7977","-19363","78104030","23096785","-55007245"
"950140","잉글우드랩","14314","8054","-6260","125619170","70373360","-55245810"
"053060","세동","47374","3999","-43375","61216305","5212575","-56003730"
"194700","노바렉스","3116","1673","-1443","121145400","64960750","-56184650"
"073640","테라사이언스","46578","19096","-27482","95934400","39237780","-56696620"
"267980","매일유업","2853","1983","-870","193014200","134082100","-58932100"
"260930","씨티케이","8809","3032","-5777","91015000","31264150","-59750850"
"313760","윌링스","33353","30577","-2776","726887400","665826500","-61060900"
"065060","지엔코","409021","316455","-92566","284753211","221837476","-62915735"
"033310","엠투엔","66632","55582","-11050","389805680","325743830","-64061850"
"226330","신테카바이오","11867","6899","-4968","153024450","88253100","-64771350"
"015750","성우하이텍","43217","29128","-14089","207779710","140019825","-67759885"
"170920","엘티씨","12847","6294","-6553","134764300","65777300","-68987000"
"001810","무림SP","28749","5597","-23152","88982575","17315735","-71666840"
"218150","미래생명자원","24753","14103","-10650","167914370","95759370","-72155000"
"059270","해성티피씨","49810","40834","-8976","397106140","324533340","-72572800"
"269620","시스웍","416181","337764","-78417","369919139","297289087","-72630052"
"023160","태광","15984","9091","-6893","167915400","94988200","-72927200"
"263600","덕우전자","19634","10187","-9447","152810820","79279420","-73531400"
"078350","한양디지텍","55856","50117","-5739","824208250","749711800","-74496450"
"047560","이스트소프트","14278","8837","-5441","193838050","119080750","-74757300"
"019770","서연탑메탈","28523","15124","-13399","160824390","85267720","-75556670"
"117730","티로보틱스","300147","291518","-8629","2748494220","2669003920","-79490300"
"071460","위니아딤채","38540","18764","-19776","158177995","77354710","-80823285"
"007330","푸른저축은행","7783","1238","-6545","96088050","15241250","-80846800"
"093640","다믈멀티미디어","38324","18146","-20178","153046270","71905040","-81141230"
"017000","신원종합개발","161217","149750","-11467","1188937120","1107738930","-81198190"
"078020","이베스트투자증권","14017","2985","-11032","103406430","22000510","-81405920"
"060280","큐렉소","25849","15317","-10532","201468860","119658470","-81810390"
"319400","현대무벡스","103092","80533","-22559","373539355","291226205","-82313150"
"039030","이오테크닉스","12443","11616","-827","1231952100","1148944900","-83007200"
"196700","웹스","144958","125918","-19040","656345060","573155190","-83189870"
"113810","디젠스","288170","192763","-95407","257158360","173216363","-83941997"
"060590","씨티씨바이오","14243","5518","-8725","136842240","52896040","-83946200"
"036830","솔브레인홀딩스","6081","3119","-2962","173724100","89119050","-84605050"
"092130","이크레더블","6894","2049","-4845","126044800","37433650","-88611150"
"003380","하림지주","132199","123102","-9097","1358313750","1269671450","-88642300"
"300080","플리토","3914","1885","-2029","170844800","81797450","-89047350"
"106190","하이텍팜","18242","10830","-7412","222235300","132076050","-90159250"
"052710","아모텍","5689","1662","-4027","127879600","37678400","-90201200"
"304100","솔트룩스","9861","3105","-6756","133794950","42011050","-91783900"
"126880","제이엔케이히터","59779","43912","-15867","347503170","254652260","-92850910"
"003310","대주산업","58120","5184","-52936","103856360","9237730","-94618630"
"052460","아이크래프트","32442","9484","-22958","133752475","39102040","-94650435"
"178320","서진시스템","39482","36714","-2768","1334768850","1240041550","-94727300"
"036620","감성코퍼레이션","68360","20374","-47986","136493905","40859470","-95634435"
"063170","서울옥션","73734","69252","-4482","1561210400","1464870650","-96339750"
"317330","덕산테코피아","12188","8745","-3443","338270100","241660500","-96609600"
"096240","청담러닝","5933","2957","-2976","192566150","95823500","-96742650"
"045520","크린앤사이언스","5682","821","-4861","113627600","16349550","-97278050"
"276040","스코넥","22870","18792","-4078","521782050","424070950","-97711100"
"038110","에코플라스틱","58373","19588","-38785","146979610","49156230","-97823380"
"060900","대한그린파워","175252","90917","-84335","203096870","105014535","-98082335"
"079370","제우스","16222","12293","-3929","411041150","311653300","-99387850"
"066430","와이오엠","352311","323949","-28362","1170480180","1070688500","-99791680"
"251120","바이오에프디엔씨","16669","11552","-5117","324666250","223321450","-101344800"
"060380","동양에스텍","49686","22036","-27650","181739605","80317375","-101422230"
"090710","휴림로봇","966465","863265","-103200","960076864","858529460","-101547404"
"164060","이루다","28757","11738","-17019","172513180","70181900","-102331280"
"214260","라파스","4598","1276","-3322","141691100","39283400","-102407700"
"039830","오로라","28090","18305","-9785","306981100","200337900","-106643200"
"064820","케이프","112823","90937","-21886","551625225","443970430","-107654795"
"367000","플래티어","8917","2573","-6344","151737450","43737800","-107999650"
"072770","율호","102447","47652","-54795","203437180","95434415","-108002765"
"043150","바텍","19833","16835","-2998","715767300","607165650","-108601650"
"019550","SBI인베스트먼트","117165","42494","-74671","170990085","61992995","-108997090"
"018290","브이티지엠피","34566","19579","-14987","249054020","139977020","-109077000"
"093190","빅솔론","18153","486","-17667","112650970","3026460","-109624510"
"029960","코엔텍","23886","9653","-14233","185182980","74571450","-110611530"
"307930","컴퍼니케이","42128","30047","-12081","370550240","259906720","-110643520"
"291230","엔피","111920","99576","-12344","1008485580","897602210","-110883370"
"032850","비트컴퓨터","53410","41729","-11681","468803310","357751140","-111052170"
"150900","파수","22148","9815","-12333","200676990","89104500","-111572490"
"250000","보라티알","14768","5462","-9306","181031400","68176350","-112855050"
"129890","앱코","13888","6684","-7204","217679400","104759450","-112919950"
"049960","쎌바이오텍","9117","2227","-6890","150264800","36659850","-113604950"
"155650","와이엠씨","21738","4344","-17394","142468590","28591490","-113877100"
"031860","엔에스엔","171670","91914","-79756","253161395","138300080","-114861315"
"251970","펌텍코리아","8044","1421","-6623","140452000","24835900","-115616100"
"900300","오가닉티코스메틱","322054","36574","-285480","130726166","14940726","-115785440"
"030520","한글과컴퓨터","51697","45719","-5978","1033171850","916661750","-116510100"
"032820","우리기술","5558007","5499123","-58884","11973787400","11857097915","-116689485"
"053290","NE능률","74958","65896","-9062","949072000","831132750","-117939250"
"137080","나래나노텍","35459","26426","-9033","456887750","338935950","-117951800"
"114810","아이원스","189545","178045","-11500","1935175390","1816098670","-119076720"
"225530","보광산업","81211","63223","-17988","559949720","439684080","-120265640"
"066410","버킷스튜디오","345359","310844","-34515","1249040215","1124330775","-124709440"
"108230","톱텍","26114","10693","-15421","211210230","86430580","-124779650"
"084990","헬릭스미스","36981","30420","-6561","731942400","605424350","-126518050"
"053030","바이넥스","47871","38479","-9392","630952100","504052600","-126899500"
"199800","툴젠","3258","772","-2486","166378500","39231200","-127147300"
"377330","이지트로닉스","15118","6070","-9048","223903650","89185600","-134718050"
"100120","뷰웍스","4696","1158","-3538","180359400","44370400","-135989000"
"287410","제이시스메디칼","124078","105923","-18155","956853290","819917160","-136936130"
"151910","나노스","72652","36382","-36270","275260050","137010600","-138249450"
"016920","카스","97397","53053","-44344","304986485","166571425","-138415060"
"332570","와이팜","33769","16793","-16976","276971100","138416980","-138554120"
"088390","이녹스","8874","2219","-6655","185893450","46244050","-139649400"
"078140","대봉엘에스","27087","12075","-15012","255168570","113551360","-141617210"
"007770","한일화학","10703","3498","-7205","212298600","69001200","-143297400"
"052900","KMH하이텍","145799","52324","-93475","224309565","80659900","-143649665"
"080220","제주반도체","75799","47838","-27961","389576800","244923770","-144653030"
"224110","에이텍티앤","25320","14804","-10516","366690400","217473550","-149216850"
"104040","대성파인텍","250171","188196","-61975","595089255","443360345","-151728910"
"232680","라온테크","10772","6819","-3953","418856450","264690800","-154165650"
"089970","에이피티씨","12748","4625","-8123","244449800","87453800","-156996000"
"900110","이스트아시아홀딩스","2427930","1799589","-628341","600316580","441607091","-158709489"
"036190","금화피에스시","8630","3732","-4898","281717050","122584400","-159132650"
"032540","TJ미디어","189867","167371","-22496","1381328740","1222160880","-159167860"
"037400","우리조명","89411","29535","-59876","237910890","78290485","-159620405"
"096610","알에프세미","78620","41935","-36685","343504235","183392165","-160112070"
"220260","켐트로스","48225","31977","-16248","482276440","319691070","-162585370"
"303530","이노뎁","14766","6427","-8339","286933500","124190400","-162743100"
"119500","포메탈","87503","53467","-34036","430433905","264089445","-166344460"
"252500","세화피앤씨","164517","66336","-98181","280903235","112916260","-167986975"
"239890","피엔에이치테크","12182","5624","-6558","313834050","144473550","-169360500"
"217330","싸이토젠","3424","425","-2999","196705000","24293800","-172411200"
"143240","사람인에이치알","5590","1134","-4456","220187700","44458400","-175729300"
"333430","일승","173974","110504","-63470","496488345","318475110","-178013235"
"025880","케이씨피드","66111","6894","-59217","205066495","21446295","-183620200"
"136410","아셈스","34951","18213","-16738","386511800","202594850","-183916950"
"118990","모트렉스","98069","66699","-31370","582082560","395888490","-186194070"
"142280","녹십자엠에스","189873","169029","-20844","1734003100","1544624370","-189378730"
"189860","서전기전","639484","622682","-16802","6182335050","5990138180","-192196870"
"084370","유진테크","26231","21710","-4521","1137947300","941033450","-196913850"
"084850","아이티엠반도체","9138","3464","-5674","319032950","120719350","-198313600"
"031980","피에스케이홀딩스","21834","7615","-14219","313662050","108029500","-205632550"
"014190","원익큐브","108633","40723","-67910","329644685","123501980","-206142705"
"298540","더네이쳐홀딩스","23983","18349","-5634","885268550","678856600","-206411950"
"090150","아이윈","197212","109934","-87278","469925560","262437490","-207488070"
"080420","모다이노칩","104680","57117","-47563","455160825","247613545","-207547280"
"097780","에스맥","70546","6400","-64146","234083565","21191140","-212892425"
"014620","성광벤드","34381","8148","-26233","281111220","66707980","-214403240"
"035600","KG이니시스","24527","12263","-12264","428865700","214331700","-214534000"
"097870","효성오앤비","87315","64020","-23295","825014550","603884270","-221130280"
"356890","싸이버원","37456","21207","-16249","503896400","279578500","-224317900"
"038540","상상인","50106","26087","-24019","469630150","244481040","-225149110"
"048550","SM C&C","539580","483563","-56017","2174241175","1942604630","-231636545"
"187220","디티앤씨","43786","10318","-33468","303674760","71914670","-231760090"
"048770","TPC","97844","46794","-51050","446236925","213039750","-233197175"
"024060","흥구석유","353651","331526","-22125","3573336770","3339443670","-233893100"
"018310","삼목에스폼","21965","8258","-13707","376214500","142314850","-233899650"
"183300","코미코","15187","10788","-4399","807891600","570378600","-237513000"
"067390","아스트","75782","41065","-34717","521612780","281548200","-240064580"
"138690","엘아이에스","695424","620101","-75323","2022773110","1782649245","-240123865"
"033290","코웰패션","77688","47130","-30558","610397700","369777820","-240619880"
"352700","씨앤투스성진","73203","27563","-45640","390531100","145777180","-244753920"
"093320","케이아이엔엑스","5326","1134","-4192","311387400","66279000","-245108400"
"198440","고려시멘트","192793","126878","-65915","699542530","453415025","-246127505"
"053160","프리엠스","37981","14963","-23018","414044100","163508450","-250535650"
"214450","파마리서치","23490","20633","-2857","2047134300","1796548400","-250585900"
"112040","위메이드","244008","242143","-1865","26506127800","26251781500","-254346300"
"369370","블리츠웨이","73933","26176","-47757","400672690","143288560","-257384130"
"318010","팜스빌","27502","7747","-19755","362566500","103395050","-259171450"
"052020","에스티큐브","56365","13195","-43170","343149090","80130880","-263018210"
"119610","인터로조","20310","11211","-9099","601366600","332746200","-268620400"
"121850","코이즈","384862","338871","-45991","2136163170","1865765340","-270397830"
"052330","코텍","27439","997","-26442","281821300","10230000","-271591300"
"088800","에이스테크","61758","36186","-25572","656706150","382255600","-274450550"
"306040","에스제이그룹","14556","2815","-11741","343002700","66181450","-276821250"
"039610","화성밸브","72555","25342","-47213","419040280","141650920","-277389360"
"200130","콜마비앤에이치","35562","27730","-7832","1250187300","972549200","-277638100"
"108490","로보티즈","151574","140942","-10632","3973655850","3691465000","-282190850"
"142760","바이오리더스","256572","226806","-29766","2355724020","2073052280","-282671740"
"082920","비츠로셀","26959","6630","-20329","377245000","92874750","-284370250"
"137950","제이씨케미칼","72089","39027","-33062","634476010","346972680","-287503330"
"323990","박셀바이오","36189","27665","-8524","1235377050","947202250","-288174800"
"046390","삼화네트웍스","354581","290785","-63796","1568725700","1279895340","-288830360"
"054450","텔레칩스","55771","39630","-16141","991443750","700145850","-291297900"
"054670","대한뉴팜","43446","15960","-27486","463072000","170579950","-292492050"
"041830","인바디","29159","17147","-12012","713970800","421093000","-292877800"
"151860","KG ETS","113009","91001","-22008","1508138350","1207209250","-300929100"
"293780","압타바이오","42724","29795","-12929","1022603700","715872350","-306731350"
"060150","인선이엔티","56889","27166","-29723","590667150","283064650","-307602500"
"058610","에스피지","54147","28204","-25943","646444300","338498400","-307945900"
"281740","레이크머티리얼즈","89180","24542","-64638","425939920","116753115","-309186805"
"322310","오로스테크놀로지","17812","3144","-14668","376954800","66493550","-310461250"
"099430","바이오플러스","26574","14569","-12005","700009300","381765500","-318243800"
"085660","차바이오텍","48583","29797","-18786","830732650","510364950","-320367700"
"025950","동신건설","28732","15453","-13279","701646200","379498050","-322148150"
"086900","메디톡스","8267","5557","-2710","992156400","668154100","-324002300"
"032190","다우데이타","37528","13924","-23604","515055950","188869850","-326186100"
"024950","삼천리자전거","27316","1235","-26081","343542400","15530650","-328011750"
"000250","삼천당제약","22172","12990","-9182","799516650","468829350","-330687300"
"243070","휴온스","14564","7482","-7082","679427000","348211450","-331215550"
"241820","피씨엘","25305","17874","-7431","1177691000","832774000","-344917000"
"237880","클리오","38512","23780","-14732","924742950","571724700","-353018250"
"035900","JYP Ent.","145298","137816","-7482","7196733500","6836833700","-359899800"
"114840","아이패밀리에스씨","21391","5814","-15577","523388300","142075600","-381312700"
"077360","덕산하이메탈","107143","85035","-22108","1861026500","1479596350","-381430150"
"181340","이즈미디어","74114","5399","-68715","416791520","30534900","-386256620"
"200670","휴메딕스","22814","4897","-17917","493808800","105195000","-388613800"
"290650","엘앤씨바이오","28846","16523","-12323","916793750","524665000","-392128750"
"124560","태웅로직스","57679","11016","-46663","486654950","93455290","-393199660"
"124500","아이티센","306700","234744","-71956","1652083430","1251057220","-401026210"
"106240","파인테크닉스","160161","128695","-31466","2085337100","1675784750","-409552350"
"218410","RFHIC","30679","15525","-15154","864307650","438016350","-426291300"
"006730","서부T&D","101619","50271","-51348","902439190","447101180","-455338010"
"005860","한일사료","780581","591965","-188616","1821480060","1365132005","-456348055"
"317830","에스피시스템스","92623","41240","-51383","845115360","378311090","-466804270"
"060250","NHN한국사이버결제","49694","29118","-20576","1168286900","684492600","-483794300"
"276730","제주맥주","1173388","1015052","-158336","3661907435","3177069595","-484837840"
"035760","CJ ENM","23637","19833","-3804","3067359400","2574695900","-492663500"
"064760","티씨케이","16103","11704","-4399","1853164800","1357174900","-495989900"
"193250","와이제이엠게임즈","584446","407387","-177059","1584722400","1086146810","-498575590"
"099750","이지케어텍","13916","1428","-12488","561564500","57549750","-504014750"
"092300","현우산업","295892","206700","-89192","1669413860","1160360290","-509053570"
"019210","와이지-원","82605","29577","-53028","796848240","285482090","-511366150"
"048530","인트론바이오","68847","40062","-28785","1244052850","726791350","-517261500"
"376980","원티드랩","18403","2175","-16228","587220650","69284950","-517935700"
"101490","에스앤에스텍","32745","14042","-18703","914211600","392638200","-521573400"
"030190","NICE평가정보","135023","106423","-28600","2510206400","1979772000","-530434400"
"104200","NHN벅스","349851","325277","-24574","5838508500","5302855450","-535653050"
"083650","비에이치아이","364236","258341","-105895","1864663360","1324663515","-539999845"
"145020","휴젤","15092","11254","-3838","2176314700","1635999300","-540315400"
"092070","디엔에프","43149","13676","-29473","800160750","252463700","-547697050"
"137400","피엔티","68651","54711","-13940","2918036250","2325922550","-592113700"
"140670","알에스오토메이션","102975","60923","-42052","1456616200","860547450","-596068750"
"194480","데브시스터즈","33170","22593","-10577","1887226800","1288426100","-598800700"
"131390","원익피앤이","37061","15445","-21616","1026429850","427338200","-599091650"
"065350","신성델타테크","106307","63933","-42374","1472065650","862528900","-609536750"
"033170","시그네틱스","476539","223457","-253082","1145789620","533259300","-612530320"
"253840","수젠텍","244700","211850","-32850","4211606100","3585750150","-625855950"
"038500","삼표시멘트","256582","122355","-134227","1223261010","583219365","-640041645"
"277810","레인보우로보틱스","38044","10147","-27897","877473000","234709500","-642763500"
"215200","메가스터디교육","22254","14358","-7896","1848946000","1192688300","-656257700"
"371950","풍원정밀","33109","568","-32541","680529600","12322300","-668207300"
"088290","이원컴포텍","84737","4031","-80706","716140410","34050800","-682089610"
"115440","우리넷","340033","278273","-61760","3491790950","2803303160","-688487790"
"095660","네오위즈","112669","84380","-28289","2740464350","2047582300","-692882050"
"214270","FSN","128765","38680","-90085","992909640","298016720","-694892920"
"003100","선광","11720","104","-11616","708076600","6282800","-701793800"
"045660","에이텍","56208","13197","-43011","916871750","215028050","-701843700"
"000440","중앙에너비스","244910","229096","-15814","9373618800","8662125950","-711492850"
"214150","클래시스","112188","72816","-39372","2084355900","1354039300","-730316600"
"140860","파크시스템스","12588","5887","-6701","1496669900","699438200","-797231700"
"065450","빅텍","1338371","1229141","-109230","9683890360","8860961380","-822928980"
"278650","노터스","32778","4036","-28742","946369800","116565250","-829804550"
"108860","셀바스AI","322302","223612","-98690","2681309440","1846121820","-835187620"
"270660","에브리봇","80943","60950","-19993","3398667450","2561776200","-836891250"
"357780","솔브레인","9201","5403","-3798","2067537500","1222989300","-844548200"
"319660","피에스케이","56924","38945","-17979","2685810550","1834744650","-851065900"
"034230","파라다이스","117018","65166","-51852","1939039950","1080423600","-858616350"
"024740","한일단조","1222099","972387","-249712","4336837915","3443817735","-893020180"
"049070","인탑스","66519","39173","-27346","2178353250","1279726400","-898626850"
"247660","나노씨엠에스","54107","35873","-18234","2581283050","1677316150","-903966900"
"046120","오르비텍","565544","435266","-130278","3968632870","3048350040","-920282830"
"042420","네오위즈홀딩스","61751","43742","-18009","3328519400","2372417000","-956102400"
"206650","유바이오로직스","94189","54073","-40116","2257439850","1294688850","-962751000"
"259630","엠플러스","85969","42597","-43372","1999939250","993874550","-1006064700"
"041190","우리기술투자","371151","247899","-123252","3142587570","2104078180","-1038509390"
"037440","희림","404242","292939","-111303","3832664610","2783602010","-1049062600"
"091700","파트론","137830","46556","-91274","1588948250","536394350","-1052553900"
"013810","스페코","244886","83257","-161629","1613275310","541979170","-1071296140"
"058470","리노공업","35933","29540","-6393","6359702900","5269526800","-1090176100"
"136510","에디슨EV","228414","188354","-40060","6160591900","5068344450","-1092247450"
"053050","지에스이","345810","191432","-154378","2462719970","1332576640","-1130143330"
"051370","인터플렉스","140730","81795","-58935","2752173100","1602150600","-1150022500"
"383310","에코프로에이치엔","55124","32891","-22233","2882116100","1724110300","-1158005800"
"189300","인텔리안테크","23907","9834","-14073","1978853400","810255000","-1168598400"
"237690","에스티팜","25039","13182","-11857","2479533400","1301841200","-1177692200"
"091120","이엠텍","44631","13976","-30655","1747374350","546032250","-1201342100"
"042000","카페24","79020","14975","-64045","1551796050","294196650","-1257599400"
"036640","HRS","337246","193375","-143871","2986599240","1710982320","-1275616920"
"068240","다원시스","97630","53676","-43954","2832197550","1553282400","-1278915150"
"090460","비에이치","112237","39895","-72342","2171988050","771888750","-1400099300"
"085910","네오티스","295462","44789","-250673","1694199190","255292570","-1438906620"
"054210","이랜텍","209735","116978","-92757","3244240650","1795247500","-1448993150"
"131970","테스나","55158","19060","-36098","2436168600","841853550","-1594315050"
"067310","하나마이크론","162465","68999","-93466","3026821750","1288344800","-1738476950"
"150840","인트로메딕","900905","599096","-301809","5620129740","3756626810","-1863502930"
"140410","메지온","17705","6205","-11500","2883201600","1010883900","-1872317700"
"268600","셀리버리","86131","21456","-64675","2607187300","650664900","-1956522400"
"089980","상아프론테크","66969","18705","-48264","2768954400","779697600","-1989256800"
"046110","한일네트웍스","345798","138731","-207067","3599232940","1450277000","-2148955940"
"094820","일진파워","1284524","1175324","-109200","25810960550","23559889300","-2251071250"
"064290","인텍플러스","120051","25813","-94238","2980440850","643254350","-2337186500"
"035080","인터파크","865564","462416","-403148","5113900270","2738547580","-2375352690"
"298380","에이비엘바이오","306835","216114","-90721","8245907050","5730568700","-2515338350"
"086520","에코프로","256259","207621","-48638","21629432800","17580350300","-4049082500"
"293490","카카오게임즈","198863","133894","-64969","14495693700","9797972000","-4697721700"
"064550","바이오니아","424118","300504","-123614","16050077400","11348237050","-4701840350"
"205470","휴마시스","785294","492959","-292335","14900567700","9255587050","-5644980650"
"053800","안랩","187160","72025","-115135","12068627300","4667465000","-7401162300"
"005290","동진쎄미켐","300877","81943","-218934","10579807050","2887882700","-7691924350"
"247540","에코프로비엠","153246","106432","-46814","56967909900","39485563800","-17482346100"