종목코드,종목명,거래량_매도,거래량_매수,거래량_순매수,거래대금_매도,거래대금_매수,거래대금_순매수
"034020","두산에너빌리티","1307743","2987842","1680099","25220403350","57737958150","32517554800"
"035250","강원랜드","486517","1635722","1149205","13397252450","45123911650","31726659200"
"316140","우리금융지주","1490123","3077691","1587568","23239111100","47894578400","24655467300"
"096770","SK이노베이션","64708","175043","110335","13193227000","35728164000","22534937000"
"000270","기아","497292","730286","232994","42944318400","63100281100","20155962700"
"003550","LG","108468","371164","262696","7992046700","27305425700","19313379000"
"017670","SK텔레콤","309964","613715","303751","18916782800","37533463000","18616680200"
"036570","엔씨소프트","99755","139577","39822","43828154500","61429351500","17601197000"
"329180","현대중공업","165546","300241","134695","20612267000","37365536000","16753269000"
"028670","팬오션","2068335","4173344","2105009","16174590090","32696871620","16522281530"
"373220","LG에너지솔루션","24265","60895","36630","9634800500","24169256000","14534455500"
"006400","삼성SDI","91301","115904","24603","53295379000","67694683000","14399304000"
"010950","S-Oil","81500","186228","104728","9014751000","20605245000","11590494000"
"033780","KT&G","184258","318551","134293","15304047600","26466272800","11162225200"
"055550","신한지주","373192","622576","249384","15692918650","26188834850","10495916200"
"000230","일동홀딩스","280354","490565","210211","12862877200","22499693350","9636816150"
"009540","한국조선해양","59914","161819","101905","5442311300","14703211300","9260900000"
"020150","일진머티리얼즈","53307","165462","112155","4218525000","13078221200","8859696200"
"361610","SK아이이테크놀로지","45882","120046","74164","5307627000","13834927000","8527300000"
"011210","현대위아","19751","138315","118564","1299746900","9116374500","7816627600"
"030200","KT","528435","730217","201782","19631414900","27168609250","7537194350"
"009150","삼성전기","63809","99897","36088","10153907500","15895265500","5741358000"
"352820","하이브","76370","102162","25792","16379551000","21842792000","5463241000"
"000720","현대건설","56072","176262","120190","2364279850","7426159700","5061879850"
"093370","후성","173639","426739","253100","3277872550","8148135450","4870262900"
"035720","카카오","301041","358425","57384","24461277400","29171868500","4710591100"
"002900","TYM","5490753","6741616","1250863","19025907445","23452638105","4426730660"
"204320","만도","56283","133620","77337","3065379700","7248111900","4182732200"
"004990","롯데지주","31112","151284","120172","1072317900","5202705050","4130387150"
"267250","HD현대","41128","111306","70178","2416731900","6538083600","4121351700"
"023530","롯데쇼핑","29320","69994","40674","2964035500","7079049700","4115014200"
"028050","삼성엔지니어링","284917","441238","156321","7459966050","11559685200","4099719150"
"195870","해성디에스","57945","113183","55238","4033708900","7853821600","3820112700"
"086790","하나금융지주","289426","372063","82637","13164281250","16957760700","3793479450"
"271940","일진하이솔루스","22096","107932","85836","896694050","4378857250","3482163200"
"326030","SK바이오팜","74275","114910","40635","6331487900","9770461700","3438973800"
"103590","일진전기","948172","1497455","549283","5849038430","9158438990","3309400560"
"011170","롯데케미칼","9322","25940","16618","1780929000","4953999000","3173070000"
"005490","POSCO홀딩스","106676","117270","10594","29695777500","32680561000","2984783500"
"249420","일동제약","647909","704656","56747","30389880600","33031863950","2641983350"
"066570","LG전자","184599","209351","24752","19936022500","22569709500","2633687000"
"005380","현대차","186702","200912","14210","34675967500","37290498500","2614531000"
"102280","쌍방울","17572279","21628328","4056049","12021901036","14584552570","2562651534"
"032830","삼성생명","146906","186454","39548","9552050000","12113871300","2561821300"
"004830","덕성","123206","452351","329145","967595510","3488965620","2521370110"
"018880","한온시스템","231878","456388","224510","2603136700","5105221050","2502084350"
"069960","현대백화점","11638","40351","28713","909481000","3153665700","2244184700"
"139480","이마트","61085","79451","18366","7454371500","9694977000","2240605500"
"024110","기업은행","322234","523581","201347","3588501300","5820815900","2232314600"
"117580","대성에너지","219213","381801","162588","2981264850","5147950150","2166685300"
"036420","콘텐트리중앙","30637","82094","51457","1284112800","3361347350","2077234550"
"069260","TKG휴켐스","30310","116684","86374","700963800","2713895000","2012931200"
"006280","녹십자","5681","16749","11068","1024285500","3019572500","1995287000"
"086280","현대글로비스","45912","55249","9337","9596380500","11563484500","1967104000"
"000150","두산","14213","38345","24132","1159048100","3121240600","1962192500"
"000080","하이트진로","40669","94122","53453","1432095700","3316441850","1884346150"
"259960","크래프톤","177199","184464","7265","44980218000","46835513500","1855295500"
"402340","SK스퀘어","117357","159334","41977","5192742550","7042749750","1850007200"
"298050","효성첨단소재","1368","5376","4008","622205000","2448596500","1826391500"
"019170","신풍제약","35860","98611","62751","989497200","2728723050","1739225850"
"032640","LG유플러스","243363","364245","120882","3345108200","5004291600","1659183400"
"138040","메리츠금융지주","95944","150557","54613","2898810500","4539825050","1641014550"
"010820","퍼스텍","270915","630231","359316","1156784020","2664426210","1507642190"
"071050","한국금융지주","39038","60748","21710","2645658300","4124811000","1479152700"
"016380","KG스틸","1691390","1805107","113717","35309320200","36769489150","1460168950"
"001390","KG케미칼","556575","603306","46731","25341681600","26760983250","1419301650"
"008770","호텔신라","20120","38297","18177","1520624300","2894017600","1373393300"
"091090","세원이앤씨","1830902","3940452","2109550","1216143386","2571386528","1355243142"
"002710","TCC스틸","121447","230232","108785","1486907350","2838183600","1351276250"
"011780","금호석유","19253","28142","8889","2848144500","4167857000","1319712500"
"020760","일진디스플","727625","1297510","569885","1621692640","2878203520","1256510880"
"000660","SK하이닉스","838298","845379","7081","93076336500","94315073000","1238736500"
"007810","코리아써키트","12944","54561","41617","382735650","1616090100","1233354450"
"336370","솔루스첨단소재","14876","34291","19415","927270700","2137550600","1210279900"
"294870","HDC현대산업개발","79655","155118","75463","1083346400","2113149050","1029802650"
"042660","대우조선해양","40225","80882","40657","964116250","1940532400","976416150"
"052690","한전기술","38550","51945","13395","2822314100","3793607700","971293600"
"272210","한화시스템","67094","130955","63861","1015398900","1984606700","969207800"
"003000","부광약품","74055","163611","89556","777881900","1729443050","951561150"
"285130","SK케미칼","15101","22621","7520","1898638000","2843515000","944877000"
"089860","롯데렌탈","23611","47334","23723","906973550","1819627300","912653750"
"248070","솔루엠","4489","43109","38620","105451150","1011944800","906493650"
"032350","롯데관광개발","60214","116989","56775","903512100","1756516500","853004400"
"000810","삼성화재","35152","39297","4145","7146159500","7992567500","846408000"
"026960","동서","17530","48538","31008","462544900","1277051450","814506550"
"073240","금호타이어","64220","257587","193367","269051140","1081626070","812574930"
"034220","LG디스플레이","405228","451364","46136","7003025550","7807808500","804782950"
"004800","효성","3732","13519","9787","305682900","1104195400","798512500"
"016710","대성홀딩스","4800","18171","13371","285791600","1082312000","796520400"
"001740","SK네트웍스","21737","189629","167892","103088860","899585760","796496900"
"183190","아세아시멘트","51884","113714","61830","648166950","1405927650","757760700"
"017800","현대엘리베이","14061","36077","22016","483678300","1231608600","747930300"
"011070","LG이노텍","57253","59588","2335","19221077500","19960805000","739727500"
"002140","고려산업","246671","368312","121641","1514061750","2245532620","731470870"
"033180","KH 필룩스","430606","800846","370240","849109505","1572768405","723658900"
"004370","농심","1737","4134","2397","523688000","1246148000","722460000"
"375500","DL이앤씨","35731","48433","12702","1859199900","2522552200","663352300"
"003960","사조대림","10458","31396","20938","322382700","980821400","658438700"
"001790","대한제당","370147","516112","145965","1716995285","2375420405","658425120"
"001250","GS글로벌","793791","955663","161872","3086918590","3693088605","606170015"
"018260","삼성에스디에스","30942","35169","4227","4452432000","5051586500","599154500"
"009320","대우부품","117774","371868","254094","275532430","870378250","594845820"
"003520","영진약품","70019","191814","121795","314133370","865545150","551411780"
"011000","진원생명과학","26322","80979","54657","263870810","812666900","548796090"
"051600","한전KPS","45777","60550","14773","1672563300","2210787900","538224600"
"013360","일성건설","133312","263070","129758","548803240","1081291745","532488505"
"001020","페이퍼코리아","83245","324514","241269","180418920","694535275","514116355"
"027410","BGF","34287","133318","99031","175506140","681958560","506452420"
"018670","SK가스","4883","8803","3920","618946500","1119833500","500887000"
"105840","우진","303548","340956","37408","4245403000","4723216850","477813850"
"051910","LG화학","92938","93752","814","46957867000","47428340500","470473500"
"000120","CJ대한통운","19955","23488","3533","2614346500","3078881500","464535000"
"001530","DI동일","19810","38718","18908","491690150","954668500","462978350"
"007540","샘표","9881","17732","7851","580516400","1029015600","448499200"
"030000","제일기획","129980","146554","16574","3303318950","3733462650","430143700"
"025540","한국단자","4550","11084","6534","296748500","725496800","428748300"
"000240","한국앤컴퍼니","7411","37613","30202","103394500","526609200","423214700"
"395400","SK리츠","50216","110753","60537","345708230","761769980","416061750"
"002410","범양건영","69224","150544","81320","355327400","771086550","415759150"
"006890","태경케미컬","77795","101734","23939","1328222700","1738343600","410120900"
"009410","태영건설","7115","53343","46228","62743620","470226150","407482530"
"298000","효성화학","326","2350","2024","65270000","468639500","403369500"
"004410","서울식품","313497","1650439","1336942","94399033","496480754","402081721"
"004250","NPC","45193","84903","39710","450739350","848581450","397842100"
"030720","동원수산","23771","59379","35608","264689100","660906250","396217150"
"015860","일진홀딩스","117462","189851","72389","654422970","1043043240","388620270"
"010060","OCI","23340","27011","3671","2414107000","2792221000","378114000"
"064350","현대로템","55435","75948","20513","1008923750","1376926350","368002600"
"178920","PI첨단소재","9240","17401","8161","411162900","773468500","362305600"
"008420","문배철강","22338","99733","77395","104486635","466279375","361792740"
"016880","웅진","669886","842390","172504","1474297570","1831133705","356836135"
"005390","신성통상","28743","134862","106119","94685500","444328460","349642960"
"095720","웅진씽크빅","22728","137960","115232","68725850","417112285","348386435"
"020560","아시아나항공","47209","65188","17979","863723100","1196165700","332442600"
"033240","자화전자","61866","73095","11229","1827027100","2153813900","326786800"
"023800","인지컨트롤스","3216","35808","32592","31917340","354037420","322120080"
"241560","두산밥캣","29601","37537","7936","1196209000","1517120700","320911700"
"009070","KCTC","17304","69339","52035","104906410","419128500","314222090"
"136490","선진","63713","88895","25182","789852200","1100329400","310477200"
"012690","모나리자","320106","393417","73311","1327934250","1636652715","308718465"
"006650","대한유화","5942","8070","2128","855501000","1162756500","307255500"
"001200","유진투자증권","111292","200227","88935","376631580","677922550","301290970"
"092220","KEC","126690","219640","92950","401693190","696482690","294789500"
"014820","동원시스템즈","2975","8022","5047","167951900","453427500","285475600"
"007700","F&F홀딩스","3218","14874","11656","76393350","355633400","279240050"
"005090","SGC에너지","2521","8253","5732","121945600","398906300","276960700"
"267290","경동도시가스","8883","19327","10444","221011400","481440650","260429250"
"004980","성신양회","5434","26130","20696","66136850","312697500","246560650"
"006405","삼성SDI우","17","853","836","5005000","249980000","244975000"
"005870","휴니드","136030","161924","25894","1359813530","1598275470","238461940"
"007310","오뚜기","463","990","527","207554000","444029500","236475500"
"007860","서연","12629","41470","28841","99737490","328117970","228380480"
"006980","우성","10138","18041","7903","296047150","523439100","227391950"
"010640","진양폴리","16834","59796","42962","88083150","311414310","223331160"
"006040","동원산업","507","1446","939","119876500","341947000","222070500"
"001260","남광토건","4256","23536","19280","48097150","261301800","213204650"
"003530","한화투자증권","123484","175022","51538","496966745","703817980","206851235"
"272450","진에어","13673","25776","12103","234031300","440005000","205973700"
"071090","하이스틸","139379","175715","36336","771799810","969484930","197685120"
"000670","영풍","215","520","305","139354000","336799000","197445000"
"082740","HSD엔진","27281","46765","19484","269931000","460899450","190968450"
"002350","넥센타이어","69486","99123","29637","451988190","642457830","190469640"
"009310","참엔지니어링","128795","289595","160800","147041510","336550390","189508880"
"033270","유나이티드제약","3373","10435","7062","90268200","279758500","189490300"
"004090","한국석유","31287","43206","11919","492815350","680994350","188179000"
"036580","팜스코","69172","99080","29908","429372990","617270040","187897050"
"001820","삼화콘덴서","2495","6047","3552","126665000","305861900","179196900"
"264900","크라운제과","7820","24246","16426","83111200","255561150","172449950"
"001880","DL건설","4589","11652","7063","112280650","283956200","171675550"
"128820","대성산업","34329","68848","34519","168927320","339517965","170590645"
"100840","SNT에너지","5924","14964","9040","111537850","282000600","170462750"
"011150","CJ씨푸드","13741","58806","45065","51370770","220343985","168973215"
"003780","진양산업","3287","24510","21223","26253770","194680910","168427140"
"000180","성창기업지주","489743","549206","59463","1366895935","1534173145","167277210"
"005360","모나미","11711","48643","36932","52509435","217014835","164505400"
"404990","신한서부티엔디리츠","5809","36088","30279","31058080","192717220","161659140"
"014710","사조씨푸드","35326","63007","27681","206167940","367314000","161146060"
"006340","대원전선","220794","307855","87061","415921505","576364875","160443370"
"029780","삼성카드","24575","29295","4720","812191550","968871150","156679600"
"185750","종근당","3748","5435","1687","344224800","498798100","154573300"
"002070","비비안","75563","140410","64847","174334585","322035615","147701030"
"025820","이구산업","33376","71292","37916","128225685","273085915","144860230"
"095570","AJ네트웍스","10492","32737","22245","68337430","212389210","144051780"
"005389","현대차3우B","63","1643","1580","5692600","147870000","142177400"
"075580","세진중공업","13810","35253","21443","91102680","231530570","140427890"
"025560","미래산업","16883","28588","11705","209521350","349107200","139585850"
"002630","오리엔트바이오","95095","246938","151843","87546873","224929569","137382696"
"015020","이스타코","37702","119267","81565","63660745","200539940","136879195"
"082640","동양생명","20984","42786","21802","128790900","262338540","133547640"
"008110","대동전자","107","17575","17468","792820","129302510","128509690"
"011090","에넥스","41705","106089","64384","80660025","204885920","124225895"
"175330","JB금융지주","54938","69413","14475","471898360","595938040","124039680"
"090350","노루페인트","12400","24277","11877","126683450","248123250","121439800"
"012610","경인양행","26495","43810","17315","186080060","307122260","121042200"
"013570","디와이","28453","43143","14690","232723030","350995670","118272640"
"006880","신송홀딩스","75763","87946","12183","720720360","830277130","109556770"
"084695","대상홀딩스우","873","9476","8603","10953800","119649950","108696150"
"000970","한국주철관","2657","13471","10814","26682560","135243830","108561270"
"089590","제주항공","8402","13707","5305","171066900","278826250","107759350"
"012800","대창","39602","97832","58230","73310170","180672180","107362010"
"058430","포스코스틸리온","882","3236","2354","40597550","147958450","107360900"
"138930","BNK금융지주","424462","438248","13786","3237548030","3344601140","107053110"
"030790","비케이탑스","856475","962789","106314","934164101","1041024286","106860185"
"007570","일양약품","2903","7375","4472","67614850","172168650","104553800"
"003680","한성기업","18965","32186","13221","147710970","250712690","103001720"
"004170","신세계","7994","8407","413","2050506500","2149290500","98784000"
"092780","동양피스톤","5756","21815","16059","35227650","133831130","98603480"
"007460","에이프로젠 MED","85051","150141","65090","127592905","225242955","97650050"
"010420","한솔PNS","8173","54965","46792","16386730","110123555","93736825"
"000020","동화약품","4916","12987","8071","57194900","150535650","93340750"
"004310","현대약품","12625","31431","18806","62219850","155171805","92951955"
"002690","동일제강","129924","151307","21383","561405690","653681455","92275765"
"088790","진도","14707","41546","26839","50496015","142381175","91885160"
"012630","HDC","12682","25527","12845","89980190","181387540","91407350"
"015760","한국전력","302314","306303","3989","6795941950","6886029650","90087700"
"010955","S-Oil우","578","1947","1369","36481300","122787700","86306400"
"248170","샘표식품","2370","4373","2003","102053700","188048100","85994400"
"003555","LG우","102","1507","1405","6235700","91969800","85734100"
"004430","송원산업","58128","61720","3592","1418459250","1504044850","85585600"
"006380","카프로","26256","46621","20365","111531725","196987890","85456165"
"000220","유유제약","6380","18577","12197","44225950","129536000","85310050"
"002880","대유에이텍","73574","151980","78406","79692600","164538265","84845665"
"011230","삼화전자","3450","28731","25281","11870215","96377070","84506855"
"000910","유니온","10131","22114","11983","70121120","152537800","82416680"
"049800","우진플라임","5234","22683","17449","24820315","106454380","81634065"
"011785","금호석유우","169","1026","857","16095400","97725300","81629900"
"083420","그린케미칼","974","9953","8979","8845010","90312370","81467360"
"012280","영화금속","81738","139792","58054","114754060","195414135","80660075"
"101140","인바이오젠","14638","51724","37086","31911250","112343040","80431790"
"013700","까뮤이앤씨","35625","71192","35567","80114365","159907230","79792865"
"002790","아모레G","39053","40889","1836","1735241300","1814848300","79607000"
"003850","보령","20388","27184","6796","240055300","319432850","79377550"
"014530","극동유화","41784","60749","18965","174255530","252269285","78013755"
"017940","E1","1158","2734","1576","56947000","134482550","77535550"
"004920","씨아이테크","52931","122486","69555","57548260","133107270","75559010"
"950210","프레스티지바이오파마","4041","8858","4817","63248050","138500800","75252750"
"000640","동아쏘시오홀딩스","232","967","735","23917500","99137000","75219500"
"002360","SH에너지화학","252143","314606","62463","294637535","367799285","73161750"
"027740","마니커","192482","236295","43813","330853635","403378360","72524725"
"000390","삼화페인트","1390","9201","7811","12296490","81194030","68897540"
"000680","LS네트웍스","4690","24218","19528","16051375","83054480","67003105"
"005320","국동","6737","38396","31659","14157915","80505185","66347270"
"002920","유성기업","4873","25744","20871","15474825","81531965","66057140"
"074610","이엔플러스","40048","57323","17275","152947505","218043235","65095730"
"009970","영원무역홀딩스","7427","8718","1291","373019900","437301550","64281650"
"063160","종근당바이오","925","2887","1962","30289600","93737950","63448350"
"372910","한컴라이프케어","10708","21356","10648","63581370","126494970","62913600"
"015890","태경산업","6615","15623","9008","45962930","108842660","62879730"
"014440","영보화학","6307","20164","13857","28219655","89856095","61636440"
"002990","금호건설","12142","18242","6100","119967670","180281630","60313960"
"900140","엘브이엠씨홀딩스","14264","31439","17175","50166535","110294420","60127885"
"130660","한전산업","77592","82843","5251","972496200","1032622050","60125850"
"004960","한신공영","2806","6646","3840","44090250","104078200","59987950"
"079980","휴비스","6154","14114","7960","45221650","103497030","58275380"
"002320","한진","1498","3322","1824","47723950","105344250","57620300"
"383800","LX홀딩스","13337","19245","5908","129623830","186901770","57277940"
"097950","CJ제일제당","12953","13097","144","5251253000","5308478000","57225000"
"200880","서연이화","8220","16388","8168","55757390","111533710","55776320"
"001560","제일연마","4144","9709","5565","39609020","92386000","52776980"
"005110","한창","29322","101625","72303","20870595","72837519","51966924"
"007590","동방아그로","2122","9189","7067","15592010","67461850","51869840"
"378850","화승알앤에이","10590","22272","11682","45982525","95557070","49574545"
"357250","미래에셋맵스리츠","1571","11357","9786","7933310","57198520","49265210"
"271980","제일약품","1327","3363","2036","32179350","81271650","49092300"
"033530","세종공업","4796","11638","6842","34195030","82976540","48781510"
"003547","대신증권2우B","390","3764","3374","5670600","54433150","48762550"
"006090","사조오양","756","5559","4803","7589200","55846710","48257510"
"006660","삼성공조","851","4495","3644","11159300","58659300","47500000"
"008250","이건산업","12124","16467","4343","134635300","182126200","47490900"
"293480","하나제약","223","2663","2440","4289550","51185300","46895750"
"003480","한진중공업홀딩스","4878","15564","10686","21304835","67870590","46565755"
"004720","팜젠사이언스","17449","22974","5525","138669280","183355200","44685920"
"011500","한농화성","10085","13086","3001","157035900","201658150","44622250"
"009190","대양금속","31461","41502","10041","138534475","182372075","43837600"
"058850","KTcs","7864","26991","19127","18024800","61773260","43748460"
"004140","동방","16017","29334","13317","52520700","95439960","42919260"
"016385","KG스틸우","0","108","108","0","42606000","42606000"
"007160","사조산업","1120","1967","847","56026950","97830650","41803700"
"001360","삼성제약","4705","16271","11566","16938670","58497290","41558620"
"003470","유안타증권","12597","25043","12446","41802235","83188020","41385785"
"072130","유엔젤","1819","11327","9508","7799740","48584425","40784685"
"396690","미래에셋글로벌리츠","1280","7801","6521","7972500","48685010","40712510"
"097230","HJ중공업","888","6176","5288","6819370","47413990","40594620"
"009155","삼성전기우","132","578","446","11820500","51947100","40126600"
"068400","SK렌터카","1197","5105","3908","11930350","50975240","39044890"
"024090","디씨엠","9567","11297","1730","251249400","289914450","38665050"
"111110","호전실업","5238","9002","3764","52593540","90381200","37787660"
"281820","케이씨텍","4981","6803","1822","98421650","134702300","36280650"
"017180","명문제약","3530","14078","10548","12090710","47959810","35869100"
"000100","유한양행","48608","49282","674","2813813100","2849358000","35544900"
"002720","국제약품","4238","10844","6606","23258660","58294490","35035830"
"071840","롯데하이마트","2262","3875","1613","49575400","84208400","34633000"
"035510","신세계 I&C","981","3156","2175","15373650","49544350","34170700"
"047400","유니온머티리얼","13771","25916","12145","38462220","72383845","33921625"
"007690","국도화학","1391","2038","647","73474800","107365400","33890600"
"005420","코스모화학","18967","20990","2023","297136550","331010450","33873900"
"004840","DRB동일","2238","8086","5848","12932780","46400520","33467740"
"006840","AK홀딩스","6555","8286","1731","128566050","161974950","33408900"
"051630","진양화학","6177","13502","7325","28094265","61028410","32934145"
"011420","갤럭시아에스엠","17638","33503","15865","36355790","68794240","32438450"
"077500","유니퀘스트","16884","20030","3146","181297050","213357400","32060350"
"024900","덕양산업","26686","36301","9615","84805435","115831330","31025895"
"00088K","한화3우B","3419","5394","1975","53300350","84126450","30826100"
"192080","더블유게임즈","15789","16489","700","678870250","708954000","30083750"
"004255","NPC우","16533","22116","5583","99486460","129461730","29975270"
"118000","초록뱀헬스케어","11966","39243","27277","13014225","42795780","29781555"
"034590","인천도시가스","198","1304","1106","5381400","35126400","29745000"
"026940","부국철강","36910","43159","6249","173758625","203318115","29559490"
"084870","TBH글로벌","6908","21489","14581","13709145","42495325","28786180"
"006060","화승인더","10194","15394","5200","55119210","83208370","28089160"
"004910","조광페인트","2822","6341","3519","22374680","50197470","27822790"
"079430","현대리바트","3874","5956","2082","51396050","78527500","27131450"
"214420","토니모리","11251","16198","4947","62747880","89646560","26898680"
"02826K","삼성물산우B","46","272","226","4990500","29377000","24386500"
"001685","대상우","340","1646","1306","6307050","30548000","24240950"
"013870","지엠비코리아","977","5296","4319","5468390","29683680","24215290"
"010040","한국내화","5533","11925","6392","21032860","45239430","24206570"
"008500","일정실업","380","1514","1134","8239750","32046250","23806500"
"008970","동양철관","24191","42011","17820","31230795","54134025","22903230"
"071320","지역난방공사","114","766","652","4014050","26790050","22776000"
"004710","한솔테크닉스","2704","6299","3595","17381450","40118390","22736940"
"092200","디아이씨","17413","21941","4528","86672060","109316590","22644530"
"009470","삼화전기","676","1564","888","17185800","39815800","22630000"
"139990","아주스틸","1195","2653","1458","17777100","39393800","21616700"
"005740","크라운해태홀딩스","4956","7118","2162","47340140","68038890","20698750"
"078935","GS우","115","664","549","4268050","24559000","20290950"
"004985","성신양회우","2865","4079","1214","50146750","70336300","20189550"
"001420","태원물산","795","4686","3891","4094790","24184970","20090180"
"002795","아모레G우","4275","5412","1137","74502150","94360150","19858000"
"145990","삼양사","324","705","381","16751400","36462700","19711300"
"308170","센트랄모텍","1762","2989","1227","28519050","48212100","19693050"
"002030","아세아","97","234","137","14034500","33644000","19609500"
"001450","현대해상","143738","144558","820","4438704100","4458058900","19354800"
"084690","대상홀딩스","5726","7598","1872","56367560","75010240","18642680"
"002020","코오롱","1838","2556","718","47975850","66544900","18569050"
"002220","한일철강","42990","46302","3312","231389830","249519530","18129700"
"011300","성안","140174","173689","33515","77142301","95062121","17919820"
"000950","전방","950","1254","304","52395000","69635800","17240800"
"009440","KC그린홀딩스","29288","33028","3740","133875080","150899030","17023950"
"021050","서원","9222","18423","9201","16930955","33816275","16885320"
"123690","한국화장품","5931","7730","1799","56892530","73673900","16781370"
"081000","일진다이아","2383","3035","652","60276300","76710000","16433700"
"007280","한국특강","43379","49117","5738","123473155","139568245","16095090"
"058860","KTis","5306","11291","5985","13656015","29031385","15375370"
"010960","삼호개발","702","3892","3190","3349760","18534995","15185235"
"006805","미래에셋증권우","218","3032","2814","1166490","16064910","14898420"
"004835","덕성우","5502","7171","1669","60095950","74682800","14586850"
"002760","보락","37263","45265","8002","71503700","85988980","14485280"
"244920","에이플러스에셋","13039","15153","2114","85873860","100035080","14161220"
"28513K","SK케미칼우","344","568","224","21981800","36083300","14101500"
"006200","한국전자홀딩스","24942","32307","7365","42904670","55870940","12966270"
"004770","써니전자","114130","118972","4842","366899145","379825950","12926805"
"017900","광전자","15672","20642","4970","40795260","53629630","12834370"
"015590","큐로","37819","65109","27290","17701731","30532431","12830700"
"003080","성보화학","4192","7246","3054","17293100","29805505","12512405"
"058730","다스코","132962","136752","3790","801821860","814319610","12497750"
"016740","두올","11613","15040","3427","42460445","54797110","12336665"
"011810","STX","6252","9133","2881","25093585","36741055","11647470"
"33637K","솔루스첨단소재1우","596","1397","801","8695700","20333750","11638050"
"007815","코리아써우","127","1156","1029","1381150","12530150","11149000"
"004100","태양금속","16492","24825","8333","21920360","32874210","10953850"
"003545","대신증권우","4789","5529","740","69942150","80747650","10805500"
"001210","금호전기","26135","30830","4695","57128385","67927475","10799090"
"071970","STX중공업","11898","14163","2265","57105215","67900325","10795110"
"023810","인팩","2894","4065","1171","26575770","37260430","10684660"
"000430","대원강업","3474","6460","2986","11742640","21864315","10121675"
"096760","JW홀딩스","8881","11451","2570","34729290","44837395","10108105"
"000225","유유제약1우","1748","2881","1133","16635300","26720250","10084950"
"004360","세방","6677","7532","855","76631650","86509450","9877800"
"161000","애경케미칼","5156","6188","1032","49634390","59396840","9762450"
"000500","가온전선","1678","2071","393","42837200","52522050","9684850"
"090080","평화산업","17632","23606","5974","29150335","38805445","9655110"
"001380","SG글로벌","10141","15581","5440","17925865","27382465","9456600"
"008260","NI스틸","25555","27235","1680","127946045","137186290","9240245"
"003300","한일홀딩스","590","1302","712","7644050","16877750","9233700"
"001795","대한제당우","59346","61844","2498","251304375","260012180","8707805"
"006740","영풍제지","43236","43929","693","635144300","643826900","8682600"
"008600","윌비스","7203","14315","7112","8816020","17471995","8655975"
"010400","우진아이엔에스","173","1265","1092","1334200","9640770","8306570"
"377190","디앤디플랫폼리츠","5685","7126","1441","30288120","38164320","7876200"
"009415","태영건설우","374","1009","635","4085400","10926100","6840700"
"322000","현대에너지솔루션","3192","3512","320","71721200","78434800","6713600"
"298020","효성티앤씨","5399","5411","12","2003360000","2009790500","6430500"
"004440","삼일씨엔에스","1899","2500","601","17944440","23737020","5792580"
"155900","바다로19호","3791","5507","1716","12051280","17352955","5301675"
"077970","STX엔진","8863","9274","411","120219000","125433950","5214950"
"013890","지누스","11807","11903","96","742582700","747572600","4989900"
"003570","SNT중공업","5893","6474","581","51135310","56094880","4959570"
"069640","한세엠케이","4282","5559","1277","16560005","21518555","4958550"
"120030","조선선재","77","123","46","8419000","13306500","4887500"
"096775","SK이노베이션우","130","171","41","16351500","21020000","4668500"
"298690","에어부산","20222","22185","1963","43981480","48338555","4357075"
"00104K","CJ4우(전환)","57","114","57","4231300","8392200","4160900"
"000300","대유플러스","25043","28895","3852","26704835","30807410","4102575"
"339770","교촌에프앤비","2885","3176","291","41623500","45630350","4006850"
"000087","하이트진로2우B","13","205","192","269950","4212750","3942800"
"012320","경동인베스트","0","109","109","0","3942200","3942200"
"006220","제주은행","3075","3726","651","18545780","22462430","3916650"
"007210","벽산","49191","50593","1402","177226410","181124875","3898465"
"085310","엔케이","7624","11092","3468","8465005","12251100","3786095"
"101530","해태제과식품","6154","6646","492","50506120","54263820","3757700"
"016800","퍼시스","123","230","107","4227000","7881500","3654500"
"338100","NH프라임리츠","750","1485","735","3725005","7373490","3648485"
"003610","방림","14286","15319","1033","48730425","52321785","3591360"
"03473K","SK우","31","47","16","6543500","9884000","3340500"
"003650","미창석유","108","148","40","8757000","11952200","3195200"
"005745","크라운해태홀딩스우","6","211","205","81100","2845900","2764800"
"066575","LG전자우","456","504","48","25035500","27580900","2545400"
"120115","코오롱인더우","151","227","76","4607400","6933200","2325800"
"000760","이화산업","0","130","130","0","2246000","2246000"
"123700","SJM","3032","3544","512","12451625","14510190","2058565"
"025530","SJM홀딩스","683","1236","553","2517895","4547455","2029560"
"008775","호텔신라우","49","78","29","3470900","5492800","2021900"
"000157","두산2우B","423","442","19","45733000","47669500","1936500"
"067830","세이브존I&C","1719","2281","562","5846180","7735070","1888890"
"003350","한국화장품제조","828","895","67","23548250","25357700","1809450"
"33626K","두산퓨얼셀1우","1039","1189","150","12694050","14438600","1744550"
"18064K","한진칼우","7","54","47","250050","1924300","1674250"
"005305","롯데칠성우","182","202","20","14368900","15947700","1578800"
"005800","신영와코루","592","698","106","7288350","8602100","1313750"
"33637L","솔루스첨단소재2우B","12","77","65","209450","1328250","1118800"
"282690","동아타이어","4653","4767","114","58835750","59757750","922000"
"023450","동남합성","4","19","15","231200","1109000","877800"
"36328K","티와이홀딩스우","3","39","36","60300","778050","717750"
"000040","KR모터스","14523","15366","843","11549367","12217752","668385"
"317400","자이에스앤디","3261","3339","78","28250560","28891840","641280"
"003060","에이프로젠제약","3507","4304","797","2722276","3336820","614544"
"000850","화천기공","91","109","18","3130500","3734850","604350"
"019680","대교","3677","3850","173","12984880","13542490","557610"
"049770","동원F&B","578","580","2","95012000","95536500","524500"
"033250","체시스","10289","10755","466","11577745","12022085","444340"
"003460","유화증권","84","255","171","213210","635785","422575"
"092440","기신정기","1985","2096","111","8551770","8971490","419720"
"140910","에이리츠","58","112","54","425710","816800","391090"
"37550L","DL이앤씨2우(전환)","26","35","9","1068000","1414200","346200"
"078000","텔코웨어","0","26","26","0","269500","269500"
"003475","유안타증권우","18","29","11","63405","101500","38095"
"00806K","대덕1우","0","1","1","0","10700","10700"
"002355","넥센타이어1우B","10","12","2","32750","38475","5725"
"001270","부국증권","2","2","0","49700","49700","0"
"096300","베트남개발1","142","116","-26","29110","23664","-5446"
"014825","동원시스템즈우","2","0","-2","68900","0","-68900"
"001725","신영증권우","2","0","-2","114000","0","-114000"
"004450","삼화왕관","3","0","-3","133800","0","-133800"
"019175","신풍제약우","3","0","-3","145950","0","-145950"
"204210","모두투어리츠","30","1","-29","159300","5310","-153990"
"006370","대구백화점","217","200","-17","2271300","2090000","-181300"
"005725","넥센우","101","48","-53","358920","166070","-192850"
"036530","SNT홀딩스","1010","1026","16","17116900","16909150","-207750"
"003495","대한항공우","99","93","-6","3513500","3298500","-215000"
"014910","성문전자","9268","9175","-93","21391225","21175295","-215930"
"000590","CS홀딩스","16","12","-4","1036800","780100","-256700"
"001045","CJ우","6","0","-6","310800","0","-310800"
"004060","SG세계물산","81686","81207","-479","56063394","55692418","-370976"
"000480","조선내화","6","1","-5","488200","80600","-407600"
"00499K","롯데지주우","10","0","-10","498000","0","-498000"
"004700","조광피혁","11","0","-11","520350","0","-520350"
"001630","종근당홀딩스","690","684","-6","44385500","43864000","-521500"
"002820","SUN&L","161","29","-132","860720","151090","-709630"
"006570","대림통상","234","61","-173","966550","249415","-717135"
"004380","삼익THK","1376","1313","-63","18208900","17390850","-818050"
"005820","원림","44","6","-38","973350","132900","-840450"
"003830","대한화섬","10","3","-7","1233500","365500","-868000"
"001070","대한방직","60","39","-21","2880500","1854550","-1025950"
"018250","애경산업","7288","7234","-54","124528950","123485000","-1043950"
"108675","LX하우시스우","105","62","-43","2829500","1670300","-1159200"
"008870","금비","19","0","-19","1284700","0","-1284700"
"000320","노루홀딩스","364","233","-131","4196500","2660400","-1536100"
"002620","제일파마홀딩스","248","115","-133","2942500","1356550","-1585950"
"38380K","LX홀딩스1우","161","46","-115","2228650","630100","-1598550"
"023000","삼원강재","1015","497","-518","3170705","1557415","-1613290"
"143210","핸즈코퍼레이션","383","40","-343","1804210","187800","-1616410"
"134790","시디즈","30","0","-30","1616800","0","-1616800"
"417310","코람코더원리츠","6904","6681","-223","42423680","40724780","-1698900"
"019685","대교우B","783","52","-731","2008555","132595","-1875960"
"084670","동양고속","109","0","-109","1954850","0","-1954850"
"006125","SK디스커버리우","59","0","-59","1959650","0","-1959650"
"010770","평화홀딩스","963","405","-558","3559800","1490090","-2069710"
"017810","풀무원","4986","4862","-124","76490550","74289300","-2201250"
"090370","메타랩스","18235","15507","-2728","14083055","11864924","-2218131"
"300720","한일시멘트","7681","7555","-126","143394800","141089950","-2304850"
"400760","NH올원리츠","626","172","-454","3352940","921890","-2431050"
"025000","KPX케미칼","50","0","-50","2577800","0","-2577800"
"044450","KSS해운","4213","3952","-261","48591200","45594250","-2996950"
"094280","효성ITX","242","48","-194","4002750","792950","-3209800"
"009835","한화솔루션우","495","400","-95","16051150","12688800","-3362350"
"006390","한일현대시멘트","871","751","-120","26209600","22619850","-3589750"
"044820","코스맥스비티아이","307","9","-298","3900700","113550","-3787150"
"00279K","아모레G3우(전환)","246","138","-108","8733000","4878000","-3855000"
"001460","BYC","9","0","-9","3954500","0","-3954500"
"039570","HDC랩스","543","107","-436","5212500","1026180","-4186320"
"000105","유한양행우","78","0","-78","4423100","0","-4423100"
"024070","WISCOM","7685","6316","-1369","25154460","20583805","-4570655"
"35320K","대덕전자1우","840","500","-340","12482900","7407450","-5075450"
"004690","삼천리","3268","3210","-58","426733000","421560500","-5172500"
"016450","한세예스24홀딩스","952","164","-788","6251670","1077400","-5174270"
"214390","경보제약","1725","1048","-677","13677750","8251780","-5425970"
"055490","테이팩스","2728","2655","-73","216486500","210911900","-5574600"
"011390","부산산업","203","147","-56","20819500","15062000","-5757500"
"014130","한익스프레스","3960","2919","-1041","22048430","16289870","-5758560"
"002200","한국수출포장","229","0","-229","5779900","0","-5779900"
"350520","이지스레지던스리츠","2269","1273","-996","13113450","7327150","-5786300"
"034300","신세계건설","469","290","-179","15181850","9375400","-5806450"
"003120","일성신약","71","0","-71","5865800","0","-5865800"
"241590","화승엔터프라이즈","34469","33832","-637","488981000","482912200","-6068800"
"334890","이지스밸류리츠","7780","6700","-1080","45700490","39403990","-6296500"
"000540","흥국화재","4703","3027","-1676","17788970","11379925","-6409045"
"002210","동성제약","1394","579","-815","10995450","4549730","-6445720"
"075180","새론오토모티브","1136","1","-1135","6542680","5780","-6536900"
"013520","화승코퍼레이션","17405","13582","-3823","29515270","22942890","-6572380"
"001620","케이비아이동국실업","14577","5062","-9515","10303758","3588561","-6715197"
"004270","남성","22038","19687","-2351","66110355","58977325","-7133030"
"009680","모토닉","1352","522","-830","11976560","4590980","-7385580"
"001570","금양","54938","53883","-1055","245094620","237672765","-7421855"
"014990","인디에프","25225","17182","-8043","23521672","15823896","-7697776"
"084680","이월드","28201","25081","-3120","68003400","60247395","-7756005"
"011930","신성이엔지","56626","52475","-4151","100626560","92857160","-7769400"
"012160","영흥","11444","3821","-7623","11682375","3893405","-7788970"
"016610","DB금융투자","6557","5243","-1314","39980130","31997850","-7982280"
"26490K","크라운제과우","1874","1336","-538","26961750","18960950","-8000800"
"268280","미원에스씨","262","221","-41","53039500","45023000","-8016500"
"014160","대영포장","5306","1694","-3612","11791575","3763120","-8028455"
"000050","경방","754","183","-571","11453550","2797400","-8656150"
"009140","경인전자","673","351","-322","18223700","9539150","-8684550"
"002025","코오롱우","538","0","-538","9205650","0","-9205650"
"267850","아시아나IDT","1692","1139","-553","28531650","19268500","-9263150"
"007120","미래아이앤지","135160","111840","-23320","53379054","43966921","-9412133"
"035000","지투알","2461","1012","-1449","16134630","6500350","-9634280"
"058650","세아홀딩스","91","0","-91","9654000","0","-9654000"
"070960","용평리조트","3628","1629","-1999","17525425","7850225","-9675200"
"024720","한국콜마홀딩스","4191","3722","-469","84725650","74962800","-9762850"
"005030","부산주공","753242","755511","2269","572797815","562956289","-9841526"
"100220","비상교육","2838","1412","-1426","20071100","9955070","-10116030"
"33626L","두산퓨얼셀2우B","1040","377","-663","15912050","5706300","-10205750"
"016580","환인제약","1761","1156","-605","29842350","19613500","-10228850"
"002100","경농","6942","6124","-818","87952600","77502950","-10449650"
"011330","유니켐","10772","2483","-8289","13610780","3118005","-10492775"
"003560","IHQ","27263","16843","-10420","27825435","17205975","-10619460"
"000520","삼일제약","11698","10569","-1129","97882010","87151340","-10730670"
"000815","삼성화재우","96","29","-67","15601000","4717500","-10883500"
"002450","삼익악기","9194","2551","-6643","15022510","4132880","-10889630"
"019440","세아특수강","2150","1471","-679","34549250","23552000","-10997250"
"090435","아모레퍼시픽우","684","518","-166","48024700","36393200","-11631500"
"002840","미원상사","93","20","-73","14931000","3206000","-11725000"
"006490","인스코비","36076","31546","-4530","94268195","82160315","-12107880"
"037710","광주신세계","2271","1918","-353","83036400","70150250","-12886150"
"115390","락앤락","8241","6901","-1340","79243780","66341670","-12902110"
"023150","MH에탄올","6576","5304","-1272","68622250","55315150","-13307100"
"002170","삼양통상","254","12","-242","14127900","666800","-13461100"
"016590","신대양제지","200","53","-147","18532300","4908900","-13623400"
"005500","삼진제약","2510","1943","-567","61173450","47534800","-13638650"
"234080","JW생명과학","2057","1049","-1008","28025600","14358400","-13667200"
"229640","LS전선아시아","6098","4299","-1799","47239740","33253240","-13986500"
"012030","DB","37083","22353","-14730","35856859","21611658","-14245201"
"37550K","DL이앤씨우","634","219","-415","21787900","7474950","-14312950"
"001770","SHD","1861","1345","-516","53125050","38624750","-14500300"
"092230","KPX홀딩스","1024","784","-240","62514500","47903400","-14611100"
"071950","코아스","25799","11688","-14111","27507005","12443350","-15063655"
"145270","케이탑리츠","23737","13227","-10510","34452000","18862355","-15589645"
"001430","세아베스틸지주","29037","28088","-949","489422700","473803900","-15618800"
"001290","상상인증권","15331","1185","-14146","17011430","1303500","-15707930"
"019180","티에이치엔","21645","17908","-3737","92126550","76089515","-16037035"
"072710","농심홀딩스","236","8","-228","16930400","572800","-16357600"
"078520","에이블씨엔씨","3924","1490","-2434","26944700","10223790","-16720910"
"057050","현대홈쇼핑","5859","5560","-299","335914400","318800000","-17114400"
"004080","신흥","1192","146","-1046","19633350","2414900","-17218450"
"001940","KISCO홀딩스","4045","3031","-1014","69102300","51829200","-17273100"
"280360","롯데제과","929","780","-149","108800500","91242000","-17558500"
"102260","동성케미컬","8835","4950","-3885","40869075","22659615","-18209460"
"001750","한양증권","2135","694","-1441","27558400","8940200","-18618200"
"015360","예스코홀딩스","518","1","-517","19075800","36700","-19039100"
"000860","강남제비스코","886","86","-800","21255000","2068450","-19186550"
"017390","서울가스","2329","2230","-99","433996500","414521000","-19475500"
"094800","맵스리얼티1","4219","0","-4219","20253695","0","-20253695"
"069460","대호에이엘","82024","77759","-4265","253950005","233488935","-20461070"
"025890","한국주강","145906","144185","-1721","559149575","538110100","-21039475"
"029460","케이씨","4082","3067","-1015","88581250","66405200","-22176050"
"027970","세하","20269","6657","-13612","32992645","10812305","-22180340"
"008730","율촌화학","2118","1099","-1019","47174650","24506450","-22668200"
"031440","신세계푸드","1354","1018","-336","91846900","69106200","-22740700"
"286940","롯데정보통신","4487","3735","-752","138122150","115088750","-23033400"
"005720","넥센","6652","1117","-5535","28679750","4815085","-23864665"
"002810","삼영무역","2953","1164","-1789","40312800","15833600","-24479200"
"013580","계룡건설","8566","7801","-765","287872600","262637850","-25234750"
"008490","서흥","816","118","-698","29774550","4289500","-25485050"
"011280","태림포장","21476","15152","-6324","85505640","59883325","-25622315"
"031820","콤텍시스템","46414","18586","-27828","43402794","17366346","-26036448"
"089470","HDC현대EP","6856","949","-5907","31335795","4331285","-27004510"
"005750","대림B&Co","4494","833","-3661","33421640","6209080","-27212560"
"001140","국보","40311","18415","-21896","49988730","22763130","-27225600"
"002420","세기상사","8536","5684","-2852","83091680","55570940","-27520740"
"044380","주연테크","41465","15357","-26108","43991115","16244770","-27746345"
"008060","대덕","12803","9122","-3681","97597460","69537530","-28059930"
"001340","백광산업","20641","15097","-5544","107343760","78783530","-28560230"
"003920","남양유업","75","0","-75","29049500","0","-29049500"
"008355","남선알미우","936","0","-936","29156400","0","-29156400"
"085620","미래에셋생명","10346","2397","-7949","38347940","8880855","-29467085"
"004150","한솔홀딩스","9930","978","-8952","33557340","3284750","-30272590"
"119650","KC코트렐","7465","1576","-5889","38918260","8222090","-30696170"
"007110","일신석재","119804","103800","-16004","212121140","181379025","-30742115"
"010600","웰바이오텍","43520","24105","-19415","69819310","38648685","-31170625"
"093240","형지엘리트","57554","43197","-14357","120525475","89188405","-31337070"
"002390","한독","2295","716","-1579","46765450","14548500","-32216950"
"025750","한솔홈데코","59973","39845","-20128","96736030","63970100","-32765930"
"004870","티웨이홀딩스","76652","33473","-43179","57696637","24869258","-32827379"
"010100","한국프랜지","13301","2365","-10936","40209785","7135945","-33073840"
"004970","신라교역","2664","0","-2664","33259300","0","-33259300"
"005960","동부건설","4097","1419","-2678","51680700","17776750","-33903950"
"272550","삼양패키징","2120","534","-1586","47180250","11841500","-35338750"
"000700","유수홀딩스","7579","1523","-6056","45312720","9049460","-36263260"
"069730","DSR제강","42416","36796","-5620","252453640","215572280","-36881360"
"214330","금호에이치티","120044","93317","-26727","167475305","129846250","-37629055"
"163560","동일고무벨트","7438","2720","-4718","59649120","21929090","-37720030"
"005250","녹십자홀딩스","13555","11599","-1956","272558250","233872000","-38686250"
"017370","우신시스템","59819","48321","-11498","188696155","149933965","-38762190"
"018500","동원금속","226373","188167","-38206","228184903","189242037","-38942866"
"133820","화인베스틸","29522","16649","-12873","91407820","51322035","-40085785"
"005430","한국공항","1162","250","-912","53602000","11528700","-42073300"
"023350","한국종합기술","33158","28724","-4434","297550210","255399010","-42151200"
"007980","태평양물산","24159","6708","-17451","58531195","16191970","-42339225"
"014580","태경비케이","52804","43186","-9618","243883325","198551255","-45332070"
"053690","한미글로벌","17050","13480","-3570","213085050","167485600","-45599450"
"001510","SK증권","122198","67201","-54997","100252021","54576321","-45675700"
"226320","잇츠한불","7041","4840","-2201","147853350","101316200","-46537150"
"107590","미원홀딩스","357","17","-340","49295500","2346000","-46949500"
"145210","다이나믹디자인","10602","3597","-7005","71325420","22743880","-48581540"
"006110","삼아알미늄","24327","22707","-1620","597158200","548124750","-49033450"
"009180","한솔로지스틱스","45336","32846","-12490","182858485","131618780","-51239705"
"192400","쿠쿠홀딩스","14451","11536","-2915","253187350","201400350","-51787000"
"009450","경동나비엔","4182","3065","-1117","194773500","142301500","-52472000"
"000140","하이트진로홀딩스","4288","221","-4067","56613000","2909950","-53703050"
"023960","에쓰씨엔지니어링","38760","19433","-19327","108738570","54582185","-54156385"
"001800","오리온홀딩스","16858","12949","-3909","236874650","181623900","-55250750"
"003540","대신증권","9395","5757","-3638","151151950","92812900","-58339050"
"068290","삼성출판사","4508","2302","-2206","117824500","59379250","-58445250"
"015260","에이엔피","54597","29569","-25028","129140145","69495280","-59644865"
"014790","한라","15434","3391","-12043","78518890","17124070","-61394820"
"122900","아이마켓코리아","9104","3288","-5816","97417150","35357400","-62059750"
"088260","이리츠코크렙","12973","3633","-9340","86206250","24027630","-62178620"
"060980","한라홀딩스","1822","265","-1557","72901050","10603300","-62297750"
"100250","진양홀딩스","23886","5570","-18316","83626340","19202345","-64423995"
"010050","우리종금","133393","57041","-76352","112416360","47943980","-64472380"
"084010","대한제강","4649","1432","-3217","93825050","29008100","-64816950"
"009420","한올바이오파마","21540","17597","-3943","356063650","290904600","-65159050"
"007660","이수페타시스","456558","442125","-14433","3314893740","3248527810","-66365930"
"097955","CJ제일제당 우","447","74","-373","79939500","13175000","-66764500"
"006120","SK디스커버리","7864","6165","-1699","310995500","243655650","-67339850"
"003200","일신방직","758","213","-545","94464000","26224000","-68240000"
"001720","신영증권","1966","747","-1219","111778300","42498300","-69280000"
"003070","코오롱글로벌","4429","903","-3526","87316850","17809950","-69506900"
"020120","키다리스튜디오","55559","47289","-8270","461892260","391211530","-70680730"
"210980","SK디앤디","5949","3532","-2417","173521400","102784700","-70736700"
"001130","대한제분","1077","650","-427","178435500","107482000","-70953500"
"007340","디티알오토모티브","9471","8500","-971","712256200","640264800","-71991400"
"213500","한솔제지","8443","3155","-5288","115661150","43245650","-72415500"
"012170","아센디오","87717","26957","-60760","105400430","32115440","-73284990"
"014280","금강공업","30612","22271","-8341","272807690","199518680","-73289010"
"005680","삼영전자","17308","10940","-6368","199181950","124839350","-74342600"
"129260","인터지스","33112","12122","-20990","117720135","43069640","-74650495"
"170900","동아에스티","2525","1363","-1162","164854300","89461900","-75392400"
"009810","플레이그램","144190","98426","-45764","227556315","152116695","-75439620"
"026890","스틱인베스트먼트","33883","25059","-8824","307642930","227229800","-80413130"
"002460","화성산업","14996","11353","-3643","341142150","260026250","-81115900"
"037560","LG헬로비전","48345","34849","-13496","287490620","205363640","-82126980"
"363280","티와이홀딩스","5138","1602","-3536","122801400","38157300","-84644100"
"003160","디아이","19724","9136","-10588","157897050","73113890","-84783160"
"004540","깨끗한나라","39302","20184","-19118","174461875","89514480","-84947395"
"005810","풍산홀딩스","3125","115","-3010","90303000","3294100","-87008900"
"005180","빙그레","5610","3930","-1680","291885700","204129500","-87756200"
"001500","현대차증권","12093","3555","-8538","125601400","36942950","-88658450"
"097520","엠씨넥스","6860","4506","-2354","271044500","177720950","-93323550"
"001080","만호제강","5959","2262","-3697","149478300","56019050","-93459250"
"030610","교보증권","15866","2470","-13396","117674330","18298230","-99376100"
"000890","보해양조","128130","14230","-113900","111951558","12431879","-99519679"
"008700","아남전자","53510","9721","-43789","121707750","21965335","-99742415"
"009240","한샘","25416","23791","-1625","1709367900","1609563800","-99804100"
"016090","대현","53795","15335","-38460","140663325","39934185","-100729140"
"037270","YG PLUS","39740","24373","-15367","269732920","165161990","-104570930"
"005950","이수화학","35564","28812","-6752","538405000","433488650","-104916350"
"00680K","미래에셋증권2우B","38343","13814","-24529","165083640","59528720","-105554920"
"025620","제이준코스메틱","188380","102994","-85386","234839160","128516135","-106323025"
"365550","ESR켄달스퀘어리츠","473309","456837","-16472","3234895680","3127389600","-107506080"
"005610","SPC삼립","1833","509","-1324","150734700","41637100","-109097600"
"005385","현대차우","9972","8780","-1192","919016800","809350000","-109666800"
"004560","현대비앤지스틸","9593","2828","-6765","157405950","46378900","-111027050"
"003720","삼영화학","45196","10083","-35113","143364835","32014770","-111350065"
"192650","드림텍","17471","6279","-11192","175697950","63132140","-112565810"
"103140","풍산","23302","19445","-3857","686657900","573473000","-113184900"
"002270","롯데푸드","385","25","-360","123780500","8042500","-115738000"
"033920","무학","18569","4449","-14120","152527240","36485080","-116042160"
"138490","코오롱플라스틱","155409","147070","-8339","2201345250","2084192150","-117153100"
"034310","NICE","7469","271","-7198","122262850","4431050","-117831800"
"009580","무림P&P","75341","49671","-25670","355497330","234656795","-120840535"
"108670","LX하우시스","5989","3639","-2350","309574400","187800500","-121773900"
"028100","동아지질","10429","3830","-6599","192451150","70237350","-122213800"
"003240","태광산업","154","28","-126","151089000","27525000","-123564000"
"348950","제이알글로벌리츠","70428","48517","-21911","396028940","272141590","-123887350"
"002700","신일전자","96255","40740","-55515","216006440","91332440","-124674000"
"009200","무림페이퍼","113323","72197","-41126","342584585","217182480","-125402105"
"010780","아이에스동서","13311","10740","-2571","648120500","521412900","-126707600"
"041650","상신브레이크","51219","21949","-29270","223254130","94244015","-129010115"
"145720","덴티움","15949","14061","-1888","1118970100","989959000","-129011100"
"000155","두산우","2064","76","-1988","135587300","5011400","-130575900"
"009270","신원","1076541","1014546","-61995","2078986015","1948286610","-130699405"
"344820","KCC글라스","3167","902","-2265","183896200","52207400","-131688800"
"008560","메리츠증권","903573","881251","-22322","5279805440","5147946170","-131859270"
"227840","현대코퍼레이션홀딩스","21797","11771","-10026","288362200","153090350","-135271850"
"284740","쿠쿠홈시스","8904","4705","-4199","289529000","152624350","-136904650"
"071055","한국금융지주우","2258","41","-2217","142787500","2588700","-140198800"
"035150","백산","99305","87730","-11575","1186929500","1044223000","-142706500"
"003280","흥아해운","608386","561178","-47208","1878386845","1729037885","-149348960"
"010120","LS ELECTRIC","17807","14790","-3017","887099150","733802650","-153296500"
"009160","SIMPAC","81769","62222","-19547","667998690","507882010","-160116680"
"000400","롯데손해보험","138412","52521","-85891","258028680","97581380","-160447300"
"010660","화천기계","73774","23961","-49813","240797615","78411290","-162386325"
"001520","동양","122190","8259","-113931","175039650","11851835","-163187815"
"126560","현대퓨처넷","83457","31877","-51580","265053710","101314045","-163739665"
"001780","알루코","238724","190333","-48391","817229830","648932440","-168297390"
"330590","롯데리츠","58763","28762","-30001","338712440","165953310","-172759130"
"001550","조비","19382","11119","-8263","410250950","235108100","-175142850"
"123890","한국자산신탁","46517","1833","-44684","182664425","7210970","-175453455"
"002310","아세아제지","6791","2566","-4225","285359650","107989050","-177370600"
"020000","한섬","40575","35928","-4647","1580656800","1401409150","-179247650"
"004890","동일산업","1230","138","-1092","202542500","22728500","-179814000"
"030210","다올투자증권","72721","32321","-40400","324577200","144179045","-180398155"
"003690","코리안리","31519","12205","-19314","297812990","115282210","-182530780"
"079160","CJ CGV","43204","36068","-7136","1099789500","916298450","-183491050"
"011760","현대코퍼레이션","18109","8344","-9765","342322150","157637550","-184684600"
"005690","파미셀","86115","72307","-13808","1123599250","938807200","-184792050"
"051905","LG생활건강우","1107","646","-461","445247500","259978500","-185269000"
"003090","대웅","11617","5015","-6602","330372350","142636300","-187736050"
"002960","한국쉘석유","916","159","-757","228967500","39749000","-189218500"
"042700","한미반도체","30035","16611","-13424","421969950","231399650","-190570300"
"015230","대창단조","138034","102907","-35127","740939710","549859410","-191080300"
"298040","효성중공업","4485","1273","-3212","269105500","76055000","-193050500"
"036460","한국가스공사","102960","98373","-4587","4525014750","4330445950","-194568800"
"194370","제이에스코퍼레이션","11221","2101","-9120","240824600","45066750","-195757850"
"005945","NH투자증권우","22344","2715","-19629","230121250","27880900","-202240350"
"029530","신도리코","8074","1744","-6330","260602450","56243750","-204358700"
"017040","광명전기","3956180","4037250","81070","13732438970","13527533205","-204905765"
"114090","GKL","51206","36581","-14625","730352000","525215050","-205136950"
"009290","광동제약","39710","8508","-31202","268651220","57523840","-211127380"
"024890","대원화성","348165","287246","-60919","1144739185","926972155","-217767030"
"155660","DSR","76518","39716","-36802","485372870","246092030","-239280840"
"069620","대웅제약","6434","5003","-1431","1083349500","843790500","-239559000"
"000490","대동","88286","72443","-15843","1437045800","1185034550","-252011250"
"002870","신풍제지","149772","29596","-120176","314201300","61988085","-252213215"
"357120","코람코에너지리츠","50458","11184","-39274","332482930","73607090","-258875840"
"000070","삼양홀딩스","4846","1593","-3253","395126600","129937000","-265189600"
"093050","LF","23357","9559","-13798","449010550","182980350","-266030200"
"023590","다우기술","17970","4076","-13894","357473300","80589200","-276884100"
"064960","SNT모티브","15990","9663","-6327","717865200","432675200","-285190000"
"005010","휴스틸","24713","12541","-12172","589173950","300713300","-288460650"
"105630","한세실업","96111","85020","-11091","2382885600","2089194950","-293690650"
"091810","티웨이항공","157975","47705","-110270","424333290","128077540","-296255750"
"001470","삼부토건","650268","519325","-130943","1495568400","1190386620","-305181780"
"003010","혜인","89502","41350","-48152","575162780","266209200","-308953580"
"002150","도화엔지니어링","105777","78689","-27088","1197384200","885889250","-311494950"
"001680","대상","35326","20953","-14373","845143350","501472900","-343670450"
"009460","한창제지","198876","33760","-165116","416808470","70758065","-346050405"
"005300","롯데칠성","12133","10282","-1851","2282152000","1933684500","-348467500"
"032560","황금에스티","75312","37121","-38191","695092620","342421620","-352671000"
"053210","스카이라이프","46356","8061","-38295","433511320","75187050","-358324270"
"104700","한국철강","46783","4336","-42447","399825660","36952970","-362872690"
"000210","DL","15800","9975","-5825","1000246100","631690800","-368555300"
"161890","한국콜마","31006","22033","-8973","1303316950","924935950","-378381000"
"267270","현대건설기계","23229","13711","-9518","929017550","547272350","-381745200"
"001040","CJ","13555","8983","-4572","1140098300","756326400","-383771900"
"011700","한신기계","653933","619254","-34679","7115013050","6727955950","-387057100"
"381970","케이카","63212","46711","-16501","1492487150","1099982000","-392505150"
"034830","한국토지신탁","241204","44412","-196792","493298790","90762560","-402536230"
"001060","JW중외제약","41191","24831","-16360","1023340750","618666900","-404673850"
"214320","이노션","10462","2491","-7971","535633300","127516500","-408116800"
"013000","세우글로벌","291034","115696","-175338","676618695","265067815","-411550880"
"017550","수산중공업","331288","213635","-117653","1181258895","757592870","-423666025"
"210540","디와이파워","68068","41639","-26429","1114907850","683570000","-431337850"
"079550","LIG넥스원","47258","41151","-6107","3632144800","3164365500","-467779300"
"009900","명신산업","71459","49518","-21941","1517503750","1046833500","-470670250"
"012750","에스원","20310","13475","-6835","1410665500","935722300","-474943200"
"047040","대우건설","636576","557918","-78658","3942186430","3461541700","-480644730"
"011790","SKC","51304","47667","-3637","7328171500","6816167500","-512004000"
"005880","대한해운","760815","580699","-180116","2235929745","1704463315","-531466430"
"003410","쌍용C&E","140136","69478","-70658","1073690130","531992480","-541697650"
"282330","BGF리테일","19043","16127","-2916","3743215500","3172807500","-570408000"
"001230","동국제강","137713","105485","-32228","2446005900","1875119600","-570886300"
"012510","더존비즈온","98391","82927","-15464","3625062100","3052872600","-572189500"
"010620","현대미포조선","112666","105671","-6995","9330782700","8757830000","-572952700"
"002240","고려제강","47232","24975","-22257","1322665600","703618100","-619047500"
"005850","에스엘","108610","86175","-22435","3021178850","2374029800","-647149050"
"307950","현대오토에버","6739","1743","-4996","877078500","227052000","-650026500"
"008040","사조동아원","1508854","1146635","-362219","2661555125","2008288805","-653266320"
"128940","한미약품","7099","4786","-2313","2096969000","1412731000","-684238000"
"042670","현대두산인프라코어","287315","178315","-109000","1805322440","1120649410","-684673030"
"111770","영원무역","26107","10768","-15339","1172623100","483251250","-689371850"
"008930","한미사이언스","26678","10466","-16212","1190893500","466776050","-724117450"
"000990","DB하이텍","106358","94863","-11495","7348649800","6594830700","-753819100"
"028260","삼성물산","97112","90912","-6200","11134887500","10380435500","-754452000"
"051915","LG화학우","5127","1845","-3282","1280362500","461359000","-819003500"
"002780","진흥기업","659750","265866","-393884","1420530735","571704440","-848826295"
"267260","현대일렉트릭","42706","6710","-35996","1037358100","163145700","-874212400"
"012450","한화에어로스페이스","55180","37915","-17265","2900015200","1998309200","-901706000"
"192820","코스맥스","43925","31377","-12548","3168888100","2262209200","-906678900"
"180640","한진칼","23884","7087","-16797","1323973300","393892400","-930080900"
"000880","한화","53504","20221","-33283","1514994800","572225450","-942769350"
"001120","LX인터내셔널","112673","86945","-25728","4204662550","3249217800","-955444750"
"078930","GS","97079","76883","-20196","4612409450","3652149850","-960259600"
"353200","대덕전자","198385","166403","-31982","6153836250","5191336450","-962499800"
"007070","GS리테일","82952","46031","-36921","2167011700","1203098400","-963913300"
"181710","NHN","44254","11938","-32316","1329266250","358293100","-970973150"
"039130","하나투어","21358","7340","-14018","1525444800","525862500","-999582300"
"005940","NH투자증권","274040","174511","-99529","2785265200","1774792050","-1010473150"
"088350","한화생명","828608","417165","-411443","2095431125","1056940000","-1038491125"
"017960","한국카본","121572","40100","-81472","1575743250","519233850","-1056509400"
"112610","씨에스윈드","132285","108856","-23429","6128092100","5034595750","-1093496350"
"005440","현대그린푸드","225136","93318","-131818","1931790660","800802320","-1130988340"
"006260","LS","33233","14020","-19213","1984456800","835985200","-1148471600"
"102460","이연제약","248412","208611","-39801","6943101050","5785017550","-1158083500"
"293940","신한알파리츠","163807","3756","-160051","1262497370","28957190","-1233540180"
"000370","한화손해보험","290671","35225","-255446","1404631050","170101065","-1234529985"
"003030","세아제강지주","12173","3176","-8997","1696229500","444149000","-1252080500"
"002380","KCC","9409","5531","-3878","3196177500","1877787500","-1318390000"
"047050","포스코인터내셔널","105568","48756","-56812","2494337300","1149762050","-1344575250"
"081660","휠라홀딩스","140514","94869","-45645","4187332650","2824612850","-1362719800"
"336260","두산퓨얼셀","109212","72076","-37136","4059829700","2680057450","-1379772250"
"088980","맥쿼리인프라","126128","22754","-103374","1753089850","316200000","-1436889850"
"306200","세아제강","14895","6587","-8308","2562779000","1113596500","-1449182500"
"014830","유니드","15777","3745","-12032","1914090500","454255500","-1459835000"
"004490","세방전지","37526","16109","-21417","2578517400","1106638200","-1471879200"
"003490","대한항공","163468","112177","-51291","4724069400","3241796450","-1482272950"
"005070","코스모신소재","151210","118624","-32586","7486317350","5844433900","-1641883450"
"021240","코웨이","82614","58543","-24071","5833155800","4131774600","-1701381200"
"006800","미래에셋증권","517614","291929","-225685","4012407120","2261925340","-1750481780"
"003220","대원제약","155982","54230","-101752","2725683450","945263850","-1780419600"
"025860","남해화학","186852","45242","-141610","2406373350","585672100","-1820701250"
"004000","롯데정밀화학","34877","10162","-24715","2763501700","804775700","-1958726000"
"010690","화신","292623","81100","-211523","2754622760","751903440","-2002719320"
"139130","DGB금융지주","372321","131705","-240616","3175264910","1123243700","-2052021210"
"009830","한화솔루션","403349","332144","-71205","12313773300","10147734300","-2166039000"
"005387","현대차2우B","40611","16228","-24383","3771223000","1506602400","-2264620600"
"039490","키움증권","40277","13984","-26293","3463235600","1197489200","-2265746400"
"016360","삼성증권","154030","93650","-60380","5836070650","3534188500","-2301882150"
"120110","코오롱인더","61337","24860","-36477","3953595000","1601561300","-2352033700"
"003230","삼양식품","32827","6314","-26513","3078693000","590835300","-2487857700"
"000060","메리츠화재","229910","161820","-68090","8340371750","5845426500","-2494945250"
"047810","한국항공우주","194003","140374","-53629","9085140300","6580954200","-2504186100"
"006360","GS건설","118447","49964","-68483","4689592750","1970267700","-2719325050"
"031430","신세계인터내셔날","107761","25475","-82286","3651789650","863533050","-2788256600"
"018470","조일알미늄","2330552","1176121","-1154431","6087833390","3072174645","-3015658745"
"271560","오리온","50894","12230","-38664","4710263100","1126691400","-3583571700"
"005830","DB손해보험","98340","40518","-57822","6290956900","2584836400","-3706120500"
"014680","한솔케미칼","80423","65039","-15384","19388215500","15656327500","-3731888000"
"010140","삼성중공업","1593541","887440","-706101","8986490620","5009490030","-3977000590"
"004020","현대제철","154230","55375","-98855","6221703400","2236676550","-3985026850"
"003670","포스코케미칼","166458","130885","-35573","21077796000","16561823500","-4515972500"
"137310","에스디바이오센서","132465","29394","-103071","6315068750","1396378150","-4918690600"
"003580","HLB글로벌","2001204","1348480","-652724","15205404480","10055003490","-5150400990"
"001440","대한전선","4557494","1836126","-2721368","9281421685","3716338845","-5565082840"
"010130","고려아연","21187","10770","-10417","11459385000","5826515000","-5632870000"
"161390","한국타이어앤테크놀로지","408123","248609","-159514","14659165750","8926348650","-5732817100"
"377300","카카오페이","141960","74076","-67884","12191617700","6362915400","-5828702300"
"302440","SK바이오사이언스","121611","70343","-51268","14962852000","8708513500","-6254338500"
"383220","F&F","65497","9608","-55889","8267151000","1206282000","-7060869000"
"008350","남선알미늄","2718173","247771","-2470402","7773064065","700706525","-7072357540"
"105560","KB금융","609289","480639","-128650","35267000400","27872171000","-7394829400"
"323410","카카오뱅크","1013500","785380","-228120","38535418900","29946817350","-8588601550"
"051900","LG생활건강","61708","47742","-13966","42570760000","32975430000","-9595330000"
"034730","SK","91437","49095","-42342","22282392500","11952477000","-10329915500"
"207940","삼성바이오로직스","34069","19337","-14732","26658088000","15127887000","-11530201000"
"011200","HMM","1191667","805392","-386275","36762508050","24862260000","-11900248050"
"251270","넷마블","409548","229192","-180356","30154568600","16794085400","-13360483200"
"012330","현대모비스","271258","198227","-73031","53925584500","39364587500","-14560997000"
"090430","아모레퍼시픽","197816","82068","-115748","32560921000","13509419000","-19051502000"
"068270","셀트리온","340201","179302","-160899","49572281000","26090402500","-23481878500"
"035420","NAVER","266274","175570","-90704","72557214000","47877240500","-24679973500"
"005935","삼성전자우","1350686","734445","-616241","78211138600","42582644100","-35628494500"
"005930","삼성전자","4858151","3611629","-1246522","321277162800","238807553600","-82469609200"