종목코드,종목명,거래량_매도,거래량_매수,거래량_순매수,거래대금_매도,거래대금_매수,거래대금_순매수
"096530","씨젠","172769","445603","272834","6737969100","17340652900","10602683800"
"035900","JYP Ent.","123591","282661","159070","7112045100","16300111400","9188066300"
"053800","안랩","148301","228276","79975","16235803400","24856143700","8620340300"
"323990","박셀바이오","686656","810301","123645","33862620350","39489833750","5627213400"
"278650","노터스","289018","353020","64002","16334013350","20249805150","3915791800"
"131290","티에스이","82185","119054","36869","6475859600","9365948600","2890089000"
"032500","케이엠더블유","21511","106604","85093","704596750","3492392700","2787795950"
"222080","씨아이에스","309872","509367","199495","4326545350","7077466750","2750921400"
"240810","원익IPS","91534","159332","67798","3628191000","6294811400","2666620400"
"356860","티엘비","53519","113614","60095","2334107200","4971871150","2637763950"
"078340","컴투스","22258","49282","27024","1957803700","4306876000","2349072300"
"298380","에이비엘바이오","164535","268969","104434","3514506400","5768009150","2253502750"
"007390","네이처셀","54110","169193","115083","925699100","2902043650","1976344550"
"290650","엘앤씨바이오","51896","99981","48085","2094325800","4048764950","1954439150"
"112040","위메이드","125270","152300","27030","8697990000","10537595600","1839605600"
"131970","테스나","32197","68034","35837","1436371500","3047341100","1610969600"
"064760","티씨케이","25043","36122","11079","3665317000","5272612700","1607295700"
"141080","레고켐바이오","58811","102474","43663","2106658300","3711999150","1605340850"
"078600","대주전자재료","26414","45748","19334","2143522000","3709479200","1565957200"
"235980","메드팩토","14404","69666","55262","402765150","1967269400","1564504250"
"151860","KG ETS","292476","389943","97467","4496212400","6000393200","1504180800"
"028300","HLB","237935","283516","45581","7039789600","8542191850","1502402250"
"066970","엘앤에프","107053","113844","6791","23636564500","25123351800","1486787300"
"068760","셀트리온제약","17645","33470","15825","1480313000","2802207500","1321894500"
"067310","하나마이크론","41535","115112","73577","747086900","2067144600","1320057700"
"206650","유바이오로직스","33373","103229","69856","544436550","1688953950","1144517400"
"281740","레이크머티리얼즈","238740","474281","235541","1157900705","2291828365","1133927660"
"182400","엔케이맥스","48779","100274","51495","1014265000","2050773550","1036508550"
"288620","에스퓨얼셀","58232","93990","35758","1685496400","2720076600","1034580200"
"064260","다날","132608","244888","112280","1171834240","2173151640","1001317400"
"230360","에코마케팅","58014","113717","55703","1034284150","1977654950","943370800"
"035760","CJ ENM","12546","20451","7905","1488255800","2430887100","942631300"
"311390","네오크레마","18374","71072","52698","324738800","1249053250","924314450"
"204630","스튜디오산타클로스","75683","153286","77603","869954650","1781254150","911299500"
"195940","HK이노엔","12155","35612","23457","460140100","1353406400","893266300"
"306620","네온테크","273022","472778","199756","1208766840","2090276560","881509720"
"039440","에스티아이","29246","72474","43228","583717200","1450778000","867060800"
"218410","RFHIC","38346","66373","28027","1148415750","1991033850","842618100"
"091990","셀트리온헬스케어","139462","152633","13171","8435081800","9214984500","779902700"
"214150","클래시스","305851","355671","49820","5753226700","6521699300","768472600"
"183490","엔지켐생명과학","18962","56751","37789","382459750","1145564950","763105200"
"306040","에스제이그룹","21923","50180","28257","566420650","1299173800","732753150"
"048530","인트론바이오","68962","115009","46047","1118260800","1844402650","726141850"
"064550","바이오니아","46913","71116","24203","1326270800","2025173200","698902400"
"034230","파라다이스","111243","156074","44831","1686288700","2372415550","686126850"
"160550","NEW","30811","115731","84920","253695340","939818410","686123070"
"348370","엔켐","12385","20674","8289","995926200","1662609700","666683500"
"299900","위지윅스튜디오","48910","72652","23742","1382413450","2031645750","649232300"
"299660","셀리드","10100","37409","27309","224811450","831962000","607150550"
"036540","SFA반도체","71557","161093","89536","448923260","1009130090","560206830"
"060720","KH바텍","17744","46667","28923","340467350","895937600","555470250"
"121600","나노신소재","26818","35064","8246","1813696800","2368891100","555194300"
"287410","제이시스메디칼","633662","699441","65779","5217045870","5770985540","553939670"
"079370","제우스","10498","32149","21651","271382700","821322300","549939600"
"050890","쏠리드","69673","149727","80054","473377790","1019928770","546550980"
"140410","메지온","75301","105380","30079","1367018800","1908031800","541013000"
"014200","광림","3658337","3854853","196516","11288700620","11828937285","540236665"
"033640","네패스","14423","32559","18136","425652050","959896600","534244550"
"095700","제넥신","31342","46865","15523","1082933750","1615728050","532794300"
"035810","이지홀딩스","160289","274676","114387","735317620","1257786545","522468925"
"101490","에스앤에스텍","14798","34468","19670","383529650","895450400","511920750"
"097870","효성오앤비","28874","70873","41999","345328100","850038050","504709950"
"083650","비에이치아이","44523","142699","98176","226946950","715589695","488642745"
"104830","원익머트리얼즈","36492","49066","12574","1442259550","1923400900","481141350"
"106240","파인테크닉스","25169","65079","39910","305265000","782330100","477065100"
"084650","랩지노믹스","49426","115379","65953","352312220","828024530","475712310"
"260930","씨티케이","352907","407064","54157","4037883840","4512575050","474691210"
"131370","알서포트","48259","138758","90499","247831795","711664595","463832800"
"040610","SG&G","611358","792876","181518","1750943675","2207257340","456313665"
"086900","메디톡스","4314","7760","3446","539099400","969603800","430504400"
"950130","엑세스바이오","24452","50289","25837","412380350","839020900","426640550"
"124560","태웅로직스","443049","498451","55402","4786311930","5208061860","421749930"
"082270","젬백스","12990","42566","29576","186173750","607359000","421185250"
"039200","오스코텍","29324","45821","16497","731983300","1143940250","411956950"
"003100","선광","2603","8245","5642","188161100","596244800","408083700"
"088800","에이스테크","23126","60558","37432","250788550","655567400","404778850"
"030530","원익홀딩스","65738","151661","85923","303080195","701823480","398743285"
"000440","중앙에너비스","19193","31438","12245","594234450","978580500","384346050"
"298540","더네이쳐홀딩스","23361","34719","11358","773641950","1155934500","382292550"
"102120","어보브반도체","9979","36881","26902","133310300","496092250","362781950"
"383310","에코프로에이치엔","18146","26253","8107","806183850","1168747750","362563900"
"192410","THQ","185863","264865","79002","884026050","1242751445","358725395"
"183300","코미코","35927","41961","6034","2202343500","2552250300","349906800"
"950220","네오이뮨텍","56993","112523","55530","359092730","708084250","348991520"
"289220","자이언트스텝","20392","34140","13748","523344500","871441250","348096750"
"294090","이오플로우","7753","24181","16428","163703550","511086550","347383000"
"067990","도이치모터스","67984","102057","34073","709702200","1056388950","346686750"
"900340","윙입푸드","375351","597660","222309","600322695","946461800","346139105"
"053030","바이넥스","54421","76965","22544","787952350","1108811850","320859500"
"041510","에스엠","91042","96246","5204","5629252200","5942605600","313353400"
"293780","압타바이오","39371","57801","18430","679191900","990657700","311465800"
"052900","KMH하이텍","113026","296253","183227","190478935","500414255","309935320"
"285490","노바텍","9039","16922","7883","343709500","651579600","307870100"
"278280","천보","27089","28236","1147","7188553200","7489750500","301197300"
"377030","맥스트","32311","52496","20185","494593850","790883750","296289900"
"048260","오스템임플란트","26555","29417","2862","2685970700","2973419300","287448600"
"013310","아진산업","577598","662222","84624","1862666340","2134190265","271523925"
"096040","이트론","1134689","2147196","1012507","309299585","572648638","263349053"
"056190","에스에프에이","18142","25001","6859","704901250","967898150","262996900"
"119850","지엔씨에너지","298658","349060","50402","1557420960","1816515780","259094820"
"073490","이노와이어리스","4069","10558","6489","160409250","416771000","256361750"
"330860","네패스아크","2680","8573","5893","112969750","362148650","249178900"
"255220","SG","112613","242859","130246","215285200","462129760","246844560"
"174880","장원테크","66588","206548","139960","122095315","368517060","246421745"
"232680","라온테크","14385","27836","13451","260470200","505570000","245099800"
"189300","인텔리안테크","9522","12442","2920","756886900","990896000","234009100"
"045390","대아티아이","67270","124456","57186","273490585","504453315","230962730"
"143160","아이디스","5011","13936","8925","131366950","362264400","230897450"
"047920","HLB제약","53540","81951","28411","491638270","719020710","227382440"
"050760","에스폴리텍","168635","220420","51785","845415050","1071173190","225758140"
"085660","차바이오텍","27777","40716","12939","476743450","696635850","219892400"
"206560","덱스터","44129","57917","13788","686483900","901763000","215279100"
"290510","코리아센터","29007","62064","33057","189517740","404045560","214527820"
"230240","에치에프알","16657","23365","6708","537454700","751589200","214134500"
"237690","에스티팜","9901","12208","2307","921371900","1134673900","213302000"
"308080","바이젠셀","6699","16722","10023","140484050","352779400","212295350"
"245620","EDGC","22834","79038","56204","85461635","296168600","210706965"
"067630","HLB생명과학","169073","190318","21245","1639070160","1848374680","209304520"
"376300","디어유","57894","63614","5720","2150621350","2357500650","206879300"
"337930","브랜드엑스코퍼레이션","44966","66815","21849","406376830","608742390","202365560"
"179290","엠아이텍","35527","55838","20311","348684920","549159310","200474390"
"163730","핑거","3585","17003","13418","53116850","250332100","197215250"
"090460","비에이치","73719","80915","7196","1948345850","2141634300","193288450"
"353810","이지바이오","109656","143349","33693","621775250","810451950","188676700"
"225430","케이엠제약","305077","395593","90516","661902545","849507615","187605070"
"303030","지니틱스","91336","155452","64116","264027135","449701885","185674750"
"087260","모바일어플라이언스","170043","215306","45263","714717690","897240000","182522310"
"011560","세보엠이씨","88550","112850","24300","681178470","858781530","177603060"
"288330","브릿지바이오테라퓨틱스","11320","26704","15384","127151000","302504550","175353550"
"078890","가온미디어","20312","35756","15444","231525300","405144150","173618850"
"182360","큐브엔터","31027","42728","11701","462493150","635343000","172849850"
"174900","앱클론","10642","22918","12276","145128650","314905000","169776350"
"290380","대유","38549","67522","28973","231863180","401465540","169602360"
"043650","국순당","23480","40491","17011","236606460","405557930","168951470"
"078140","대봉엘에스","8288","25895","17607","77786730","243032890","165246160"
"227100","에이치앤비디자인","58751","93950","35199","274729595","437620530","162890935"
"276040","스코넥","15049","27240","12191","199710600","358457550","158746950"
"282880","코윈테크","7230","12545","5315","213035000","369578100","156543100"
"115440","우리넷","11696","27198","15502","118446000","274872300","156426300"
"039860","나노엔텍","6857","32585","25728","40696450","192928050","152231600"
"307930","컴퍼니케이","16469","32522","16053","153540130","305373970","151833840"
"348210","넥스틴","3809","5907","2098","262233400","407268400","145035000"
"073560","우리손에프앤지","231155","292168","61013","563455715","708272680","144816965"
"196170","알테오젠","51902","54877","2975","2541190450","2685794150","144603700"
"083790","크리스탈지노믹스","9978","40320","30342","47026410","189543160","142516750"
"014190","원익큐브","58247","101318","43071","188546230","330971910","142425680"
"054450","텔레칩스","13848","22455","8607","226459350","368293800","141834450"
"054210","이랜텍","32561","39314","6753","665630000","803208500","137578500"
"146320","비씨엔씨","23667","29927","6260","519196300","655793150","136596850"
"151910","SBW생명과학","134023","160779","26756","662716170","796869740","134153570"
"219550","디와이디","13339","45142","31803","55947005","188787390","132840385"
"039740","한국정보공학","26083","53229","27146","125037540","255680245","130642705"
"024120","KB오토시스","141316","155794","14478","1069776890","1198534820","128757930"
"043360","디지아이","40266","74428","34162","151333705","278803455","127469750"
"298060","에스씨엠생명과학","4205","15050","10845","48048600","172959350","124910750"
"089140","넥스턴바이오","26461","60580","34119","96759565","221358270","124598705"
"267980","매일유업","6469","8285","1816","446187900","570540300","124352400"
"094860","네오리진","105340","232922","127582","102050960","224990624","122939664"
"044480","블루베리 NFT","6332","60104","53772","14623430","137227580","122604150"
"080470","성창오토텍","1832","17005","15173","14616600","137160740","122544140"
"260970","에스앤디","2050","8297","6247","39857350","161441300","121583950"
"036120","SCI평가정보","7366","41964","34598","25665365","145125325","119459960"
"100120","뷰웍스","2757","5831","3074","107717250","227023050","119305800"
"018700","바른손","126428","158492","32064","449152995","567123715","117970720"
"170030","현대공업","7718","22711","14993","57999560","171521510","113521950"
"214870","뉴지랩파마","2174","14254","12080","19661470","128902700","109241230"
"044780","에이치케이","25737","69826","44089","64547465","173412160","108864695"
"083500","에프엔에스테크","2656","13239","10583","27257950","134938600","107680650"
"065060","지엔코","72405","212146","139741","55961163","162930644","106969481"
"008470","부스타","2275","20389","18114","13522090","120054040","106531950"
"075970","동국알앤에스","18180","41525","23345","82819275","188282315","105463040"
"142280","녹십자엠에스","2602","19311","16709","16314060","120817600","104503540"
"222160","바이옵트로","6401","17197","10796","60095820","161999260","101903440"
"126880","제이엔케이히터","27478","43113","15635","178170060","277894510","99724450"
"290550","디케이티","16122","23912","7790","204722700","304315650","99592950"
"033320","제이씨현시스템","19732","34743","15011","130221710","229783760","99562050"
"025880","케이씨피드","171972","191883","19911","813142630","909989490","96846860"
"206640","바디텍메드","2484","9187","6703","35239800","130557400","95317600"
"039610","화성밸브","13708","28261","14553","90270930","185290000","95019070"
"221980","케이디켐","1709","7672","5963","26446850","118732850","92286000"
"373200","하인크코리아","1525","10474","8949","15135690","107141820","92006130"
"156100","엘앤케이바이오","6569","13644","7075","85953800","176804650","90850850"
"297890","HB솔루션","3416","8551","5135","60166500","149932550","89766050"
"033170","시그네틱스","123821","161741","37920","295227095","383917635","88690540"
"315640","딥노이드","4180","12687","8507","43827350","132276750","88449400"
"089980","상아프론테크","24702","26617","1915","943553100","1031545250","87992150"
"038880","아이에이","41410","130298","88888","40952342","128885278","87932936"
"144960","뉴파워프라즈마","4676","22027","17351","23474695","110125365","86650670"
"093640","다믈멀티미디어","74424","94732","20308","321583230","407968970","86385740"
"020710","시공테크","11109","23238","12129","79091540","164732400","85640860"
"001810","무림SP","132480","157872","25392","473343675","558678020","85334345"
"094940","푸른기술","19009","27590","8581","187575000","272770800","85195800"
"038460","바이오스마트","14831","32958","18127","69042110","154082375","85040265"
"042040","케이피엠테크","16255","128681","112426","12174174","96619604","84445430"
"095610","테스","59547","62835","3288","1624297350","1708609950","84312600"
"052670","제일바이오","20617","54979","34362","50271610","134470515","84198905"
"088910","동우팜투테이블","122312","146175","23863","418911270","503084610","84173340"
"053300","한국정보인증","2764","16420","13656","16911510","99946790","83035280"
"052790","액토즈소프트","4223","11750","7527","46061900","128351350","82289450"
"033560","블루콤","3020","10975","7955","31513950","113358000","81844050"
"058820","CMG제약","67706","94460","26754","208060110","289197645","81137535"
"027710","팜스토리","1957627","1982246","24619","7926462610","8007039335","80576725"
"080720","한국유니온제약","2104","11427","9323","18288710","98427740","80139030"
"382480","지아이텍","13784","37414","23630","46826750","126874050","80047300"
"049480","오픈베이스","68001","90127","22126","242686490","322654485","79967995"
"104200","NHN벅스","40464","47812","7348","450072550","529935050","79862500"
"119830","아이텍","7975","17253","9278","67938070","147352240","79414170"
"253590","네오셈","63690","82860","19170","259851145","338559725","78708580"
"065660","안트로젠","4268","7959","3691","90698400","169066800","78368400"
"263810","상신전자","13743","32089","18346","57833910","134291020","76457110"
"053620","태양","2311","10240","7929","22327950","98602780","76274830"
"038620","위즈코프","113128","163612","50484","163342130","239577535","76235405"
"016790","현대사료","7075","7740","665","941042900","1016521400","75478500"
"307750","국전약품","33471","43466","9995","250983710","326460810","75477100"
"086390","유니테스트","2981","5924","2943","76001300","151287550","75286250"
"053950","경남제약","14356","40987","26631","40509270","115667330","75158060"
"054090","삼진엘앤디","12758","39640","26882","35652595","110797610","75145015"
"010280","쌍용정보통신","69747","139460","69713","76026275","150903210","74876935"
"215360","우리산업","1859","6326","4467","31354450","106033650","74679200"
"294630","서남","6723","30437","23714","20879585","95292825","74413240"
"064090","에프앤리퍼블릭","23984","44592","20608","89940535","164123630","74183095"
"036830","솔브레인홀딩스","8037","10933","2896","205675850","279708450","74032600"
"192440","슈피겐코리아","861","2571","1710","37039700","110855050","73815350"
"203450","유니온커뮤니티","6423","26031","19608","24596690","98127300","73530610"
"187270","신화콘텍","10130","26207","16077","46163970","119416280","73252310"
"263020","디케이앤디","9103","30043","20940","31056775","103022235","71965460"
"065690","파커스","4030","25909","21879","12956755","83497485","70540730"
"037030","파워넷","15644","30455","14811","73848360","144297085","70448725"
"225220","제놀루션","12228","17709","5481","158752800","228926250","70173450"
"214680","디알텍","134006","177602","43596","219974685","289564930","69590245"
"092870","엑시콘","2373","8155","5782","28348350","97558250","69209900"
"950140","잉글우드랩","5287","15001","9714","37886030","106881300","68995270"
"332290","누보","62894","85655","22761","193914665","261965130","68050465"
"336060","웨이버스","221012","252784","31772","513291790","580926480","67634690"
"057030","YBM넷","23624","37312","13688","121409980","188916740","67506760"
"359090","씨엔알리서치","11100","44585","33485","22269555","89759670","67490115"
"317690","퀀타매트릭스","4203","14847","10644","26801940","94223850","67421910"
"024850","피에스엠씨","46869","103753","56884","55662370","122033810","66371440"
"131390","원익피앤이","1128","3386","2258","32595100","97835800","65240700"
"214270","FSN","41842","53058","11216","245798410","309896290","64097880"
"196700","웹스","686962","706823","19861","3335948660","3399772650","63823990"
"318010","팜스빌","2364","7260","4896","30423900","93180300","62756400"
"237880","클리오","7522","10877","3355","142671500","204955100","62283600"
"200230","텔콘RF제약","2814","33971","31157","5632500","67563850","61931350"
"092190","서울바이오시스","17467","25024","7557","142538670","204384180","61845510"
"043260","성호전자","21883","60332","38449","34998550","96544510","61545960"
"241820","피씨엘","6185","8447","2262","167604000","228186100","60582100"
"037440","희림","84696","91537","6841","727327410","787400150","60072740"
"052020","에스티큐브","28030","37501","9471","162563400","222276960","59713560"
"263750","펄어비스","162337","163232","895","9895864800","9955517000","59652200"
"041830","인바디","8660","10711","2051","235320950","294969850","59648900"
"198080","엔피디","41204","60762","19558","125784810","185270880","59486070"
"228760","지노믹트리","184","5310","5126","2126500","61368400","59241900"
"239890","피엔에이치테크","10496","12789","2293","273165000","331741450","58576450"
"148150","세경하이테크","7368","10110","2742","154722150","212965950","58243800"
"284620","카이노스메드","12175","33993","21818","31069560","86944170","55874610"
"022100","포스코 ICT","36444","45464","9020","218509860","272775800","54265940"
"290270","휴네시온","5251","14562","9311","30538400","84223070","53684670"
"114450","KPX생명과학","2801","12321","9520","15820500","69288410","53467910"
"136480","하림","262339","277492","15153","942594900","996000310","53405410"
"100700","세운메디칼","6819","21073","14254","25706330","79093100","53386770"
"277410","인산가","37741","59913","22172","89918940","142490310","52571370"
"071670","에이테크솔루션","4636","8935","4299","55246300","106848100","51601800"
"216080","제테마","3476","6431","2955","60397600","111275050","50877450"
"044490","태웅","3314","7946","4632","36037250","85094000","49056750"
"038950","파인디지털","3117","10732","7615","19975510","68518750","48543240"
"123750","알톤스포츠","8060","20719","12659","31135425","78949245","47813820"
"372800","아이티아이즈","2138","5960","3822","26485050","73794300","47309250"
"196490","디에이테크놀로지","32640","42494","9854","152588405","199149175","46560770"
"065680","우주일렉트로","2271","3974","1703","60872500","106977000","46104500"
"018620","우진비앤지","54350","75563","21213","118320170","164310920","45990750"
"006920","모헨즈","21453","29662","8209","122288350","168094230","45805880"
"102940","코오롱생명과학","4076","5397","1321","140806300","186304900","45498600"
"020400","대동금속","6710","10617","3907","78566100","124044700","45478600"
"208140","정다운","30918","46668","15750","88779100","134115700","45336600"
"091440","텔레필드","62498","73489","10991","250102685","295168810","45066125"
"021880","메이슨캐피탈","1708137","1776694","68557","1468169865","1512865588","44695723"
"377450","리파인","4902","8085","3183","68717200","112711000","43993800"
"307280","원바이오젠","7978","30658","22680","15303555","58888215","43584660"
"023460","CNH","8848","28385","19537","19879765","63014925","43135160"
"241520","DSC인베스트먼트","7392","15684","8292","38202040","81190990","42988950"
"104040","대성파인텍","19609","40789","21180","39393290","81890890","42497600"
"101360","이엔드디","4337","5929","1592","118115000","160606700","42491700"
"206400","베노홀딩스","22015","30530","8515","103850770","146322790","42472020"
"099390","브레인즈컴퍼니","128","3719","3591","1504900","43633600","42128700"
"084850","아이티엠반도체","6744","7983","1239","228915600","271039300","42123700"
"109610","에스와이","4874","17770","12896","15599300","57239695","41640395"
"041910","에스텍파마","1863","6440","4577","16801600","58342530","41540930"
"207760","미스터블루","4295","9773","5478","32326930","73454190","41127260"
"153710","옵티팜","3531","7867","4336","33482980","74598960","41115980"
"124500","아이티센","5308","13736","8428","25793415","66517505","40724090"
"012860","모베이스전자","29373","51085","21712","54559400","95254525","40695125"
"289080","SV인베스트먼트","23418","35739","12321","77568655","118091255","40522600"
"009520","포스코엠텍","8314","14297","5983","55945720","96289110","40343390"
"376290","씨유테크","1723","7921","6198","11315400","51577900","40262500"
"311320","지오엘리먼트","11872","13723","1851","241368300","280339500","38971200"
"224060","코디엠","277","208833","208556","51559","39006443","38954884"
"251370","와이엠티","496","2432","1936","9968250","48819700","38851450"
"208340","파멥신","2943","10653","7710","14875810","53708235","38832425"
"100590","머큐리","15558","20545","4987","126730460","165548300","38817840"
"088130","동아엘텍","2177","6602","4425","19142310","57663090","38520780"
"256630","포인트엔지니어링","18394","30198","11804","59463395","97748785","38285390"
"049950","미래컴퍼니","1854","3564","1710","41923750","80168550","38244800"
"099430","바이오플러스","17352","19043","1691","435000500","472974750","37974250"
"251630","브이원텍","5223","9086","3863","50361810","87643710","37281900"
"357550","석경에이티","2160","4516","2356","34428450","71515750","37087300"
"090710","휴림로봇","948043","968998","20955","3241523410","3278538405","37014995"
"089890","코세스","5508","8986","3478","58103650","94990400","36886750"
"050110","캠시스","19975","40283","20308","35940320","72438055","36497735"
"270520","지엔원에너지","1574545","1593806","19261","5541312750","5577759840","36447090"
"297570","알로이스","14458","30657","16199","31750270","67285890","35535620"
"258830","세종메디칼","146326","155182","8856","561506610","596440620","34934010"
"021650","한국큐빅","3513","12680","9167","13316930","47986335","34669405"
"056360","코위버","7472","11493","4021","63458640","97514730","34056090"
"217330","싸이토젠","354","929","575","21156100","55151100","33995000"
"083310","엘오티베큠","5128","7574","2446","71560600","105365400","33804800"
"069330","유아이디","23385","36433","13048","62748995","96413660","33664665"
"290690","소룩스","1244","4328","3084","13694000","47312450","33618450"
"032280","삼일","79080","91484","12404","222909065","256425320","33516255"
"066900","디에이피","5109","13424","8315","20473490","53898885","33425395"
"060370","KT서브마린","9753","15579","5826","54961550","87752540","32790990"
"134060","이퓨쳐","2439","7069","4630","17333840","50039220","32705380"
"123570","이엠넷","4740","10311","5571","28325780","60680090","32354310"
"094840","슈프리마에이치큐","1468","5852","4384","10787270","42686270","31899000"
"179530","애드바이오텍","4186","10258","6072","22003720","53546380","31542660"
"038070","서린바이오","17545","20097","2552","251788600","283217950","31429350"
"123330","제닉","5036","10192","5156","30602660","61779790","31177130"
"086520","에코프로","46695","47036","341","3941306900","3972387300","31080400"
"066790","씨씨에스","11044","57031","45987","7472230","38369611","30897381"
"072520","제넨바이오","12606","27577","14971","26059740","56846835","30787095"
"068940","아이씨케이","34628","42913","8285","118857000","148447765","29590765"
"291230","엔피","81635","85662","4027","767774470","797362640","29588170"
"294140","레몬","4103","11104","7001","17370280","46724085","29353805"
"900250","크리스탈신소재","20181","45816","25635","22886695","52045215","29158520"
"126340","비나텍","1901","2619","718","76268850","105289000","29020150"
"241690","유니테크노","4739","8116","3377","39818750","68436610","28617860"
"072470","우리산업홀딩스","2737","9423","6686","11585900","39982970","28397070"
"048430","유라테크","3119","6055","2936","30200630","58525360","28324730"
"217600","켐온","31042","41472","10430","82826380","110884610","28058230"
"265520","AP시스템","21055","22223","1168","470783700","498524700","27741000"
"103840","우양","5394","10856","5462","27304780","54964370","27659590"
"302550","리메드","1785","3184","1399","35189200","62456150","27266950"
"025440","대성엘텍","13614","50448","36834","9716954","35980950","26263996"
"038870","에코바이오","3639","7239","3600","26572830","52817130","26244300"
"054300","팬스타엔터프라이즈","68479","98155","29676","58837969","83678593","24840624"
"090410","덕신하우징","536907","543913","7006","1581890080","1606306550","24416470"
"171090","선익시스템","10522","11919","1397","190751100","215158750","24407650"
"121850","코이즈","69611","76005","6394","257627945","281913130","24285185"
"289010","아이스크림에듀","2990","7097","4107","17907990","42118230","24210240"
"131220","대한과학","5195","8050","2855","43324420","67160770","23836350"
"089030","테크윙","12778","13892","1114","264953100","288784800","23831700"
"032580","피델릭스","45410","59495","14085","75992730","99775280","23782550"
"046970","우리로","249734","262282","12548","511967730","535733550","23765820"
"091120","이엠텍","21419","22069","650","819470250","843159000","23688750"
"222420","쎄노텍","45196","56683","11487","93568855","116856270","23287415"
"314930","바이오다인","343","1241","898","8831250","31804900","22973650"
"185490","아이진","19074","21571","2497","166675800","189369960","22694160"
"322310","오로스테크놀로지","806","1910","1104","16534200","39160350","22626150"
"331380","포커스에이치엔에스","6627","14661","8034","18835050","41454320","22619270"
"033100","제룡전기","8679","12877","4198","45661560","68034800","22373240"
"067010","이씨에스","5307","10252","4945","23907065","46027085","22120020"
"051360","토비스","51405","53324","1919","476265200","498089330","21824130"
"101330","모베이스","6333","12349","6016","22812370","44462560","21650190"
"196300","애니젠","334","2249","1915","3780950","25412500","21631550"
"357230","에이치피오","4185","6081","1896","49802500","71423200","21620700"
"321820","와이더플래닛","933","2778","1845","10703850","31967850","21264000"
"032620","유비케어","4234","7443","3209","28203600","49202480","20998880"
"010170","대한광통신","41138","50189","9051","95827640","116701200","20873560"
"170920","엘티씨","3440","5525","2085","34945630","55642780","20697150"
"263720","디앤씨미디어","2000","2755","755","57054300","77630300","20576000"
"054050","농우바이오","12180","14175","1995","148577750","168866950","20289200"
"099410","동방선기","43538","48771","5233","179143375","199376835","20233460"
"037230","한국팩키지","25708","30997","5289","105679615","125803515","20123900"
"045510","정원엔시스","3207","13954","10747","5938045","25746075","19808030"
"078070","유비쿼스홀딩스","1093","2188","1095","19378000","39159650","19781650"
"195500","마니커에프앤지","14884","18920","4036","74072565","93829495","19756930"
"065650","메디프론","12849","22319","9470","27622510","47354420","19731910"
"123010","아이윈플러스","44370","59718","15348","54031230","72992985","18961755"
"011040","경동제약","6259","8148","1889","62200090","80945020","18744930"
"052260","현대바이오랜드","1469","2623","1154","23941850","42628200","18686350"
"131760","파인텍","21530","35988","14458","27979285","46603000","18623715"
"083640","인콘","6846","21581","14735","8545605","27042390","18496785"
"043370","피에이치에이","826","2895","2069","7337070","25700260","18363190"
"225190","삼양옵틱스","1576","2945","1369","20904600","39180400","18275800"
"138580","비즈니스온","1138","2838","1700","12292050","30540150","18248100"
"043200","파루","36592","51620","15028","45081335","63186035","18104700"
"380320","삼성머스트스팩5호","21053","24890","3837","88951880","106954500","18002620"
"021040","대호특수강","14428","36079","21651","11921585","29796044","17874459"
"142210","유니트론텍","1683","4900","3217","9316970","27104270","17787300"
"045060","오공","2220","6300","4080","9421875","26626295","17204420"
"025980","아난티","104244","106626","2382","819946870","837065120","17118250"
"214310","에스엘바이오닉스","11234","15068","3834","47775155","64770500","16995345"
"042420","네오위즈홀딩스","11935","12456","521","413209450","430083700","16874250"
"013990","아가방컴퍼니","13188","17351","4163","53355635","70187985","16832350"
"123040","엠에스오토텍","2313","5538","3225","12046910","28795250","16748340"
"093380","풍강","9114","12785","3671","40903260","57623135","16719875"
"191420","테고사이언스","793","1832","1039","12780850","29391800","16610950"
"066360","체리부로","1402","13207","11805","1947530","18356230","16408700"
"173130","오파스넷","75434","78829","3395","400218330","416176180","15957850"
"331920","셀레믹스","1621","3415","1794","14336140","30271720","15935580"
"900280","골든센츄리","76043","114586","38543","31350614","47006279","15655665"
"405350","IBKS제17호스팩","758","7375","6617","1785475","17343435","15557960"
"099220","SDN","64881","72999","8118","123132475","138666370","15533895"
"110990","디아이티","1488","3243","1755","13019130","28430600","15411470"
"017650","대림제지","3495","4940","1445","36620700","51981600","15360900"
"042510","라온시큐어","10477","15086","4609","35054555","50412555","15358000"
"093920","서원인텍","2265","4761","2496","14099920","29409370","15309450"
"205100","엑셈","28846","32297","3451","130916795","146158300","15241505"
"096240","크레버스","2033","2538","505","59299500","74122500","14823000"
"031330","에스에이엠티","59148","62322","3174","260841320","275357770","14516450"
"192250","케이사인","69171","75749","6578","154738835","169254835","14516000"
"031510","오스템","17646","24055","6409","39604630","53731600","14126970"
"900300","오가닉티코스메틱","105099","134102","29003","49092800","63107124","14014324"
"130740","티피씨글로벌","10536","14451","3915","37356150","51286160","13930010"
"067770","세진티에스","2772","6103","3331","11618910","25475430","13856520"
"319400","현대무벡스","24634","28297","3663","87129425","100463990","13334565"
"267320","나인테크","30694","34619","3925","91353385","104194670","12841285"
"313760","윌링스","3997","5145","1148","46114850","58943350","12828500"
"044180","KD","41983","51770","9787","52611950","65146875","12534925"
"049180","셀루메드","3080","5458","2378","16559120","29082490","12523370"
"117670","알파홀딩스","19166","23506","4340","55157545","67581465","12423920"
"019660","글로본","14040","17877","3837","43652305","55874655","12222350"
"024940","PN풍년","18283","20751","2468","94530280","106382550","11852270"
"081580","성우전자","21718","25236","3518","72767315","84617155","11849840"
"095270","웨이브일렉트로","5708","8182","2474","27981860","39739235","11757375"
"328380","미래에셋대우스팩3호","862","5682","4820","2111825","13835770","11723945"
"031860","엔에스엔","155181","164538","9357","252589285","264295640","11706355"
"317770","슈프리마아이디","3","667","664","54100","11756800","11702700"
"037400","우리엔터프라이즈","12497","16575","4078","36207365","47796645","11589280"
"032850","비트컴퓨터","8251","9635","1384","69867930","81404200","11536270"
"066700","테라젠이텍스","1779","4174","2395","8641735","20161685","11519950"
"086710","선진뷰티사이언스","9251","10885","1634","68516310","79936060","11419750"
"086890","이수앱지스","5646","7263","1617","41794290","53091590","11297300"
"038530","골드퍼시픽","53064","67031","13967","42376074","53580121","11204047"
"160980","싸이맥스","949","1586","637","16442000","27530250","11088250"
"298870","다올인베스트먼트","2779","5442","2663","11355625","22272925","10917300"
"317120","라닉스","2692","4181","1489","19774480","30691590","10917110"
"263700","케어랩스","5375","6698","1323","44630010","55537150","10907140"
"053980","오상자이엘","2658","4359","1701","17986550","28834130","10847580"
"347890","엠투아이","2978","4217","1239","26272020","37079110","10807090"
"023760","한국캐피탈","1382","14005","12623","1180244","11941408","10761164"
"065570","삼영이엔씨","1183","2907","1724","7462540","18168570","10706030"
"900270","헝셩그룹","23402","53785","30383","8169529","18759425","10589896"
"053280","예스24","4558","5915","1357","35660510","46120680","10460170"
"115500","케이씨에스","2390","4042","1652","15128410","25484760","10356350"
"046210","파나진","766","3516","2750","2914465","13189070","10274605"
"065500","오리엔트정공","180211","184868","4657","377099715","387224600","10124885"
"220100","퓨쳐켐","4003","4601","598","65415900","75494850","10078950"
"052710","아모텍","1291","1660","369","35477600","45524700","10047100"
"047770","코데즈컴바인","4411","8655","4244","10365805","20214325","9848520"
"279600","미디어젠","1238","2094","856","14276750","24058500","9781750"
"263050","유틸렉스","1186","1912","726","15915350","25668150","9752800"
"030960","양지사","2831","3853","1022","27259740","36970200","9710460"
"038390","레드캡투어","477","924","447","10204700","19773800","9569100"
"259630","엠플러스","22764","23579","815","380855300","390262000","9406700"
"042500","링네트","9119","10700","1581","53972650","63249700","9277050"
"049470","SGA","10107","19446","9339","9921371","19018765","9097394"
"050090","비케이홀딩스","12574","25151","12577","9213165","18288091","9074926"
"039980","리노스","7764","15255","7491","9330975","18391575","9060600"
"900120","씨케이에이치","122415","156377","33962","32540268","41584805","9044537"
"147830","제룡산업","8370","11024","2654","28376705","37360340","8983635"
"070300","엑스큐어","1716","4353","2637","5965330","14929645","8964315"
"354200","엔젠바이오","173","1016","843","1843200","10793800","8950600"
"086820","바이오솔루션","1564","2185","621","22370500","31202900","8832400"
"082850","우리바이오","33269","35558","2289","130467245","139265475","8798230"
"363260","하나금융17호스팩","2068","5085","3017","5908310","14590035","8681725"
"263770","유에스티","5894","8328","2434","21697080","30328165","8631085"
"255440","야스","1055","1720","665","13523900","22075750","8551850"
"037330","인지디스플레","1160","4821","3661","2718695","11227970","8509275"
"089790","제이티","5030","6071","1041","41539840","50026160","8486320"
"049550","잉크테크","191","1384","1193","1353940","9697080","8343140"
"299170","더블유에스아이","5101","8225","3124","13559510","21728490","8168980"
"391060","엔에이치스팩20호","875","4528","3653","1885625","9804445","7918820"
"053290","NE능률","56688","58228","1540","413038630","420599960","7561330"
"039010","현대에이치티","788","1576","788","7571390","14951520","7380130"
"089150","케이씨티","18248","19548","1300","115964490","123316690","7352200"
"200470","에이팩트","9800","10958","1158","59651630","66921020","7269390"
"049430","코메론","3009","3613","604","34361850","41375250","7013400"
"120240","대정화금","3667","4017","350","74055750","81034000","6978250"
"098120","마이크로컨텍솔","3366","3963","597","38861250","45817500","6956250"
"229000","젠큐릭스","370","894","524","4998000","11936600","6938600"
"051490","나라엠앤디","17376","18264","888","139011470","145949270","6937800"
"066590","우수AMS","5294","7044","1750","20809855","27584445","6774590"
"002230","피에스텍","321","1896","1575","1411100","8172420","6761320"
"138610","나이벡","2362","2694","332","48037800","54768500","6730700"
"019570","리더스 기술투자","27296","40571","13275","14067093","20765899","6698806"
"290120","대유에이피","2215","3270","1055","13828770","20344530","6515760"
"002680","한탑","148356","153785","5429","354916550","361403530","6486980"
"091590","남화토건","851","1560","709","7829750","14301170","6471420"
"079970","투비소프트","424051","431109","7058","530506500","536963955","6457455"
"332370","아이디피","2351","3138","787","19493370","25935360","6441990"
"148250","알엔투테크놀로지","1102","1697","595","11413050","17734850","6321800"
"323280","신영스팩5호","2478","4478","2000","7564715","13805460","6240745"
"187420","제노포커스","3360","4417","1057","19855400","26059420","6204020"
"252500","세화피앤씨","55828","59699","3871","97436265","103479970","6043705"
"040160","누리플렉스","10149","10862","713","78078820","83496130","5417310"
"046940","우원개발","4996","6040","1044","26145470","31508270","5362800"
"065530","와이어블","166443","166767","324","571409740","576629285","5219545"
"130580","나이스디앤비","170","705","535","1596330","6568330","4972000"
"365590","엔에이치스팩18호","600","2923","2323","1268750","6184030","4915280"
"078860","아이오케이","242159","247999","5840","238368013","243250394","4882381"
"257720","실리콘투","1782","2091","309","28652950","33438700","4785750"
"215380","우정바이오","1254","2236","982","6082815","10858365","4775550"
"262260","에이프로","2344","2663","319","34036750","38731700","4694950"
"060850","영림원소프트랩","15","486","471","148480","4817240","4668760"
"238490","힘스","604","1165","561","5010440","9634110","4623670"
"356890","싸이버원","668","1061","393","7791300","12383150","4591850"
"036000","예림당","3324","5201","1877","7912300","12352975","4440675"
"234340","세틀뱅크","861","1031","170","22235200","26625950","4390750"
"051390","YW","618","1661","1043","2540435","6845820","4305385"
"190650","코리아에셋투자증권","1071","1448","377","11682850","15909900","4227050"
"377630","삼성스팩4호","1705","2577","872","8305400","12443890","4138490"
"054630","에이디칩스","38893","49982","11089","14362722","18446786","4084064"
"083660","CSA 코스믹","8751","10898","2147","17160645","21115935","3955290"
"199800","툴젠","1889","1948","59","122276400","126210000","3933600"
"038060","루멘스","35871","38482","2611","50011290","53924885","3913595"
"018290","브이티지엠피","36312","36884","572","248178810","251998860","3820050"
"022220","TKG애강","27100","28951","1851","55086550","58896125","3809575"
"226400","오스테오닉","2169","3320","1151","7290890","11070910","3780020"
"020180","대신정보통신","105475","108016","2541","147125980","150855970","3729990"
"052460","아이크래프트","4689","5612","923","19235240","22954215","3718975"
"275630","에스에스알","2193","2831","638","12793170","16342780","3549610"
"106190","하이텍팜","506","817","311","5765650","9308850","3543200"
"054620","APS홀딩스","5199","5543","344","63574350","66874650","3300300"
"039420","케이엘넷","15341","16341","1000","54745685","58029790","3284105"
"060280","큐렉소","4198","4643","445","31228470","34490620","3262150"
"038500","삼표시멘트","57362","58004","642","284388750","287603495","3214745"
"223250","드림씨아이에스","128","395","267","1548050","4748500","3200450"
"175140","인포마크","877","1336","459","6059260","9227250","3167990"
"109740","디에스케이","2974","3460","486","19723660","22842020","3118360"
"064240","홈캐스트","357262","369808","12546","1312648550","1315727435","3078885"
"014570","고려제약","1184","1549","365","10178870","13255480","3076610"
"060540","에스에이티","17922","19084","1162","48430250","51444355","3014105"
"238090","앤디포스","1531","1905","374","12331270","15341010","3009740"
"200710","에이디테크놀로지","1868","2035","167","31420100","34129900","2709800"
"290090","트윔","144","288","144","2604500","5193650","2589150"
"237820","플레이디","2586","2952","366","17473950","20021880","2547930"
"211050","인카금융서비스","25","167","142","441300","2976650","2535350"
"336570","대신밸런스제8호스팩","1621","2206","585","6896585","9408175","2511590"
"101400","엔시트론","15556","18097","2541","14533683","16830704","2297021"
"023910","대한약품","696","777","81","19372450","21596750","2224300"
"363250","진시스템","1569","1783","214","16926700","19132000","2205300"
"228850","레이언스","2675","2849","174","30944950","32994650","2049700"
"115160","휴맥스","26083","26325","242","115748410","117449135","1700725"
"036190","금화피에스시","57","111","54","1774800","3444750","1669950"
"039310","세중","10601","11077","476","36112405","37750975","1638570"
"361670","삼영에스앤씨","1293","1474","181","11330750","12833040","1502290"
"256150","한독크린텍","771","903","132","9005450","10504050","1498600"
"006620","동구바이오제약","2445","2646","201","17242990","18712270","1469280"
"246960","이노테라피","241","389","148","2434200","3893440","1459240"
"049960","쎌바이오텍","7796","7848","52","124241750","125427350","1185600"
"220260","켐트로스","17149","17388","239","149455440","150535250","1079810"
"027040","서울전자통신","3094","4381","1287","2501675","3535543","1033868"
"071850","캐스텍코리아","2509","2964","455","5880865","6907535","1026670"
"290660","네오펙트","6961","7367","406","18069430","19044995","975565"
"036200","유니셈","14661","14749","88","149176300","149909100","732800"
"322510","제이엘케이","826","943","117","4886720","5569960","683240"
"049080","기가레인","137486","138435","949","323482615","324032155","549540"
"171120","라이온켐텍","363","422","59","2863080","3310800","447720"
"060230","소니드","1266492","1298553","32061","1389923550","1390236360","312810"
"273060","와이즈버즈","465","654","189","772615","1080170","307555"
"064850","에프앤가이드","659","710","51","5758250","6064520","306270"
"250930","예선테크","26","151","125","48175","278595","230420"
"222110","팬젠","61","89","28","486540","706670","220130"
"264660","씨앤지하이테크","0","17","17","0","209250","209250"
"389030","지니너스","1383","1403","20","13861150","14037230","176080"
"342550","케이비제20호스팩","0","36","36","0","78870","78870"
"355150","교보10호스팩","0","23","23","0","51405","51405"
"123840","한일진공","6027","6155","128","4767744","4813529","45785"
"397880","교보11호스팩","0","14","14","0","30590","30590"
"900290","GRT","0","18","18","0","21780","21780"
"406760","하나금융21호스팩","0","6","6","0","13110","13110"
"349720","이베스트스팩5호","0","6","6","0","13000","13000"
"409570","한국제10호스팩","0","2","2","0","4410","4410"
"344050","신영스팩6호","0","1","1","0","2240","2240"
"367340","DB금융스팩8호","0","1","1","0","2170","2170"
"408920","에스케이증권7호스팩","1","0","-1","2260","0","-2260"
"080000","에스엔유","4934","4942","8","16713130","16702515","-10615"
"341160","하나금융15호스팩","6","0","-6","14030","0","-14030"
"404950","DB금융스팩10호","18","9","-9","39420","19575","-19845"
"115310","인포바인","2","0","-2","47000","0","-47000"
"372290","하나머스트7호스팩","26","0","-26","57615","0","-57615"
"387310","대신밸런스제10호스팩","30","0","-30","70655","0","-70655"
"069510","에스텍","9","0","-9","74330","0","-74330"
"386580","한화플러스제2호스팩","105","69","-36","245700","159490","-86210"
"065150","엠피대산","10359","10284","-75","8554292","8442227","-112065"
"376980","원티드랩","9759","9786","27","288275300","288114800","-160500"
"377400","하이제6호스팩","81","0","-81","177795","0","-177795"
"950110","SBI핀테크솔루션즈","74","5","-69","416670","28000","-388670"
"373340","유진스팩6호","199","23","-176","457755","52780","-404975"
"002800","신신제약","592","506","-86","3357930","2869730","-488200"
"066130","하츠","3390","3327","-63","31448200","30920450","-527750"
"348150","고바이오랩","1555","1520","-35","24295800","23620150","-675650"
"096630","에스코넥","2973","2421","-552","4267545","3442815","-824730"
"042520","한스바이오메드","550","467","-83","5790200","4893900","-896300"
"023900","풍국주정","2675","2635","-40","43775100","42744400","-1030700"
"114630","폴라리스우노","6993","6691","-302","28240160","27157525","-1082635"
"049520","유아이엘","576","3","-573","1267850","6525","-1261325"
"351320","에스에이티이엔지","2033","1684","-349","7693115","6344330","-1348785"
"054800","아이디스홀딩스","117","3","-114","1404600","35550","-1369050"
"036480","대성미생물","672","567","-105","9625450","8128250","-1497200"
"208350","지란지교시큐리티","1200","900","-300","6309310","4734450","-1574860"
"290740","액트로","782","581","-201","6023670","4440130","-1583540"
"054780","키이스트","30568","30236","-332","307378730","305686200","-1692530"
"246720","아스타","496","159","-337","2511360","803350","-1708010"
"067730","로지시스","5632","5332","-300","33991180","32275070","-1716110"
"037370","EG","4166","4001","-165","48435450","46696300","-1739150"
"900110","이스트아시아홀딩스","151426","145734","-5692","44044557","42294296","-1750261"
"105330","케이엔더블유","7151","6949","-202","68194040","66426600","-1767440"
"068050","팬엔터테인먼트","4612","4217","-395","20262485","18422525","-1839960"
"396300","세아메카닉스","7025","6688","-337","40538200","38479040","-2059160"
"110020","전진바이오팜","568","136","-432","2720600","644450","-2076150"
"413630","유진스팩8호","1030","0","-1030","2229950","0","-2229950"
"234920","자이글","1966","1255","-711","6413480","4087805","-2325675"
"239610","에이치엘사이언스","134","72","-62","5087500","2726600","-2360900"
"900070","글로벌에스엠","5780","2526","-3254","4479050","1959072","-2519978"
"034950","한국기업평가","34","2","-32","2718200","159600","-2558600"
"405640","신한제9호스팩","1283","0","-1283","2822600","0","-2822600"
"391710","엔에이치스팩21호","3910","2793","-1117","9995295","7040345","-2954950"
"321260","프로이천","1370","354","-1016","4017095","1035990","-2981105"
"033200","모아텍","1633","1193","-440","11133350","8134940","-2998410"
"052860","아이앤씨","1779","945","-834","6444175","3410845","-3033330"
"131100","스카이이앤엠","2674","1753","-921","8768470","5728805","-3039665"
"040350","큐로컴","18940","16314","-2626","21447760","18381730","-3066030"
"300080","플리토","1648","1561","-87","62494400","59405800","-3088600"
"400560","하나금융20호스팩","1297","0","-1297","3125775","0","-3125775"
"03481K","해성산업1우","190","2","-188","3302850","34600","-3268250"
"347700","라이프시맨틱스","4898","4510","-388","36018340","32640330","-3378010"
"203400","에이비온","7718","7201","-517","59772920","56384530","-3388390"
"019010","베뉴지","6905","5514","-1391","16380700","12982605","-3398095"
"080530","코디","11493","9555","-1938","19128330","15724045","-3404285"
"130500","GH신소재","28416","27567","-849","138928270","135407230","-3521040"
"111710","남화산업","556","154","-402","4865840","1338040","-3527800"
"109820","진매트릭스","14757","14055","-702","77677210","74090490","-3586720"
"015710","코콤","2210","1637","-573","13852280","10261860","-3590420"
"097800","윈팩","4760","2667","-2093","8332835","4652575","-3680260"
"100130","동국S&C","23337","22612","-725","122143760","118159580","-3984180"
"052220","iMBC","3802","2852","-950","16132240","12080925","-4051315"
"254120","자비스","5433","3599","-1834","11749335","7688260","-4061075"
"026910","광진실업","6393","5610","-783","34072210","29784620","-4287590"
"026040","제이에스티나","13806","12462","-1344","49490455","45130340","-4360115"
"041520","이라이콤","653","16","-637","4480040","109010","-4371030"
"141000","비아트론","3423","2984","-439","35424550","30869600","-4554950"
"236200","슈프리마","626","433","-193","14850800","10228200","-4622600"
"262840","아이퀘스트","926","379","-547","7899960","3224920","-4675040"
"007330","푸른저축은행","1374","973","-401","15991100","11273250","-4717850"
"312610","에이에프더블류","10094","9093","-1001","45593490","40794835","-4798655"
"950200","소마젠","956","105","-851","5426230","592450","-4833780"
"258790","소프트캠프","27958","26036","-1922","66784745","61941265","-4843480"
"256940","케이피에스","913","280","-633","7065600","2153860","-4911740"
"054940","엑사이엔씨","33819","30013","-3806","43088710","38158525","-4930185"
"219130","타이거일렉","1742","1480","-262","31528350","26596700","-4931650"
"113810","디젠스","112414","107063","-5351","121436820","116476155","-4960665"
"347000","센코","472","124","-348","6809450","1789500","-5019950"
"040300","YTN","1398","0","-1398","5034155","0","-5034155"
"003800","에이스침대","240","117","-123","9873900","4825050","-5048850"
"241770","메카로","410","0","-410","5063850","0","-5063850"
"039340","한국경제TV","752","0","-752","5114680","0","-5114680"
"138070","신진에스엠","4412","3578","-834","27306240","22188960","-5117280"
"159010","아스플로","1382","1135","-247","28368900","23213100","-5155800"
"318410","비비씨","2053","1657","-396","27081900","21923200","-5158700"
"227610","아우딘퓨쳐스","11282","7875","-3407","17081980","11906740","-5175240"
"049120","파인디앤씨","4659","2217","-2442","10116980","4840835","-5276145"
"059270","해성티피씨","6682","6070","-612","51765420","46341680","-5423740"
"036180","지더블유바이텍","7455","4356","-3099","13215595","7784150","-5431445"
"007370","진양제약","5667","4841","-826","37419140","31756760","-5662380"
"192390","윈하이텍","14909","13527","-1382","60334965","54554885","-5780080"
"200350","래몽래인","2159","1860","-299","39879250","34077750","-5801500"
"220180","핸디소프트","1784","205","-1579","6629475","756185","-5873290"
"080220","제주반도체","46131","45124","-1007","243074760","237063470","-6011290"
"005710","대원산업","973","8","-965","6077730","49780","-6027950"
"203650","드림시큐리티","7576","6021","-1555","29137220","23092600","-6044620"
"111870","KH 전자","36737","26177","-10560","21657555","15489354","-6168201"
"090150","아이윈","62401","60434","-1967","144148485","137914905","-6233580"
"351330","이삭엔지니어링","764","240","-524","9175500","2909550","-6265950"
"243070","휴온스","4460","4306","-154","172759950","166492450","-6267500"
"338220","뷰노","1446","816","-630","14579040","8180930","-6398110"
"067170","오텍","9342","8570","-772","82784700","76368040","-6416660"
"348030","모비릭스","814","404","-410","12830400","6329450","-6500950"
"032750","삼진","1013","155","-858","7705590","1179760","-6525830"
"037350","성도이엔지","2175","895","-1280","12040880","4949340","-7091540"
"334970","프레스티지바이오로직스","9447","8455","-992","66308230","59164290","-7143940"
"072990","에이치시티","782","239","-543","10284150","3130900","-7153250"
"139050","시티랩스","13200","3044","-10156","9288372","2123161","-7165211"
"217480","에스디생명공학","2941","616","-2325","9077230","1885395","-7191835"
"323230","엠에프엠코리아","9686","4024","-5662","12343085","5130580","-7212505"
"017250","인터엠","5009","0","-5009","7221760","0","-7221760"
"034940","조아제약","7159","4768","-2391","21841730","14538430","-7303300"
"101000","상상인인더스트리","8358","292","-8066","7582478","263098","-7319380"
"073110","엘엠에스","1157","286","-871","10145830","2507140","-7638690"
"010470","오리콤","10638","9498","-1140","72617030","64814630","-7802400"
"100790","미래에셋벤처투자","7778","6890","-888","64932820","57111800","-7821020"
"101240","씨큐브","1471","336","-1135","10236230","2327660","-7908570"
"109960","에이프로젠 H&G","45014","31243","-13771","26337054","18348369","-7988685"
"158430","아톤","4384","4112","-272","128490650","120500450","-7990200"
"138690","엘아이에스","11571","6608","-4963","19140485","10873905","-8266580"
"335810","프리시젼바이오","1692","682","-1010","13761160","5490990","-8270170"
"311690","CJ 바이오사이언스","293","51","-242","10117450","1760650","-8356800"
"108380","대양전기공업","1230","641","-589","17437300","9055850","-8381450"
"361570","알비더블유","3869","3421","-448","68972150","60585650","-8386500"
"106520","노블엠앤비","3664","1411","-2253","13666715","5262650","-8404065"
"307870","비투엔","5851","2684","-3167","15622790","7179700","-8443090"
"261780","차백신연구소","6503","5299","-1204","46431500","37927390","-8504110"
"080420","모다이노칩","20764","18063","-2701","70358700","61410725","-8947975"
"226950","올릭스","5173","4763","-410","106203200","97252100","-8951100"
"095910","에스에너지","11522","9046","-2476","42240255","33068635","-9171620"
"083550","케이엠","1901","660","-1241","14188920","4953790","-9235130"
"204620","글로벌텍스프리","10704","7526","-3178","31606890","22145230","-9461660"
"075130","플랜티넷","16767","14174","-2593","62059970","52533150","-9526820"
"079650","서산","7704","3931","-3773","19551320","9975095","-9576225"
"051380","피씨디렉트","20141","19656","-485","463002800","453381300","-9621500"
"227950","엔투텍","28632","22716","-5916","45321665","35696025","-9625640"
"131030","디에이치피코리아","1676","340","-1336","12126180","2442550","-9683630"
"187870","디바이스이엔지","2289","1864","-425","51626550","41929000","-9697550"
"053060","세동","8445","51","-8394","9789850","59280","-9730570"
"376180","피코그램","1842","1278","-564","31548950","21697150","-9851800"
"104540","코렌텍","1220","394","-826","14708650","4684900","-10023750"
"071200","인피니트헬스케어","4624","3145","-1479","31061190","20986870","-10074320"
"234690","녹십자웰빙","1761","632","-1129","15770140","5681790","-10088350"
"352940","인바이오","4855","3226","-1629","30120680","19994260","-10126420"
"046140","SBS콘텐츠허브","1491","175","-1316","11498910","1338110","-10160800"
"060480","국일신동","5544","2786","-2758","20283660","10122120","-10161540"
"046310","백금T&A","8279","5406","-2873","29689910","19412810","-10277100"
"265740","엔에프씨","1032","267","-765","13989400","3592400","-10397000"
"082210","옵트론텍","9495","7923","-1572","61303170","50874160","-10429010"
"204840","지엘팜텍","310631","305382","-5249","380044860","369586670","-10458190"
"033540","파라텍","30212","25502","-4710","63412345","52909605","-10502740"
"043090","한창바이오텍","6384","287","-6097","11045545","497175","-10548370"
"062860","티엘아이","15884","14695","-1189","141601040","131002750","-10598290"
"065130","탑엔지니어링","1726","125","-1601","11632010","838970","-10793040"
"046070","코다코","11859","4558","-7301","17521275","6685220","-10836055"
"036690","코맥스","3632","1042","-2590","15229315","4384910","-10844405"
"021320","KCC건설","4460","3196","-1264","39281790","28156050","-11125740"
"008830","대동기어","25358","24458","-900","276344900","265168800","-11176100"
"277070","린드먼아시아","5401","3314","-2087","28782380","17592690","-11189690"
"044960","이글벳","7920","6329","-1591","57817760","46227620","-11590140"
"161570","THE MIDONG","11996","3232","-8764","15951035","4319190","-11631845"
"005160","동국산업","3836","399","-3437","13006905","1356250","-11650655"
"293580","나우IB","1731","553","-1178","17073940","5417630","-11656310"
"101670","코리아에스이","24618","18135","-6483","45001900","33333845","-11668055"
"352480","씨앤씨인터내셔널","4837","4319","-518","103309450","91634000","-11675450"
"012340","뉴인텍","19231","15571","-3660","61257940","49560055","-11697885"
"002290","삼일기업공사","23015","20505","-2510","108580980","96672985","-11907995"
"049630","재영솔루텍","46354","33611","-12743","42805087","30883374","-11921713"
"065370","위세아이텍","4407","3470","-937","55296350","43369850","-11926500"
"005990","매일홀딩스","1842","657","-1185","18547100","6522090","-12025010"
"272110","케이엔제이","1570","667","-903","21138300","9021500","-12116800"
"376190","엘비루셈","3148","1883","-1265","30356420","18133900","-12222520"
"270870","뉴트리","1508","800","-708","26121300","13806700","-12314600"
"036670","KCI","2642","1329","-1313","24717510","12393780","-12323730"
"226330","신테카바이오","7462","6539","-923","94281250","81821300","-12459950"
"187660","에이디엠코리아","62196","60267","-1929","269361760","256739375","-12622385"
"035200","프럼파스트","26252","24033","-2219","147112580","134480640","-12631940"
"006140","피제이전자","2368","679","-1689","17777430","5111870","-12665560"
"365900","브이씨","2985","2029","-956","40391150","27711450","-12679700"
"032940","원익","3495","789","-2706","16372275","3687690","-12684585"
"340930","유일에너테크","1578","812","-766","26309450","13506400","-12803050"
"221840","하이즈항공","32488","31027","-1461","206891650","194041220","-12850430"
"191410","육일씨엔에쓰","3488","7","-3481","12881690","25585","-12856105"
"217190","제너셈","3020","1515","-1505","25999060","13022100","-12976960"
"080010","이상네트웍스","9992","8167","-1825","71675640","58539330","-13136310"
"228340","동양파일","3839","994","-2845","17732635","4586670","-13145965"
"089230","THE E&M","40308","18091","-22217","23738332","10585175","-13153157"
"226340","본느","18617","13290","-5327","45219695","31956440","-13263255"
"413600","키움제6호스팩","17563","12659","-4904","46783755","33505020","-13278735"
"147760","마이크로프랜드","5848","3521","-2327","33693170","20210300","-13482870"
"096870","엘디티","12706","9805","-2901","59372850","45820635","-13552215"
"061040","알에프텍","15780","13617","-2163","96910910","83352520","-13558390"
"352700","씨앤투스성진","25408","22923","-2485","139677620","126101240","-13576380"
"060570","드림어스컴퍼니","3332","267","-3065","14885920","1189690","-13696230"
"320000","윈텍","10786","5767","-5019","29539605","15761080","-13778525"
"098660","에스티오","4951","351","-4600","14914920","1050635","-13864285"
"063440","SM Life Design","34383","29207","-5176","89516690","75502320","-14014370"
"261200","덴티스","3131","1497","-1634","26937820","12821450","-14116370"
"032960","동일기연","1532","380","-1152","18848450","4706500","-14141950"
"078160","메디포스트","6332","5712","-620","138830750","124654000","-14176750"
"053700","삼보모터스","3998","1234","-2764","20446530","6247850","-14198680"
"367000","플래티어","1959","1054","-905","30452650","16243400","-14209250"
"035610","솔본","6956","3952","-3004","32997095","18753510","-14243585"
"238120","얼라인드","2522","954","-1568","23242230","8739330","-14502900"
"100030","모바일리더","988","280","-708","20480750","5765900","-14714850"
"322180","티라유텍","2543","1175","-1368","27998150","13129850","-14868300"
"159580","제로투세븐","9052","7429","-1623","83745010","68502230","-15242780"
"063080","컴투스홀딩스","23345","23217","-128","1738631400","1723297000","-15334400"
"079190","케스피온","276594","271533","-5061","437453810","421984095","-15469715"
"317830","에스피시스템스","44665","42470","-2195","406408080","390903280","-15504800"
"053080","원방테크","4418","2988","-1430","48200250","32631500","-15568750"
"095190","이엠코리아","8397","3938","-4459","29396695","13744695","-15652000"
"204270","제이앤티씨","9308","6764","-2544","55931990","40242090","-15689900"
"122990","와이솔","7188","5767","-1421","78629650","62935050","-15694600"
"036170","클라우드에어","34937","22918","-12019","46041225","30068910","-15972315"
"263690","디알젬","1846","137","-1709","17325180","1288490","-16036690"
"217620","디딤","14395","2023","-12372","18800365","2650550","-16149815"
"040910","아이씨디","3158","1575","-1583","32185300","15995150","-16190150"
"029480","광무","7832","3359","-4473","28635825","12400310","-16235515"
"037460","삼지전자","3234","1875","-1359","38686200","22377550","-16308650"
"001000","신라섬유","17050","9727","-7323","38763125","22354900","-16408225"
"318000","KBG","3455","1289","-2166","26367260","9859450","-16507810"
"073190","듀오백","5776","17","-5759","16700620","49090","-16651530"
"043710","서울리거","70868","58765","-12103","103136130","86407030","-16729100"
"019540","일지테크","6661","1348","-5313","21156325","4294130","-16862195"
"131090","시큐브","41066","28650","-12416","56665820","39647710","-17018110"
"333620","엔시스","2426","1456","-970","43172700","25942600","-17230100"
"222040","코스맥스엔비티","3672","829","-2843","22262060","5010240","-17251820"
"199820","제일전기공업","1583","332","-1251","21840900","4567150","-17273750"
"054410","케이피티유","4789","2043","-2746","30525060","13096720","-17428340"
"300120","라온피플","1734","307","-1427","21346900","3751950","-17594950"
"412930","미래에셋비전스팩1호","9270","1194","-8076","20301300","2626895","-17674405"
"065710","서호전기","1380","507","-873","27998600","10284750","-17713850"
"087600","픽셀플러스","3039","1086","-1953","27775910","9940180","-17835730"
"025870","신라에스지","17111","15762","-1349","211996250","194156350","-17839900"
"042110","에스씨디","14176","6213","-7963","31915500","13974500","-17941000"
"049720","고려신용정보","6461","4424","-2037","56539870","38578940","-17960930"
"091340","S&K폴리텍","5531","1941","-3590","27777525","9722740","-18054785"
"092600","앤씨앤","8974","4454","-4520","35868340","17793275","-18075065"
"321550","티움바이오","1359","231","-1128","21935650","3717850","-18217800"
"007530","영신금속","17854","11631","-6223","51462270","33129240","-18333030"
"122350","삼기","25318","20446","-4872","96290035","77942630","-18347405"
"019990","에너토크","46276","45746","-530","667946200","649586450","-18359750"
"049830","승일","2323","830","-1493","28761600","10224850","-18536750"
"016250","SGC이테크건설","660","309","-351","35041500","16422800","-18618700"
"060590","씨티씨바이오","18641","16838","-1803","187725610","169073270","-18652340"
"310870","디와이씨","11832","2366","-9466","23318840","4663375","-18655465"
"170790","파이오링크","3175","1859","-1316","45371400","26668000","-18703400"
"059100","아이컴포넌트","6059","3453","-2606","44080320","25056020","-19024300"
"019770","서연탑메탈","122972","118876","-4096","690275490","671239690","-19035800"
"043100","솔고바이오","71922","46082","-25840","53166070","33950452","-19215618"
"065170","비엘팜텍","69357","52641","-16716","81273155","61837295","-19435860"
"376930","노을","3561","645","-2916","23899690","4301600","-19598090"
"187790","나노","29893","15652","-14241","41394170","21687830","-19706340"
"238200","비피도","2511","149","-2362","21225630","1262930","-19962700"
"304100","솔트룩스","4124","2366","-1758","47366400","27339850","-20026550"
"084180","EV수성","25758","12792","-12966","39686700","19513585","-20173115"
"082800","비보존 헬스케어","81880","63879","-18001","91473350","71157370","-20315980"
"090470","제이스텍","3683","719","-2964","25331510","4902070","-20429440"
"115530","씨엔플러스","28096","0","-28096","20432056","0","-20432056"
"059210","메타바이오메드","17554","10092","-7462","48186510","27646610","-20539900"
"161580","필옵틱스","3007","616","-2391","25892100","5315170","-20576930"
"058450","일야","408959","386962","-21997","375698525","354833401","-20865124"
"166480","코아스템","3356","1739","-1617","43624400","22711350","-20913050"
"173940","에프엔씨엔터","3158","774","-2384","27731240","6751830","-20979410"
"127710","아시아경제","9630","1875","-7755","26415410","5090595","-21324815"
"014470","부방","76979","69370","-7609","199925180","178555390","-21369790"
"348350","위드텍","1587","256","-1331","25881850","4161200","-21720650"
"317330","덕산테코피아","15120","14132","-988","350714150","328670550","-22043600"
"122450","KMH","2944","402","-2542","25684840","3453280","-22231560"
"056700","신화인터텍","9053","993","-8060","25571340","2803730","-22767610"
"101160","월덱스","39768","39059","-709","1039741750","1016928700","-22813050"
"010240","흥국","257510","255441","-2069","2172927670","2150049450","-22878220"
"286750","나노브릭","11104","2581","-8523","29764270","6849105","-22915165"
"339950","아이비김영","17959","10415","-7544","54536430","31517800","-23018630"
"260660","알리코제약","5207","2020","-3187","37633450","14580680","-23052770"
"009780","엠에스씨","11934","8422","-3512","80719530","57348180","-23371350"
"133750","메가엠디","11857","4950","-6907","40105240","16689035","-23416205"
"054920","한컴위드","8693","5654","-3039","67687310","44198690","-23488620"
"012790","신일제약","6631","4216","-2415","64657100","41161560","-23495540"
"303530","이노뎁","2820","1561","-1259","52863200","29263700","-23599500"
"087010","펩트론","3718","1148","-2570","34220410","10577810","-23642600"
"126640","화신정공","79348","67772","-11576","159190055","135529370","-23660685"
"153490","우리이앤엘","17942","3275","-14667","29141930","5317905","-23824025"
"232140","와이아이케이","7542","2836","-4706","38186715","14304780","-23881935"
"018120","진로발효","935","62","-873","25904550","1717400","-24187150"
"352910","오비고","5977","4245","-1732","84714600","60466950","-24247650"
"264850","이랜시스","7688","730","-6958","26821120","2531060","-24290060"
"089600","나스미디어","1830","932","-898","49612550","25304750","-24307800"
"242040","나무기술","19951","9911","-10040","48811325","24225640","-24585685"
"159910","스킨앤스킨","172952","107420","-65532","65392222","40539225","-24852997"
"032800","판타지오","43088","7996","-35092","30556403","5664612","-24891791"
"366030","공구우먼","9946","9105","-841","329556600","304363250","-25193350"
"031310","아이즈비전","12866","6214","-6652","48825335","23488865","-25336470"
"031980","피에스케이홀딩스","5742","3829","-1913","75704050","50277750","-25426300"
"047080","한빛소프트","9241","3515","-5726","41109955","15513295","-25596660"
"025770","한국정보통신","3233","24","-3209","25847960","189230","-25658730"
"317530","캐리소프트","4396","1466","-2930","38599990","12757360","-25842630"
"253840","수젠텍","51644","49604","-2040","569083050","543233450","-25849600"
"066980","이엔코퍼레이션","11352","4198","-7154","41641990","15403855","-26238135"
"189330","씨이랩","2984","1517","-1467","53325400","27074600","-26250800"
"079960","동양이엔피","3717","2175","-1542","62701150","36401800","-26299350"
"053590","한국테크놀로지","33949","1224","-32725","27368897","988834","-26380063"
"123410","코리아에프티","23796","15407","-8389","75168125","48694570","-26473555"
"217270","넵튠","3230","1453","-1777","48245950","21701300","-26544650"
"063570","한국전자금융","19233","14658","-4575","112747250","85862800","-26884450"
"214180","민앤지","2582","1025","-1557","45101600","17849450","-27252150"
"033230","인성정보","39646","29250","-10396","104137230","76660940","-27476290"
"023790","동일철강","17831","8592","-9239","53353985","25716635","-27637350"
"001540","안국약품","4313","1609","-2704","44399300","16605950","-27793350"
"102710","이엔에프테크놀로지","17813","16921","-892","623135250","594733500","-28401750"
"043340","에쎈테크","24574","722","-23852","29337780","856470","-28481310"
"080520","오디텍","15299","11161","-4138","105172830","76630000","-28542830"
"230980","에이트원","29951","5768","-24183","35432225","6845395","-28586830"
"197140","디지캡","6898","419","-6479","30431880","1834510","-28597370"
"250060","모비스","20128","6337","-13791","42207775","13272700","-28935075"
"018680","서울제약","5753","931","-4822","34619410","5590740","-29028670"
"028080","휴맥스홀딩스","7909","1183","-6726","34173810","5119390","-29054420"
"096690","에이루트","102808","45074","-57734","52206312","22968601","-29237711"
"009300","삼아제약","1838","192","-1646","32689900","3432850","-29257050"
"029960","코엔텍","14579","11095","-3484","121755840","92319630","-29436210"
"074430","아미노로직스","75644","62621","-13023","168757445","139296770","-29460675"
"241790","오션브릿지","3148","1125","-2023","45998800","16518350","-29480450"
"068930","디지털대성","6328","2632","-3696","50811220","21134450","-29676770"
"079000","와토스코리아","9110","4802","-4308","63106470","33223310","-29883160"
"067570","엔브이에이치코리아","15614","8646","-6968","66283300","36379990","-29903310"
"006050","국영지앤엠","29744","12195","-17549","50879215","20791805","-30087410"
"177350","베셀","63500","60273","-3227","582731230","552586570","-30144660"
"007720","대명소노시즌","39243","13412","-25831","46356090","15816115","-30539975"
"067280","멀티캠퍼스","1067","395","-672","49411700","18741250","-30670450"
"050120","ES큐브","13036","6659","-6377","63219135","32268150","-30950985"
"024810","이화전기","57182","29072","-28110","63100430","32046130","-31054300"
"137080","나래나노텍","4210","1509","-2701","48398000","17236750","-31161250"
"035620","바른손이앤에이","29732","5896","-23836","39138660","7731280","-31407380"
"069410","엔텔스","8119","4086","-4033","64066350","32475400","-31590950"
"217730","강스템바이오텍","25429","16248","-9181","88653540","57002660","-31650880"
"302430","이노메트리","3743","1274","-2469","47835000","16156150","-31678850"
"218150","미래생명자원","148259","144763","-3496","1291895760","1260190180","-31705580"
"273640","와이엠텍","2189","439","-1750","39714100","7987650","-31726450"
"347740","피엔케이피부임상연구센타","2063","293","-1770","37335300","5250400","-32084900"
"140070","서플러스글로벌","8553","1883","-6670","41312705","9014065","-32298640"
"244460","올리패스","7744","3439","-4305","59114430","26137530","-32976900"
"066620","국보디자인","13882","12131","-1751","261606050","228410100","-33195950"
"115570","스타플렉스","11134","3913","-7221","51623615","18167195","-33456420"
"089970","에이피티씨","11912","10277","-1635","239331950","205526250","-33805700"
"299030","하나기술","4048","3463","-585","224451900","190630000","-33821900"
"073010","케이에스피","17665","75","-17590","34104130","143310","-33960820"
"184230","SGA솔루션즈","38308","8559","-29749","43795110","9777290","-34017820"
"304840","피플바이오","5978","2835","-3143","63902600","29855050","-34047550"
"070590","한솔인티큐브","14497","1410","-13087","37901690","3669735","-34231955"
"079950","인베니아","23154","9880","-13274","59764295","25531660","-34232635"
"327260","RF머트리얼즈","5749","3016","-2733","73177400","38752650","-34424750"
"036030","케이티알파","9106","3517","-5589","57643600","22748030","-34895570"
"094970","제이엠티","21846","12956","-8890","85683795","50771800","-34911995"
"062970","피피아이","11463","2107","-9356","42774350","7772760","-35001590"
"330350","위더스제약","9548","5911","-3637","91643580","56582830","-35060750"
"084730","팅크웨어","2205","121","-2084","37244000","2052350","-35191650"
"045970","코아시아","7581","3059","-4522","59237690","23755090","-35482600"
"122640","예스티","34263","29905","-4358","285782870","250253870","-35529000"
"164060","이루다","17261","11114","-6147","98785500","63162530","-35622970"
"045300","성우테크론","21668","15204","-6464","119776010","84150790","-35625220"
"038290","마크로젠","1834","458","-1376","48036300","11815300","-36221000"
"118990","모트렉스","6685","5502","-1183","212419300","175832000","-36587300"
"203690","프로스테믹스","17599","3706","-13893","46323625","9714130","-36609495"
"104460","디와이피엔에프","2025","1002","-1023","72350700","35646200","-36704500"
"214260","라파스","2382","1324","-1058","83162900","46327050","-36835850"
"040420","정상제이엘에스","5918","1052","-4866","45386110","8084900","-37301210"
"099190","아이센스","6934","5686","-1248","210221350","172392100","-37829250"
"204020","그리티","23343","11117","-12226","72439635","34482355","-37957280"
"071280","로체시스템즈","11784","4724","-7060","63762310","25584800","-38177510"
"051780","큐로홀딩스","226248","166038","-60210","142773431","104571997","-38201434"
"065450","빅텍","155416","149904","-5512","1123349070","1085141120","-38207950"
"368770","파이버프로","25840","18076","-7764","126419815","88183580","-38236235"
"900260","로스웰","502598","418387","-84211","219545844","181150700","-38395144"
"168330","내츄럴엔도텍","9070","2855","-6215","57078650","18158930","-38919720"
"036560","영풍정밀","5489","1394","-4095","52334930","13279140","-39055790"
"194700","노바렉스","1067","28","-1039","40410350","1058050","-39352300"
"068790","DMS","7517","1058","-6459","46012720","6416280","-39596440"
"005670","푸드웰","12094","6380","-5714","84163370","44289060","-39874310"
"033050","제이엠아이","40051","8739","-31312","50995650","11058000","-39937650"
"154040","솔루에타","19653","6739","-12914","61879260","21308105","-40571155"
"149950","아바텍","11080","8969","-2111","199029350","158397850","-40631500"
"072020","중앙백신","3600","668","-2932","50109300","9331100","-40778200"
"219420","링크제니시스","10805","5334","-5471","80983040","40135660","-40847380"
"042600","새로닉스","6294","4485","-1809","148073150","107177650","-40895500"
"048870","시너지이노베이션","17102","6798","-10304","67635285","26709000","-40926285"
"131180","딜리","31966","11017","-20949","62670770","21586480","-41084290"
"308100","까스텔바작","6573","2125","-4448","61641670","19978170","-41663500"
"369370","블리츠웨이","9597","676","-8921","44926665","3184860","-41741805"
"041590","플래스크","28195","6667","-21528","54919020","12966675","-41952345"
"217500","러셀","21276","11525","-9751","92411825","49892305","-42519520"
"064480","브리지텍","15269","6879","-8390","77430550","34867220","-42563330"
"222810","마이더스AI","152905","116654","-36251","183758460","141172685","-42585775"
"129890","앱코","5591","2467","-3124","75789650","33065800","-42723850"
"109080","옵티시스","3409","542","-2867","50897100","8107750","-42789350"
"139670","키네마스터","21483","18041","-3442","263501450","220584750","-42916700"
"053580","웹케시","5909","3984","-1925","131164950","88151300","-43013650"
"039240","경남스틸","35323","25938","-9385","164624060","121199540","-43424520"
"382800","지앤비에스엔지니어링","4938","1904","-3034","70562100","27023850","-43538250"
"053350","이니텍","12837","2863","-9974","56582510","12667330","-43915180"
"950170","JTC","37890","25563","-12327","137716485","93232455","-44484030"
"228670","레이","3740","1724","-2016","82936400","38413150","-44523250"
"094360","칩스앤미디어","11207","8853","-2354","214582350","169982500","-44599850"
"067920","이글루","6300","313","-5987","47384410","2352200","-45032210"
"038680","에스넷","14685","8799","-5886","111190800","66026340","-45164460"
"073540","에프알텍","28941","17912","-11029","119388990","74160935","-45228055"
"048910","대원미디어","7214","4156","-3058","106912800","61516550","-45396250"
"264450","유비쿼스","14706","12763","-1943","359233050","313599050","-45634000"
"092130","이크레더블","4396","1891","-2505","80572600","34684250","-45888350"
"128540","에코캡","12872","5782","-7090","83195440","37189810","-46005630"
"076080","웰크론한텍","41301","29698","-11603","164317515","118175960","-46141555"
"064800","젬백스링크","41281","11529","-29752","64096815","17843055","-46253760"
"059090","미코","12039","7530","-4509","126430600","79759450","-46671150"
"067080","대화제약","8537","2619","-5918","67487130","20711040","-46776090"
"114840","아이패밀리에스씨","10121","8302","-1819","266846100","219119600","-47726500"
"290720","푸드나무","2308","407","-1901","58038200","10212950","-47825250"
"291650","압타머사이언스","5309","698","-4611","56184850","7403350","-48781500"
"017890","한국알콜","12686","8608","-4078","151197250","102412400","-48784850"
"370090","퓨런티어","5334","2496","-2838","91842050","43048450","-48793600"
"115480","씨유메디칼","109678","66803","-42875","122862375","73805855","-49056520"
"200780","비씨월드제약","5390","1340","-4050","65292500","16179550","-49112950"
"127120","디엔에이링크","27773","16347","-11426","118556825","69390800","-49166025"
"171010","램테크놀러지","22993","16156","-6837","164960610","115714790","-49245820"
"365270","큐라클","80980","79225","-1755","1685624300","1636064350","-49559950"
"017510","세명전기","13119","1238","-11881","55367465","5215670","-50151795"
"089850","유비벨록스","7138","3617","-3521","103082200","52377050","-50705150"
"357580","아모센스","5957","2986","-2971","101637350","50549200","-51088150"
"950190","미투젠","3317","467","-2850","59410550","8317550","-51093000"
"067000","조이시티","98840","91716","-7124","649956190","598591650","-51364540"
"039560","다산네트웍스","59235","52524","-6711","448405690","397040860","-51364830"
"092460","한라IMS","11874","2433","-9441","65045200","13373970","-51671230"
"105740","디케이락","5007","557","-4450","58298450","6414800","-51883650"
"155650","와이엠씨","8024","638","-7386","56840790","4502220","-52338570"
"004650","창해에탄올","5623","1807","-3816","76945650","24602700","-52342950"
"023440","제이스코홀딩스","29387","7609","-21778","70631570","18248975","-52382595"
"177830","파버나인","22695","11806","-10889","109779485","57092530","-52686955"
"024800","유성티엔에스","32165","15519","-16646","101928005","48955120","-52972885"
"012620","원일특강","8148","3997","-4151","104128950","50990850","-53138100"
"034810","해성산업","5865","1640","-4225","73921550","20676100","-53245450"
"251970","펌텍코리아","3198","353","-2845","60005500","6567900","-53437600"
"250000","보라티알","10384","6427","-3957","142670500","88462850","-54207650"
"226360","KH 건설","146931","84237","-62694","127620968","73292410","-54328558"
"101390","아이엠","9265","1680","-7585","66567450","12047720","-54519730"
"169330","엠브레인","20430","7168","-13262","84978535","29841070","-55137465"
"043610","지니뮤직","19239","8062","-11177","95148315","39903235","-55245080"
"301300","바이브컴퍼니","2801","1307","-1494","104275950","48556400","-55719550"
"212560","네오오토","10545","3418","-7127","82856760","26836600","-56020160"
"297090","씨에스베어링","10965","6585","-4380","140858550","84289800","-56568750"
"277880","티에스아이","13709","9019","-4690","163643700","107045200","-56598500"
"128660","피제이메탈","77844","66856","-10988","424592570","367601810","-56990760"
"041960","코미팜","24332","17363","-6969","197372880","140185550","-57187330"
"134580","탑코미디어","17430","11387","-6043","164882160","107384530","-57497630"
"060260","뉴보텍","127344","83063","-44281","164228565","106710430","-57518135"
"008290","원풍물산","110359","60717","-49642","120603175","63068900","-57534275"
"352770","클리노믹스","6247","483","-5764","62370060","4784050","-57586010"
"084110","휴온스글로벌","7604","5400","-2204","196805650","139155600","-57650050"
"109860","동일금속","4202","794","-3408","71181400","13439700","-57741700"
"054950","제이브이엠","9655","6245","-3410","163929100","105888300","-58040800"
"011370","서한","85675","49371","-36304","137876995","79394300","-58482695"
"056090","에디슨INNO","45814","40532","-5282","502767050","444267500","-58499550"
"014940","오리엔탈정공","28105","11277","-16828","96173830","37666485","-58507345"
"048470","대동스틸","19776","11670","-8106","141952710","83352100","-58600610"
"092300","현우산업","35860","24181","-11679","179911860","121242565","-58669295"
"058970","엠로","7438","4054","-3384","128484400","69805800","-58678600"
"201490","미투온","22761","11559","-11202","120088760","61208160","-58880600"
"101930","인화정공","3895","203","-3692","62150150","3212550","-58937600"
"024910","경창산업","25623","2540","-23083","65437860","6448290","-58989570"
"241710","코스메카코리아","5263","833","-4430","71021900","11252700","-59769200"
"004780","대륙제관","19845","8856","-10989","108051480","47960630","-60090850"
"189690","포시에스","7012","0","-7012","60353240","0","-60353240"
"008370","원풍","11870","620","-11250","63742940","3355650","-60387290"
"195990","에이비프로바이오","230051","163563","-66488","207622960","147177624","-60445336"
"086060","진바이오텍","39932","28073","-11859","213560020","152702060","-60857960"
"064290","인텍플러스","8845","6421","-2424","225181450","163401450","-61780000"
"088390","이녹스","4088","1052","-3036","84043850","21587050","-62456800"
"258610","케일럼","29648","15387","-14261","132608425","69075805","-63532620"
"094170","동운아나텍","18398","7119","-11279","103974160","40230350","-63743810"
"079170","한창산업","13272","6283","-6989","121943980","57778240","-64165740"
"263860","지니언스","18134","11027","-7107","165201120","100606400","-64594720"
"045520","크린앤사이언스","18058","13726","-4332","256861300","192033250","-64828050"
"236810","엔비티","12372","8764","-3608","220886800","156000600","-64886200"
"060310","3S","29736","8350","-21386","90546475","25423705","-65122770"
"083450","GST","9811","7584","-2227","286465400","221195450","-65269950"
"053450","세코닉스","13926","7244","-6682","137509730","71422480","-66087250"
"033310","엠투엔","65465","54502","-10963","404114930","337964690","-66150240"
"072870","메가스터디","6052","292","-5760","70708500","3418050","-67290450"
"187220","디티앤씨","13118","3919","-9199","96472800","29093870","-67378930"
"069920","아이에스이커머스","50139","42771","-7368","475431540","407891820","-67539720"
"307180","아이엘사이언스","23103","5717","-17386","89677440","21941825","-67735615"
"061250","화일약품","61880","38927","-22953","181222860","113366755","-67856105"
"011080","형지I&C","81522","17672","-63850","86874605","18927000","-67947605"
"085370","루트로닉","159624","156890","-2734","3552775400","3484752300","-68023100"
"317870","엔바이오니아","6393","761","-5632","77291700","9172250","-68119450"
"340570","티앤엘","3414","1598","-1816","128574100","59816050","-68758050"
"044340","위닉스","5346","726","-4620","79809200","10818150","-68991050"
"123860","아나패스","4848","2023","-2825","118788600","49424000","-69364600"
"175250","아이큐어","9107","3190","-5917","107032350","37499900","-69532450"
"030350","드래곤플라이","67336","35151","-32185","143850410","74270830","-69579580"
"096610","알에프세미","27692","10231","-17461","111105000","41121505","-69983495"
"007680","대원","7514","480","-7034","74872910","4792420","-70080490"
"309930","오하임아이엔티","24472","8059","-16413","106593280","35146115","-71447165"
"267790","배럴","10206","3513","-6693","109621950","38142950","-71479000"
"038010","제일테크노스","32417","20869","-11548","205606560","133763130","-71843430"
"023600","삼보판지","6552","956","-5596","85785500","12483050","-73302450"
"007820","에스엠코어","12078","917","-11161","80362840","6104120","-74258720"
"093320","케이아이엔엑스","3716","2364","-1352","204067500","129776700","-74290800"
"059120","아진엑스텍","25478","19180","-6298","303577100","228642450","-74934650"
"082660","코스나인","81057","13054","-68003","89493800","14236155","-75257645"
"305090","마이크로디지탈","30049","24457","-5592","429662550","353842850","-75819700"
"196450","코아시아옵틱스","34471","3846","-30625","85351645","9450110","-75901535"
"153460","네이블","12198","2588","-9610","98252860","20969640","-77283220"
"007770","한일화학","10474","6049","-4425","183117200","105595450","-77521750"
"288980","모아데이타","8005","1543","-6462","96746550","18874500","-77872050"
"078940","코드네이처","124072","82978","-41094","230523375","152027935","-78495440"
"317850","대모","41245","33112","-8133","391841720","313200070","-78641650"
"143540","영우디에스피","58166","22927","-35239","129688180","50875680","-78812500"
"019210","와이지-원","32727","23903","-8824","288311650","209399460","-78912190"
"047560","이스트소프트","14685","7753","-6932","166649450","87494100","-79155350"
"065950","웰크론","271249","254967","-16282","1122530465","1042138980","-80391485"
"054180","메디콕스","233709","121202","-112507","164511146","84099972","-80411174"
"208370","셀바스헬스케어","41142","14637","-26505","125869655","44650610","-81219045"
"090850","현대이지웰","12035","3910","-8125","120607390","39155100","-81452290"
"099440","스맥","113294","72565","-40729","229385255","147457615","-81927640"
"121440","골프존뉴딘홀딩스","15141","5728","-9413","132988390","50400940","-82587450"
"030520","한글과컴퓨터","15756","11613","-4143","316539500","233872800","-82666700"
"122690","서진오토모티브","38556","15937","-22619","141650935","58596375","-83054560"
"035290","골드앤에스","78475","51558","-26917","239608370","155806440","-83801930"
"246710","티앤알바이오팹","18920","14756","-4164","377429350","292746950","-84682400"
"089530","에이티세미콘","255955","208757","-47198","502025300","416633895","-85391405"
"102370","케이옥션","7275","3406","-3869","162227950","76686850","-85541100"
"104480","티케이케미칼","370484","351309","-19175","1832892935","1747011850","-85881085"
"377220","프롬바이오","11380","1911","-9469","103171580","17288520","-85883060"
"016100","리더스코스메틱","32021","6781","-25240","109427270","23121840","-86305430"
"253450","스튜디오드래곤","28491","27436","-1055","2313999300","2226670200","-87329100"
"081150","티플랙스","176751","164080","-12671","1004532290","917061610","-87470680"
"042370","비츠로테크","11233","2047","-9186","107968660","19655730","-88312930"
"137940","넥스트아이","123039","34297","-88742","122729913","34232461","-88497452"
"200670","휴메딕스","5514","928","-4586","106707150","18028000","-88679150"
"114810","아이원스","18382","8596","-9786","167682920","78338630","-89344290"
"069080","웹젠","58119","54086","-4033","1180632350","1090769250","-89863100"
"033160","엠케이전자","25111","18635","-6476","349670350","259734350","-89936000"
"054040","한국컴퓨터","30451","10983","-19468","140633670","50634290","-89999380"
"085910","네오티스","17968","1057","-16911","95804210","5651010","-90153200"
"019550","SBI인베스트먼트","269937","216975","-52962","468992520","378762235","-90230285"
"051500","CJ프레시웨이","27825","26076","-1749","1185008800","1093247350","-91761450"
"389140","포바이포","7225","3999","-3226","206713150","114029750","-92683400"
"140520","대창스틸","53620","29470","-24150","203735695","110950210","-92785485"
"019590","엠벤처투자","95183","26404","-68779","128958830","35886045","-93072785"
"052600","한네트","24252","12938","-11314","198884120","105763370","-93120750"
"063760","이엘피","19207","4789","-14418","124068810","30683010","-93385800"
"234300","에스트래픽","25076","3305","-21771","108009590","14111105","-93898485"
"017480","삼현철강","19330","5778","-13552","134320900","40156200","-94164700"
"066910","손오공","60526","19588","-40938","139668425","45363215","-94305210"
"265560","영화테크","12144","6092","-6052","188840600","94200150","-94640450"
"234100","폴라리스세원","59014","25476","-33538","166389195","71588715","-94800480"
"041460","한국전자인증","31889","19013","-12876","236774170","141639950","-95134220"
"076610","해성옵틱스","502703","403895","-98808","488104310","392230900","-95873410"
"092070","디엔에프","10775","6290","-4485","231585750","134911000","-96674750"
"024060","흥구석유","61849","49660","-12189","487896430","391063420","-96833010"
"079940","가비아","8997","1847","-7150","122119950","25217450","-96902500"
"027580","상보","78572","25466","-53106","145785685","47277545","-98508140"
"014620","성광벤드","34493","24443","-10050","342960750","242692780","-100267970"
"066430","와이오엠","61655","21452","-40203","153610610","53322405","-100288205"
"179900","유티아이","13748","7353","-6395","217558850","116498400","-101060450"
"071460","위니아","28939","1647","-27292","107597680","6099535","-101498145"
"237750","피앤씨테크","16988","3424","-13564","128022670","25803050","-102219620"
"085810","알티캐스트","54060","11313","-42747","129751830","26852475","-102899355"
"900310","컬러레이","146726","70013","-76713","197188960","94081610","-103107350"
"332570","와이팜","23258","5212","-18046","132559670","28914300","-103645370"
"093190","빅솔론","42715","27894","-14821","298800420","194916900","-103883520"
"154030","아시아종묘","148642","134368","-14274","1010015300","904802540","-105212760"
"122310","제노레이","12401","2090","-10311","126874250","21511400","-105362850"
"069540","라이트론","32638","9257","-23381","147076880","41527215","-105549665"
"039830","오로라","15035","3786","-11249","141414610","35632410","-105782200"
"078150","HB테크놀러지","88484","42366","-46118","204892345","98481080","-106411265"
"108230","톱텍","32715","19461","-13254","263586520","156665340","-106921180"
"047310","파워로직스","21820","6536","-15284","152997470","45845950","-107151520"
"138080","오이솔루션","20220","16761","-3459","627178150","519943600","-107234550"
"036620","감성코퍼레이션","129496","67246","-62250","222308870","114956940","-107351930"
"131400","이브이첨단소재","169618","108540","-61078","298307540","190920375","-107387165"
"032820","우리기술","290692","246166","-44526","679270140","570789845","-108480295"
"032080","아즈텍WB","56490","17404","-39086","157940540","48537765","-109402775"
"036890","진성티이씨","17346","8225","-9121","207453600","97927300","-109526300"
"276730","제주맥주","55928","14087","-41841","147191245","37046850","-110144395"
"241840","에이스토리","5886","1669","-4217","154522550","44018200","-110504350"
"058630","엠게임","38720","27000","-11720","363856840","253149280","-110707560"
"013720","CBI","68054","17018","-51036","147686560","36864320","-110822240"
"072950","빛샘전자","17893","3795","-14098","141783450","29944680","-111838770"
"043220","티에스넥스젠","92190","12372","-79818","129505125","17423545","-112081580"
"136540","윈스","7304","693","-6611","123863550","11721100","-112142450"
"039840","디오","11452","7896","-3556","359450750","247172950","-112277800"
"012700","리드코프","12915","200","-12715","114275140","1782340","-112492800"
"263600","덕우전자","22881","8349","-14532","177436120","64763720","-112672400"
"041440","현대에버다임","569864","559502","-10362","5427691910","5314733350","-112958560"
"041020","폴라리스오피스","82959","18283","-64676","145805470","32468920","-113336550"
"066310","큐에스아이","9933","2380","-7553","149005250","35538050","-113467200"
"314130","지놈앤컴퍼니","6689","1468","-5221","145644200","31643550","-114000650"
"205500","액션스퀘어","35832","3983","-31849","128795345","14320035","-114475310"
"036090","위지트","200520","97979","-102541","224378670","109863705","-114514965"
"353190","휴럼","69390","2421","-66969","118905430","4064270","-114841160"
"225530","보광산업","22792","7443","-15349","171745000","56224000","-115521000"
"092730","네오팜","6205","1343","-4862","150308700","32551800","-117756900"
"036800","나이스정보통신","5184","1171","-4013","154242800","34629050","-119613750"
"215000","골프존","14778","14110","-668","2663008600","2543222000","-119786600"
"115610","이미지스","335124","295846","-39278","937213270","816988625","-120224645"
"067900","와이엔텍","31499","21275","-10224","373481600","252638200","-120843400"
"068240","다원시스","66833","62566","-4267","1977278450","1855220450","-122058000"
"042000","카페24","41552","34435","-7117","697208000","574216050","-122991950"
"119860","다나와","16758","10300","-6458","321813500","197733100","-124080400"
"317240","TS트릴리온","248407","142794","-105613","300430775","176099390","-124331385"
"105550","트루윈","45260","9409","-35851","159473660","33151835","-126321825"
"211270","AP위성","24884","17037","-7847","395563950","268314450","-127249500"
"066410","버킷스튜디오","201888","156838","-45050","564893010","437614305","-127278705"
"310200","애니플러스","42378","9241","-33137","162826200","35265755","-127560445"
"060150","인선이엔티","25150","12500","-12650","258720250","128382550","-130337700"
"052330","코텍","16401","4083","-12318","175237900","43379250","-131858650"
"051370","인터플렉스","18781","10283","-8498","291706500","159084250","-132622250"
"043150","바텍","11932","8279","-3653","434594000","301096950","-133497050"
"048770","TPC","157901","133694","-24207","865173430","731568170","-133605260"
"043910","자연과환경","1314727","1253882","-60845","2791967800","2656953055","-135014745"
"037760","쎄니트","63607","5738","-57869","149574735","13704765","-135869970"
"046440","KG모빌리언스","24774","8443","-16331","206521180","70064150","-136457030"
"115960","연우","10143","4071","-6072","227222800","90229350","-136993450"
"011320","유니크","143953","126438","-17515","1080154240","942333660","-137820580"
"033130","디지틀조선","51326","4943","-46383","153149775","14752570","-138397205"
"003310","대주산업","616181","581728","-34453","2259112900","2120538425","-138574475"
"060900","대한그린파워","317606","173576","-144030","308455757","169790652","-138665105"
"290520","신도기연","23080","3111","-19969","163184370","22442700","-140741670"
"086670","비엠티","12368","706","-11662","151704100","8793350","-142910750"
"027360","아주IB투자","79916","41402","-38514","297961450","154105330","-143856120"
"001840","이화공영","48647","29334","-19313","361090040","216803080","-144286960"
"193250","와이제이엠게임즈","106367","57877","-48490","313962350","169657795","-144304555"
"357880","비트나인","21476","10526","-10950","283842900","138690450","-145152450"
"150900","파수","17251","3170","-14081","178713000","32644050","-146068950"
"069140","누리플랜","54948","35627","-19321","410480500","263227750","-147252750"
"065510","휴비츠","43188","28779","-14409","446589950","298092050","-148497900"
"178320","서진시스템","78980","71307","-7673","1455284500","1306347450","-148937050"
"032190","다우데이타","15749","4519","-11230","208188450","59121150","-149067300"
"110790","크리스에프앤씨","7160","3579","-3581","297731600","148659800","-149071800"
"052400","코나아이","25482","19627","-5855","657600000","507437250","-150162750"
"072770","율호","168452","84657","-83795","302097840","151175100","-150922740"
"039020","이건홀딩스","39933","8663","-31270","192856285","41842470","-151013815"
"067290","JW신약","52561","15789","-36772","216177900","64887570","-151290330"
"277810","레인보우로보틱스","9054","1836","-7218","190060350","38447750","-151612600"
"036810","에프에스티","20538","12894","-7644","410555500","258514900","-152040600"
"037070","파세코","10605","1989","-8616","189779000","35621350","-154157650"
"061970","엘비세미콘","34459","20559","-13900","385715750","230936750","-154779000"
"026150","특수건설","15007","1283","-13724","171059700","14602300","-156457400"
"023410","유진기업","75755","43210","-32545","364330680","207801860","-156528820"
"333430","일승","163047","126128","-36919","678021965","521007060","-157014905"
"032980","바이온","169778","78243","-91535","288687115","130520430","-158166685"
"089010","켐트로닉스","9332","2833","-6499","228813650","69375800","-159437850"
"322780","코퍼스코리아","65399","12084","-53315","196783550","36783930","-159999620"
"066670","디스플레이텍","36735","14223","-22512","262962200","102646770","-160315430"
"036710","심텍홀딩스","55671","25038","-30633","293609090","131578860","-162030230"
"084990","헬릭스미스","39803","32220","-7583","836839850","673879150","-162960700"
"123420","위메이드플레이","14385","8000","-6385","364037100","200834050","-163203050"
"009620","삼보산업","263723","167133","-96590","444162470","280309095","-163853375"
"060380","동양에스텍","56668","8225","-48443","192563315","28032860","-164530455"
"347770","핌스","10306","1853","-8453","200934400","36295800","-164638600"
"252990","샘씨엔에스","44598","19066","-25532","287244850","122371290","-164873560"
"078020","이베스트투자증권","34555","11462","-23093","248601340","82288050","-166313290"
"064820","케이프","38935","3677","-35258","183964805","17421820","-166542985"
"025320","시노펙스","77516","16698","-60818","213745330","46015155","-167730175"
"330730","스톤브릿지벤처스","33776","10717","-23059","246222580","78284120","-167938460"
"050960","수산아이앤티","18136","6278","-11858","260356750","89935650","-170421100"
"094480","갤럭시아머니트리","46621","24857","-21764","366850110","196065810","-170784300"
"024950","삼천리자전거","65119","45295","-19824","594922490","417799560","-177122930"
"054670","대한뉴팜","30035","15409","-14626","366552900","187561650","-178991250"
"377480","마인즈랩","11685","2365","-9320","225080200","45473650","-179606550"
"216050","인크로스","5437","251","-5186","189512800","8745500","-180767300"
"078350","한양디지텍","16409","5755","-10654","279417400","98047100","-181370300"
"030190","NICE평가정보","49743","39422","-10321","865633700","681537350","-184096350"
"041930","동아화성","36888","20655","-16233","413916400","229186650","-184729750"
"051160","지어소프트","19422","7841","-11581","312888850","125751500","-187137350"
"057680","티사이언티픽","88007","27688","-60319","279625785","88207075","-191418710"
"013120","동원개발","42916","3653","-39263","211872745","18020245","-193852500"
"388720","유일로보틱스","15343","5548","-9795","303451050","109583000","-193868050"
"088290","이원컴포텍","25312","2170","-23142","212093850","18182530","-193911320"
"108860","셀바스AI","42649","15423","-27226","303371060","109443510","-193927550"
"094850","참좋은여행","21777","6300","-15477","279812450","80749400","-199063050"
"208640","썸에이지","208779","54415","-154364","269600075","70213725","-199386350"
"032540","TJ미디어","40657","9177","-31480","259070980","58714300","-200356680"
"091580","상신이디피","23136","10247","-12889","358848200","158311050","-200537150"
"052300","초록뱀컴퍼니","189674","26317","-163357","233095320","32156315","-200939005"
"039290","인포뱅크","17413","4937","-12476","281367500","79274650","-202092850"
"036640","HRS","31188","4892","-26296","240892980","37448670","-203444310"
"382840","원준","3097","1098","-1999","316018500","112025200","-203993300"
"090360","로보스타","14550","5399","-9151","324458600","119936000","-204522600"
"050860","아세아텍","153265","97441","-55824","575598750","367002820","-208595930"
"096350","대창솔루션","440901","28987","-411914","228631463","15086103","-213545360"
"213420","덕산네오룩스","41441","36439","-5002","1747706300","1533324500","-214381800"
"214430","아이쓰리시스템","19937","9348","-10589","410282200","193161000","-217121200"
"319660","피에스케이","38181","33751","-4430","1806080450","1588614200","-217466250"
"190510","나무가","23807","4082","-19725","263512350","45071150","-218441200"
"214610","미코바이오메드","37329","5806","-31523","260677190","40691650","-219985540"
"032680","소프트센","156972","71394","-85578","407384515","186542985","-220841530"
"025550","한국선재","74856","35329","-39527","420398390","197605340","-222793050"
"186230","그린플러스","15883","1099","-14784","243046350","16792900","-226253450"
"095500","미래나노텍","41935","11134","-30801","309361320","82270630","-227090690"
"084370","유진테크","37570","32262","-5308","1564786600","1337194550","-227592050"
"045100","한양이엔지","22276","8112","-14164","362980050","131935350","-231044700"
"027830","대성창투","87937","12450","-75487","271712875","38462635","-233250240"
"117730","티로보틱스","44115","12918","-31197","331881050","97071120","-234809930"
"294570","쿠콘","11968","6055","-5913","479797000","243193250","-236603750"
"065420","에스아이리소스","2126534","1877811","-248723","2089426226","1851439533","-237986693"
"224110","에이텍티앤","24033","5808","-18225","315159750","76164000","-238995750"
"215790","이노인스트루먼트","135876","18547","-117329","281127110","38493635","-242633475"
"149980","하이로닉","90387","65473","-24914","877353170","631480050","-245873120"
"053610","프로텍","21630","12636","-8994","595645900","348999400","-246646500"
"347860","알체라","21272","8215","-13057","403489050","156064700","-247424350"
"065770","CS","249239","169878","-79361","780163995","532725160","-247438835"
"065350","신성델타테크","29063","8956","-20107","363771850","111978550","-251793300"
"270660","에브리봇","15446","8357","-7089","550746200","297755150","-252991050"
"145020","휴젤","32670","30422","-2248","3849778400","3595236400","-254542000"
"024880","케이피에프","125704","82083","-43621","722596240","467808050","-254788190"
"108490","로보티즈","27641","14304","-13337","535037100","278045600","-256991500"
"115450","HLB테라퓨틱스","132422","105792","-26630","1141898280","883800330","-258097950"
"049070","인탑스","33872","26832","-7040","1273428400","1007030350","-266398050"
"388050","지투파워","15614","1174","-14440","290748800","21883350","-268865450"
"014970","삼륭물산","71132","35011","-36121","511149500","241690560","-269458940"
"013030","하이록코리아","15524","1036","-14488","288908750","19363750","-269545000"
"104620","노랑풍선","34641","11264","-23377","400846800","130408400","-270438400"
"077360","덕산하이메탈","44829","12908","-31921","384327670","110748560","-273579110"
"086960","한컴MDS","15602","3480","-12122","355636000","79253500","-276382500"
"041920","메디아나","182207","141781","-40426","1106588200","828950480","-277637720"
"035600","KG이니시스","54321","37233","-17088","880192950","600949850","-279243100"
"093520","매커스","37271","9352","-27919","375583680","94254230","-281329450"
"142760","비엘","80544","33160","-47384","482982790","200869100","-282113690"
"024840","KBI메탈","161041","36609","-124432","365049500","82307050","-282742450"
"290670","대보마그네틱","8531","2264","-6267","393198800","104694400","-288504400"
"054540","삼영엠텍","72320","14304","-58016","361032060","71286940","-289745120"
"021080","에이티넘인베스트","85939","14226","-71713","354355235","58712570","-295642665"
"000250","삼천당제약","34495","26743","-7752","1332498200","1035405550","-297092650"
"208710","바이오로그디바이스","253499","67690","-185809","407865520","107329915","-300535605"
"053160","프리엠스","48664","23130","-25534","573780450","271615450","-302165000"
"037950","엘컴텍","240926","26913","-214013","344527890","38484845","-306043045"
"217820","엔에스","31154","2005","-29149","327636000","21217050","-306418950"
"200130","콜마비앤에이치","21265","11335","-9930","657601600","348097250","-309504350"
"119500","포메탈","71871","13191","-58680","380580180","70494160","-310086020"
"100660","서암기계공업","395800","355541","-40259","2648335590","2337893430","-310442160"
"023770","플레이위드","56672","34404","-22268","780847450","470211200","-310636250"
"144510","지씨셀","18306","13045","-5261","1069023100","758013800","-311009300"
"046390","삼화네트웍스","141041","69807","-71234","621771025","310045840","-311725185"
"371950","풍원정밀","25690","9071","-16619","490033500","171761700","-318271800"
"016920","카스","140078","36430","-103648","430227760","111706715","-318521045"
"051980","중앙디앤엠","318639","14","-318625","320718999","15580","-320703419"
"025950","동신건설","18501","5864","-12637","466941700","146073550","-320868150"
"015750","성우하이텍","135014","64353","-70661","613435795","292009335","-321426460"
"092040","아미코젠","21042","10136","-10906","630231800","303656850","-326574950"
"096640","멜파스","363885","168363","-195522","607070430","278689355","-328381075"
"095660","네오위즈","50130","33451","-16679","994519650","665030250","-329489400"
"137950","제이씨케미칼","135855","108033","-27822","1594614050","1262516000","-332098050"
"085670","뉴프렉스","214235","156980","-57255","1287748890","953248110","-334500780"
"018000","유니슨","281904","123507","-158397","596738105","261508235","-335229870"
"004590","한국가구","54401","5695","-48706","382700770","39978860","-342721910"
"032300","한국파마","41816","31789","-10027","1366711550","1020286550","-346425000"
"361390","제노코","18899","7445","-11454","574022850","226077900","-347944950"
"086450","동국제약","31273","14730","-16543","652129000","303955550","-348173450"
"340360","다보링크","434244","245097","-189147","826710845","465255080","-361455765"
"073640","테라사이언스","182457","16499","-165958","397180345","35336120","-361844225"
"035890","서희건설","270583","67589","-202994","483861390","120638850","-363222540"
"079810","디이엔티","50210","3565","-46645","396203950","28180010","-368023940"
"099750","이지케어텍","13852","4121","-9731","524192200","155434500","-368757700"
"054930","유신","83743","68256","-15487","1941010250","1571143100","-369867150"
"091700","파트론","75731","42903","-32828","854165950","483547200","-370618750"
"239340","줌인터넷","136543","68343","-68200","737022160","363686440","-373335720"
"035460","기산텔레콤","946291","888810","-57481","5829460650","5450488040","-378972610"
"198440","고려시멘트","133067","44591","-88476","571187220","191153725","-380033495"
"083930","아바코","150803","119866","-30937","1887549100","1504978500","-382570600"
"073570","WI","315630","26130","-289500","421648425","34653425","-386995000"
"099320","쎄트렉아이","12330","4167","-8163","590014100","199012650","-391001450"
"121800","비덴트","310173","279475","-30698","3917967500","3526780750","-391186750"
"222980","한국맥널티","64398","14194","-50204","502565820","110765440","-391800380"
"027050","코리아나","192783","102383","-90400","825091690","427647590","-397444100"
"247660","나노씨엠에스","106519","95366","-11153","3480476200","3080672100","-399804100"
"137400","피엔티","38753","29783","-8970","1739189750","1336817000","-402372750"
"048550","SM C&C","161922","75097","-86825","756368430","352838385","-403530045"
"006910","보성파워텍","153698","95961","-57737","1066445630","659661510","-406784120"
"263800","데이타솔루션","83980","23954","-60026","580852480","167093990","-413758490"
"033500","동성화인텍","41715","6370","-35345","488150650","74164600","-413986050"
"136410","아셈스","39161","8572","-30589","542615950","118394450","-424221500"
"036010","아비코전자","63696","28662","-35034","766948700","340477650","-426471050"
"080160","모두투어","45621","24887","-20734","940390550","512550500","-427840050"
"057540","옴니시스템","1050854","865794","-185060","2633274715","2189385390","-443889325"
"036930","주성엔지니어링","169285","148615","-20670","3633460250","3179890650","-453569600"
"056080","유진로봇","136602","67387","-69215","900474800","446363940","-454110860"
"214370","케어젠","11753","7377","-4376","1233447800","773374900","-460072900"
"251120","바이오에프디엔씨","31079","10644","-20435","703508950","241507500","-462001450"
"060240","룽투코리아","241312","166354","-74958","1529534990","1062826280","-466708710"
"005860","한일사료","327208","283957","-43251","3226599880","2758744210","-467855670"
"017000","신원종합개발","61410","19320","-42090","686045000","217150800","-468894200"
"042940","상지카일룸","493267","188011","-305256","762223070","291172050","-471051020"
"080580","오킨스전자","23713","4455","-19258","591582050","111097000","-480485050"
"018310","삼목에스폼","35166","14567","-20599","830314450","343878600","-486435850"
"067390","아스트","82610","7721","-74889","537232010","50692110","-486539900"
"126600","코프라","236474","176237","-60237","1909846520","1419796470","-490050050"
"243840","신흥에스이씨","11233","2940","-8293","667275100","174076600","-493198500"
"335890","비올","486476","296050","-190426","1249310945","750852245","-498458700"
"357780","솔브레인","7885","5863","-2022","1882828000","1383856400","-498971600"
"214450","파마리서치","11415","5570","-5845","971347100","472248900","-499098200"
"126700","하이비젼시스템","29493","3554","-25939","567950650","68226400","-499724250"
"095340","ISC","48380","34099","-14281","1738242800","1237962000","-500280800"
"272290","이녹스첨단소재","40022","29339","-10683","1865080250","1364732200","-500348050"
"094820","일진파워","72827","50308","-22519","1711450550","1180648850","-530801700"
"053050","지에스이","1032300","936359","-95941","6961429540","6412770460","-548659080"
"006730","서부T&D","120046","65823","-54223","1219356800","667606800","-551750000"
"119610","인터로조","20087","2382","-17705","628803150","75596100","-553207050"
"045660","에이텍","46948","6328","-40620","648686550","88295450","-560391100"
"013810","스페코","337017","264173","-72844","2668603880","2087302300","-581301580"
"353590","오토앤","57808","12816","-44992","746589250","165252800","-581336450"
"377330","이지트로닉스","40756","8867","-31889","745656750","163478500","-582178250"
"189860","서전기전","237877","189396","-48481","2894822600","2290715400","-604107200"
"205470","휴마시스","212986","166930","-46056","2701908400","2088746400","-613162000"
"033290","코웰패션","129675","41822","-87853","905896610","292038050","-613858560"
"082920","비츠로셀","64937","13535","-51402","787390850","164566250","-622824600"
"225590","패션플랫폼","396916","101944","-294972","839640435","214037855","-625602580"
"058110","멕아이씨에스","237077","147045","-90032","1570293250","941450610","-628842640"
"246690","TS인베스트먼트","278676","49577","-229099","785104660","138848255","-646256405"
"003380","하림지주","106027","42014","-64013","1079732550","427268550","-652464000"
"125210","아모그린텍","60577","4844","-55733","726064150","58248000","-667816150"
"045340","토탈소프트","134937","50493","-84444","1122761100","417314630","-705446470"
"060250","NHN한국사이버결제","143595","100660","-42935","2567137400","1802700750","-764436650"
"023160","태광","95508","27628","-67880","1099349100","318110000","-781239100"
"058610","에스피지","90566","37041","-53525","1360394900","552026250","-808368650"
"060560","홈센타홀딩스","753926","255437","-498489","1241054320","420502345","-820551975"
"256840","한국비엔씨","422006","330889","-91117","3768787920","2940387230","-828400690"
"038110","에코플라스틱","1165918","948929","-216989","4419218215","3569058625","-850159590"
"044060","조광ILI","105425","14021","-91404","981649020","130120580","-851528440"
"101730","위메이드맥스","105390","41993","-63397","1433189450","566621450","-866568000"
"086040","바이오톡스텍","178952","81541","-97411","1615446480","728304350","-887142130"
"046890","서울반도체","133978","62895","-71083","1669921050","780830750","-889090300"
"046110","한일네트웍스","116457","31200","-85257","1232502500","331028850","-901473650"
"086980","쇼박스","226019","58518","-167501","1230367260","319330090","-911037170"
"101170","우림피티에스","270432","93003","-177429","1455071400","500437230","-954634170"
"024740","한일단조","621137","352622","-268515","2227880425","1260016020","-967864405"
"215100","로보로보","214075","102879","-111196","1885111990","904520070","-980591920"
"268600","셀리버리","78865","42970","-35895","2176745200","1184814250","-991930950"
"140670","알에스오토메이션","75404","11133","-64271","1165019800","171313100","-993706700"
"025900","동화기업","35891","22937","-12954","2790820100","1772704300","-1018115800"
"140860","파크시스템스","20579","10975","-9604","2245825200","1192813300","-1053011900"
"048830","엔피케이","1191740","867735","-324005","3691823685","2618614095","-1073209590"
"194480","데브시스터즈","34784","14777","-20007","1893768400","806099500","-1087668900"
"046120","오르비텍","607890","472336","-135554","4900578920","3789517590","-1111061330"
"041190","우리기술투자","459748","304208","-155540","3318752260","2195940810","-1122811450"
"143240","사람인에이치알","38861","12926","-25935","1746807900","579398400","-1167409500"
"274090","켄코아에어로스페이스","104466","31255","-73211","1673564900","499737800","-1173827100"
"063170","서울옥션","70381","17838","-52543","1574660900","396055900","-1178605000"
"189980","흥국에프엔비","346712","37103","-309609","1335213470","142899645","-1192313825"
"065440","이루온","751634","353913","-397721","2248333855","1053958395","-1194375460"
"122870","와이지엔터테인먼트","54737","33400","-21337","3066296700","1870947300","-1195349400"
"067160","아프리카TV","49851","37262","-12589","5077435300","3790908900","-1286526400"
"058470","리노공업","67921","60438","-7483","11702588000","10376531300","-1326056700"
"293490","카카오게임즈","142567","118921","-23646","8210464100","6859085900","-1351378200"
"038540","상상인","167751","34477","-133274","1823136950","375602000","-1447534950"
"225570","넥슨게임즈","128190","53489","-74701","2524708450","1057512150","-1467196300"
"053270","구영테크","1541845","1215733","-326112","6965903965","5486381645","-1479522320"
"166090","하나머티리얼즈","45093","20460","-24633","2783930100","1249548200","-1534381900"
"016600","큐캐피탈","5277201","3241139","-2036062","4004545116","2469040091","-1535505025"
"078130","국일제지","1265546","753064","-512482","3868483310","2252197350","-1616285960"
"215200","메가스터디교육","35244","15463","-19781","3174208000","1388572000","-1785636000"
"108320","LX세미콘","64827","50691","-14136","8223870600","6428710200","-1795160400"
"100090","삼강엠앤티","181103","88842","-92261","3683483300","1823057100","-1860426200"
"222800","심텍","130687","92417","-38270","6474629150","4591017400","-1883611750"
"053260","금강철강","304408","108350","-196058","2989867550","1068435270","-1921432280"
"048410","현대바이오","494714","431175","-63539","15199452300","13169829500","-2029622800"
"098460","고영","220273","92166","-128107","3782344200","1582724750","-2199619450"
"039030","이오테크닉스","54444","32961","-21483","5985642900","3562823100","-2422819800"
"005290","동진쎄미켐","524563","449317","-75246","21894851650","18841878800","-3052972850"
"074600","원익QnC","204388","105578","-98810","6799407550","3501203300","-3298204250"
"340440","세림B&G","1790592","656016","-1134576","5598932000","2007978245","-3590953755"
"247540","에코프로비엠","59430","30728","-28702","28167331400","14563633400","-13603698000"