종목코드,종목명,거래량_매도,거래량_매수,거래량_순매수,거래대금_매도,거래대금_매수,거래대금_순매수
"005930","삼성전자","4844859","8536861","3692002","320399941700","564850544400","244450602700"
"000660","SK하이닉스","1752200","2759164","1006964","195393789000","307693876500","112300087500"
"006400","삼성SDI","30200","92251","62051","17689333000","53857036000","36167703000"
"035420","NAVER","81151","195529","114378","22091914000","53284975500","31193061500"
"036570","엔씨소프트","96341","156073","59732","42384091500","68708656000","26324564500"
"005380","현대차","317283","450957","133674","58884733500","83686181000","24801447500"
"051910","LG화학","52953","90907","37954","26800055500","46028076000","19228020500"
"373220","LG에너지솔루션","34288","82524","48236","13622440500","32824942500","19202502000"
"011200","HMM","126955","663173","536218","3912878850","20485166950","16572288100"
"009150","삼성전기","69111","173269","104158","10991762500","27554064000","16562301500"
"028260","삼성물산","42390","179325","136935","4853192000","20532855000","15679663000"
"017670","SK텔레콤","185745","429177","243432","11385928300","26235464000","14849535700"
"090430","아모레퍼시픽","19895","102327","82432","3280548000","16856123000","13575575000"
"055550","신한지주","260922","573823","312901","10953943300","24141165350","13187222050"
"105560","KB금융","175215","402349","227134","10148199100","23322931400","13174732300"
"096770","SK이노베이션","32375","95520","63145","6572843000","19421504500","12848661500"
"035720","카카오","313063","457192","144129","25442761000","37148791800","11706030800"
"005490","POSCO홀딩스","50722","91911","41189","14142680500","25634304500","11491624000"
"012330","현대모비스","40869","97086","56217","8108574000","19284370500","11175796500"
"003670","포스코케미칼","24089","106211","82122","3047797000","13456891000","10409094000"
"030200","KT","328645","578396","249751","12185129300","21474344450","9289215150"
"015760","한국전력","182331","563906","381575","4096867050","12704537600","8607670550"
"028670","팬오션","827833","1890862","1063029","6434684900","14885989940","8451305040"
"023530","롯데쇼핑","9301","82020","72719","938100900","8340876000","7402775100"
"161390","한국타이어앤테크놀로지","25927","228657","202730","930637050","8217427900","7286790850"
"383220","F&F","10234","67635","57401","1292022000","8542600500","7250578500"
"271560","오리온","6994","82691","75697","646125000","7657529100","7011404100"
"011070","LG이노텍","30350","50599","20249","10172060500","16970271500","6798211000"
"003490","대한항공","124320","344090","219770","3591685850","9940778400","6349092550"
"034730","SK","31269","57017","25748","7610500000","13902496000","6291996000"
"005935","삼성전자우","14817","119588","104771","859529100","6931535000","6072005900"
"014680","한솔케미칼","5155","30217","25062","1242856500","7310389000","6067532500"
"032830","삼성생명","46688","137797","91109","3031599600","8960586800","5928987200"
"004990","롯데지주","4296","168310","164014","147899100","5802193350","5654294250"
"086790","하나금융지주","183318","306830","123512","8340283350","13939623600","5599340250"
"316140","우리금융지주","270029","608194","338165","4204426450","9473749500","5269323050"
"031430","신세계인터내셔날","28138","177575","149437","954167800","6023879050","5069711250"
"033780","KT&G","92364","153262","60898","7670291400","12731416000","5061124600"
"010620","현대미포조선","29314","87313","57999","2432753800","7246139900","4813386100"
"018260","삼성에스디에스","24637","57770","33133","3536573500","8315381000","4778807500"
"039490","키움증권","6727","59524","52797","578905000","5128903800","4549998800"
"066570","LG전자","134921","175791","40870","14540600500","18952528000","4411927500"
"006360","GS건설","99967","209307","109340","3944371800","8283539450","4339167650"
"016360","삼성증권","28462","142450","113988","1076636800","5406517950","4329881150"
"024110","기업은행","29578","394271","364693","329349600","4390092550","4060742950"
"035250","강원랜드","259546","405213","145667","7173549000","11142681900","3969132900"
"323410","카카오뱅크","50994","151986","100992","1941076550","5798170500","3857093950"
"005830","DB손해보험","39519","99022","59503","2526024800","6343940100","3817915300"
"000990","DB하이텍","61299","114053","52754","4239953400","7924751500","3684798100"
"034220","LG디스플레이","272863","478042","205179","4710559400","8264193350","3553633950"
"009830","한화솔루션","59166","170266","111100","1805141500","5196454400","3391312900"
"003550","LG","46061","89508","43447","3396285500","6596358100","3200072600"
"010130","고려아연","4658","10551","5893","2519961000","5710536000","3190575000"
"078930","GS","64169","128333","64164","3046501600","6101687850","3055186250"
"204320","만도","34909","90663","55754","1893721300","4939437800","3045716500"
"000060","메리츠화재","110550","190100","79550","4019013400","6915561600","2896548200"
"021240","코웨이","29275","69937","40662","2066791300","4942264400","2875473100"
"000120","CJ대한통운","20437","42286","21849","2670641500","5544086000","2873444500"
"120110","코오롱인더","9018","53156","44138","581385200","3429492200","2848107000"
"028050","삼성엔지니어링","129435","234547","105112","3382704050","6153045150","2770341100"
"011790","SKC","15151","34270","19119","2167344500","4903828000","2736483500"
"000810","삼성화재","27832","40216","12384","5654083000","8189957500","2535874500"
"137310","에스디바이오센서","4833","55812","50979","228158550","2654982250","2426823700"
"086280","현대글로비스","18300","29512","11212","3825868500","6184001000","2358132500"
"047050","포스코인터내셔널","34835","132530","97695","820689450","3133958900","2313269450"
"011210","현대위아","33821","68398","34577","2235970100","4518830000","2282859900"
"375500","DL이앤씨","11318","54534","43216","588476400","2844991200","2256514800"
"079160","CJ CGV","16486","102897","86411","420809800","2639316800","2218507000"
"018880","한온시스템","46908","242071","195163","525833900","2709125050","2183291150"
"138930","BNK금융지주","72491","356478","283987","552202450","2719005490","2166803040"
"361610","SK아이이테크놀로지","9975","28435","18460","1147635500","3286069000","2138433500"
"010140","삼성중공업","101147","479273","378126","570429080","2701423360","2130994280"
"377300","카카오페이","27478","52082","24604","2357760700","4470543000","2112782300"
"285130","SK케미칼","9736","26232","16496","1221597000","3305772500","2084175500"
"006800","미래에셋증권","100791","368723","267932","781091620","2860990720","2079899100"
"036460","한국가스공사","31796","78122","46326","1404018200","3440783900","2036765700"
"365550","ESR켄달스퀘어리츠","41837","339121","297284","287312900","2309812170","2022499270"
"002380","KCC","3415","9274","5859","1159890000","3151978000","1992088000"
"326030","SK바이오팜","6990","29712","22722","596888100","2532002700","1935114600"
"005387","현대차2우B","14876","34565","19689","1382167000","3213793500","1831626500"
"128940","한미약품","2416","8488","6072","712997000","2509140500","1796143500"
"005940","NH투자증권","27819","203207","175388","282799600","2068194500","1785394900"
"006260","LS","26730","55018","28288","1592944400","3286768200","1693823800"
"093370","후성","127039","214665","87626","2419402800","4103394250","1683991450"
"307950","현대오토에버","1267","13845","12578","166016000","1820216000","1654200000"
"145720","덴티움","7703","30948","23245","543630200","2192457600","1648827400"
"282330","BGF리테일","6319","14414","8095","1240635000","2835117000","1594482000"
"004020","현대제철","88667","127737","39070","3574655450","5151814000","1577158550"
"302440","SK바이오사이언스","18625","31378","12753","2276063500","3844553000","1568489500"
"005070","코스모신소재","16703","47911","31208","823556500","2381405800","1557849300"
"002900","TYM","270697","699727","429030","913997525","2429411415","1515413890"
"097950","CJ제일제당","3412","7124","3712","1381825000","2888237000","1506412000"
"069260","TKG휴켐스","47558","112334","64776","1107465750","2612435600","1504969850"
"180640","한진칼","5545","31370","25825","308220800","1741897900","1433677100"
"000100","유한양행","18027","42705","24678","1042373600","2469695800","1427322200"
"267260","현대일렉트릭","5472","63811","58339","132832150","1553266100","1420433950"
"001440","대한전선","157549","823425","665876","318514910","1666404290","1347889380"
"114090","GKL","8389","100456","92067","119621200","1445204200","1325583000"
"003230","삼양식품","580","14386","13806","54331300","1349260100","1294928800"
"088980","맥쿼리인프라","193779","283653","89874","2695477800","3948706050","1253228250"
"047810","한국항공우주","97705","122304","24599","4577191250","5738627950","1161436700"
"030000","제일기획","96372","140942","44570","2440088400","3579379700","1139291300"
"012750","에스원","5009","21375","16366","347376300","1483952700","1136576400"
"293940","신한알파리츠","65851","212689","146838","507264060","1639587880","1132323820"
"007660","이수페타시스","207343","357751","150408","1516172810","2616947380","1100774570"
"001530","DI동일","16580","58986","42406","413855200","1474335200","1060480000"
"071050","한국금융지주","47900","62275","14375","3234377900","4215193500","980815600"
"000880","한화","13983","47013","33030","394751750","1331442900","936691150"
"034120","SBS","24197","43042","18845","1218404500","2152336350","933931850"
"020000","한섬","12201","35977","23776","473602250","1402465200","928862950"
"005690","파미셀","7054","77782","70728","92120050","1019552500","927432450"
"001040","CJ","3889","14893","11004","327168900","1254028800","926859900"
"042670","현대두산인프라코어","29021","175856","146835","182552580","1108360460","925807880"
"009240","한샘","13478","27011","13533","903862700","1823396200","919533500"
"111770","영원무역","9525","29707","20182","427546150","1335153700","907607550"
"353200","대덕전자","19592","47847","28255","607313100","1489659700","882346600"
"029780","삼성카드","13991","40620","26629","462046400","1342622550","880576150"
"064960","SNT모티브","863","19817","18954","38698300","889253000","850554700"
"007070","GS리테일","39861","72244","32383","1039509350","1888793300","849283950"
"047040","대우건설","34091","170958","136867","210930200","1059418320","848488120"
"259960","크래프톤","107566","109980","2414","27036536500","27855379000","818842500"
"402340","SK스퀘어","67283","85584","18301","2978638600","3789083600","810445000"
"267250","HD현대","33123","46412","13289","1943456500","2723859100","780402600"
"267270","현대건설기계","10692","29537","18845","424329600","1194406850","770077250"
"012450","한화에어로스페이스","23948","38314","14366","1258710400","2018337900","759627500"
"014820","동원시스템즈","835","13889","13054","46927000","786585200","739658200"
"000370","한화손해보험","56550","207511","150961","273022265","1004487825","731465560"
"069960","현대백화점","23652","32088","8436","1849395100","2511818600","662423500"
"298020","효성티앤씨","426","2169","1743","158494000","805967500","647473500"
"042660","대우조선해양","6622","33126","26504","158978450","794828150","635849700"
"004490","세방전지","2037","11245","9208","139770300","772769300","632999000"
"051600","한전KPS","20819","38012","17193","760809850","1389981650","629171800"
"192080","더블유게임즈","1506","15996","14490","64849450","689100600","624251150"
"009900","명신산업","14517","43872","29355","305110650","927024000","621913350"
"002790","아모레G","31584","45552","13968","1404757150","2026045800","621288650"
"011780","금호석유","12759","16911","4152","1887139000","2502216000","615077000"
"088350","한화생명","156692","396990","240298","397386120","1008234850","610848730"
"214320","이노션","2697","14381","11684","138014700","737198000","599183300"
"294870","HDC현대산업개발","7785","51322","43537","105406700","699766750","594360050"
"001800","오리온홀딩스","4865","46164","41299","67930650","650561200","582630550"
"008930","한미사이언스","7203","20068","12865","321528000","896057650","574529650"
"103140","풍산","5258","24228","18970","155063850","715904500","560840650"
"272210","한화시스템","31506","67930","36424","475154800","1032137950","556983150"
"018670","SK가스","715","5073","4358","90660000","645771000","555111000"
"298050","효성첨단소재","759","1957","1198","345063000","890021000","544958000"
"001230","동국제강","29424","59896","30472","523260900","1065932250","542671350"
"035150","백산","3503","47888","44385","41823700","572932500","531108800"
"001720","신영증권","398","9422","9024","22587000","537048700","514461700"
"139130","DGB금융지주","94963","155085","60122","809623180","1322840290","513217110"
"017800","현대엘리베이","11617","26524","14907","397465500","907711200","510245700"
"003090","대웅","3564","21126","17562","101981450","602412350","500430900"
"064350","현대로템","27517","54348","26831","496840200","982656700","485816500"
"000210","DL","4498","11975","7477","284306000","758113500","473807500"
"348950","제이알글로벌리츠","34087","117061","82974","191656770","658154290","466497520"
"005880","대한해운","10435","167481","157046","30627585","492573830","461946245"
"344820","KCC글라스","3177","10818","7641","185011000","630534800","445523800"
"210980","SK디앤디","806","15686","14880","23754250","459516350","435762100"
"005010","휴스틸","3095","21086","17991","74704700","508805250","434100550"
"003030","세아제강지주","1455","4414","2959","202103500","621565500","419462000"
"006650","대한유화","1572","4446","2874","225042000","638904000","413862000"
"001680","대상","8969","25860","16891","213249200","620027000","406777800"
"010780","아이에스동서","7347","15640","8293","357937550","761642600","403705050"
"161890","한국콜마","13036","22526","9490","547321550","947956250","400634700"
"023590","다우기술","2510","22246","19736","49856350","442268100","392411750"
"026960","동서","8214","23024","14810","216571050","606914050","390343000"
"051915","LG화학우","152","1707","1555","37998000","427654500","389656500"
"008560","메리츠증권","786448","847852","61404","4592443440","4960967400","368523960"
"081660","휠라홀딩스","30782","42723","11941","915008500","1272525700","357517200"
"020120","키다리스튜디오","1139","42342","41203","9481320","353103500","343622180"
"089590","제주항공","38031","54582","16551","773289750","1113772000","340482250"
"026890","스틱인베스트먼트","2769","40047","37278","25194230","364867700","339673470"
"195870","해성디에스","36648","41256","4608","2550698500","2883515200","332816700"
"006280","녹십자","2615","4433","1818","470178000","798215500","328037500"
"138490","코오롱플라스틱","14976","38029","23053","209546300","537239450","327693150"
"069620","대웅제약","3016","4927","1911","506254500","829986000","323731500"
"000240","한국앤컴퍼니","6476","29452","22976","90213800","412803350","322589550"
"019170","신풍제약","7872","19432","11560","219751800","537097700","317345900"
"012510","더존비즈온","7280","15649","8369","268300300","577332500","309032200"
"004800","효성","4693","8462","3769","383818500","692043400","308224900"
"005250","녹십자홀딩스","5436","20586","15150","109280950","414680350","305399400"
"000670","영풍","86","552","466","55540000","357822000","302282000"
"123890","한국자산신탁","808","76539","75731","3174075","302601510","299427435"
"073240","금호타이어","48751","118088","69337","204595780","495986150","291390370"
"053210","스카이라이프","3391","34017","30626","31501760","318489220","286987460"
"001725","신영증권우","7","5001","4994","398300","285133700","284735400"
"005680","삼영전자","5265","28705","23440","60050050","331917300","271867250"
"194370","제이에스코퍼레이션","573","12917","12344","12012550","280387500","268374950"
"000230","일동홀딩스","4643","10390","5747","217525050","482649550","265124500"
"003850","보령","6705","29020","22315","78663000","341090950","262427950"
"088260","이리츠코크렙","13017","52282","39265","86615420","347578970","260963550"
"330590","롯데리츠","41826","86337","44511","241185780","497870190","256684410"
"089860","롯데렌탈","16143","22649","6506","620997350","876198600","255201250"
"009420","한올바이오파마","18246","33608","15362","301504400","555932000","254427600"
"005440","현대그린푸드","20454","49868","29414","175684090","428522190","252838100"
"001430","세아베스틸지주","2957","16829","13872","49889800","285026950","235137150"
"093050","LF","7302","19265","11963","140373750","371343650","230969900"
"006890","태경케미컬","2716","16272","13556","46254050","275028500","228774450"
"005850","에스엘","22770","30679","7909","627091400","855481500","228390100"
"268280","미원에스씨","35","1127","1092","7089500","230313500","223224000"
"084690","대상홀딩스","2892","23440","20548","28536880","229897490","201360610"
"357120","코람코에너지리츠","81765","111175","29410","538724940","732926520","194201580"
"103590","일진전기","68855","101055","32200","425138340","616943530","191805190"
"001120","LX인터내셔널","67468","72463","4995","2516155500","2707725400","191569900"
"007340","디티알오토모티브","1634","4160","2526","122788500","313754100","190965600"
"000070","삼양홀딩스","802","3049","2247","65320000","248706000","183386000"
"005300","롯데칠성","11269","12194","925","2119535500","2301350000","181814500"
"002350","넥센타이어","63623","90947","27324","410064570","590731790","180667220"
"013580","계룡건설","63","5325","5262","2127350","180526550","178399200"
"417310","코람코더원리츠","14618","43427","28809","89997700","267348730","177351030"
"126560","현대퓨처넷","6544","61513","54969","20767705","195719305","174951600"
"003520","영진약품","97657","131881","34224","435858650","596486405","160627755"
"396690","미래에셋글로벌리츠","10068","35154","25086","62788090","220013640","157225550"
"007310","오뚜기","1192","1533","341","532972000","686661500","153689500"
"006120","SK디스커버리","5948","9730","3782","235026500","384852350","149825850"
"002320","한진","2082","6765","4683","65972700","215544300","149571600"
"000490","대동","29415","37967","8552","482157500","627440000","145282500"
"011170","롯데케미칼","16849","17596","747","3218436000","3362804500","144368500"
"071055","한국금융지주우","0","2248","2248","0","142384300","142384300"
"010120","LS ELECTRIC","29866","32475","2609","1480443300","1616880600","136437300"
"178920","PI첨단소재","12386","15362","2976","550660200","684264450","133604250"
"339770","교촌에프앤비","167","9214","9047","2411750","134363250","131951500"
"241590","화승엔터프라이즈","49749","58156","8407","704746500","836340150","131593650"
"334890","이지스밸류리츠","34696","56355","21659","203979060","331236500","127257440"
"175330","JB금융지주","76131","90598","14467","653634950","778683910","125048960"
"104700","한국철강","6753","21169","14416","57652220","181651400","123999180"
"006040","동원산업","485","1004","519","113693000","237503000","123810000"
"192400","쿠쿠홀딩스","8128","15044","6916","141124050","263369900","122245850"
"101530","해태제과식품","165","14856","14691","1342680","121838230","120495550"
"000815","삼성화재우","0","723","723","0","117679500","117679500"
"006405","삼성SDI우","0","398","398","0","117496500","117496500"
"012690","모나리자","10504","38592","28088","43265715","160336290","117070575"
"035000","지투알","381","18032","17651","2463700","117870440","115406740"
"005610","SPC삼립","81","1459","1378","6612900","120203800","113590900"
"017810","풀무원","1351","8650","7299","20674900","133319450","112644550"
"100250","진양홀딩스","300","30469","30169","1044955","107233135","106188180"
"096775","SK이노베이션우","1","846","845","125000","105533500","105408500"
"284740","쿠쿠홈시스","7681","10866","3185","248429750","352648000","104218250"
"044450","KSS해운","3200","12192","8992","36834500","140717250","103882750"
"248070","솔루엠","12948","17189","4241","303758700","405111000","101352300"
"003070","코오롱글로벌","1489","6610","5121","29414600","130766550","101351950"
"298040","효성중공업","469","2148","1679","28109600","129392800","101283200"
"029530","신도리코","1853","4973","3120","59628400","160380000","100751600"
"213500","한솔제지","3046","10316","7270","41647100","141722900","100075800"
"002270","롯데푸드","111","421","310","35667500","135397000","99729500"
"057050","현대홈쇼핑","2745","4395","1650","157242900","252086200","94843300"
"005945","NH투자증권우","0","8755","8755","0","90580400","90580400"
"009155","삼성전기우","15","1020","1005","1335400","91742700","90407300"
"244920","에이플러스에셋","314","13932","13618","2054460","92197110","90142650"
"00088K","한화3우B","0","5705","5705","0","89074550","89074550"
"016090","대현","349","32681","32332","912930","85315970","84403040"
"002710","TCC스틸","122","6901","6779","1508900","84993650","83484750"
"000970","한국주철관","2704","10822","8118","27101210","108893850","81792640"
"395400","SK리츠","37901","49776","11875","260972830","342204350","81231520"
"249420","일동제약","906","2631","1725","42584100","123040050","80455950"
"122900","아이마켓코리아","6687","13929","7242","71526700","149663950","78137250"
"058430","포스코스틸리온","160","1835","1675","7346550","84695400","77348850"
"055490","테이팩스","2874","3778","904","226715700","301391600","74675900"
"00279K","아모레G3우(전환)","700","2793","2093","24750000","98890800","74140800"
"053690","한미글로벌","11841","17521","5680","145764150","217081050","71316900"
"002780","진흥기업","1425","34481","33056","3070605","74124855","71054250"
"404990","신한서부티엔디리츠","87531","100358","12827","468747840","539230400","70482560"
"300720","한일시멘트","6204","9968","3764","115829150","186171750","70342600"
"00680K","미래에셋증권2우B","1357","16835","15478","5845695","72642100","66796405"
"350520","이지스레지던스리츠","2686","14268","11582","15494750","82216930","66722180"
"037710","광주신세계","987","2804","1817","36083400","102635200","66551800"
"036530","SNT홀딩스","1089","4908","3819","18044550","82864250","64819700"
"084010","대한제강","1107","4225","3118","22476850","86114300","63637450"
"281820","케이씨텍","7069","10227","3158","139933650","203182750","63249100"
"005389","현대차3우B","3","688","685","269500","61965600","61696100"
"001460","BYC","2","141","139","880000","61955000","61075000"
"002150","도화엔지니어링","151","5336","5185","1706800","60310400","58603600"
"006340","대원전선","2717","32846","30129","5054630","62615610","57560980"
"095720","웅진씽크빅","2929","21598","18669","8846965","65349490","56502525"
"004770","써니전자","1526","18989","17463","4854265","61350635","56496370"
"192650","드림텍","1538","7112","5574","15481600","71554150","56072550"
"008350","남선알미늄","554","20343","19789","1496740","55357205","53860465"
"091810","티웨이항공","10276","30073","19797","27683130","81058050","53374920"
"400760","NH올원리츠","23764","33642","9878","127238870","180365730","53126860"
"004710","한솔테크닉스","1679","9810","8131","10751990","62930070","52178080"
"267290","경동도시가스","1711","3753","2042","42492000","93937500","51445500"
"000220","유유제약","57","7482","7425","399160","51732750","51333590"
"001685","대상우","0","2696","2696","0","50356750","50356750"
"003280","흥아해운","21626","37854","16228","66739020","117084885","50345865"
"007700","F&F홀딩스","1406","3458","2052","33734050","83333550","49599500"
"000400","롯데손해보험","3562","29628","26066","6635245","55116700","48481455"
"049800","우진플라임","670","10730","10060","3148270","50936240","47787970"
"003570","SNT중공업","4999","10354","5355","42846030","89883370","47037340"
"013700","까뮤이앤씨","119","20015","19896","268940","45055050","44786110"
"020760","일진디스플","13338","33569","20231","30055485","74205015","44149530"
"071970","STX중공업","86","9135","9049","415610","44195870","43780260"
"005500","삼진제약","234","1961","1727","5739800","48351400","42611600"
"272550","삼양패키징","1286","3183","1897","28624400","70798450","42174050"
"000140","하이트진로홀딩스","135","3291","3156","1774950","43611750","41836800"
"004830","덕성","1130","6304","5174","8842110","49172160","40330050"
"025540","한국단자","11280","11859","579","737243800","777059200","39815400"
"001270","부국증권","75","1665","1590","1845600","41541650","39696050"
"033240","자화전자","2127","3453","1326","63032200","102627350","39595150"
"004000","롯데정밀화학","14983","15457","474","1186039400","1224928700","38889300"
"007570","일양약품","159","1793","1634","3706050","41985350","38279300"
"084695","대상홀딩스우","0","2969","2969","0","37975000","37975000"
"002020","코오롱","244","1691","1447","6374400","44301050","37926650"
"095570","AJ네트웍스","1936","7749","5813","12468510","49710040","37241530"
"00104K","CJ4우(전환)","1245","1726","481","91940300","128267900","36327600"
"004170","신세계","31310","31377","67","8008984000","8045161500","36177500"
"155660","DSR","145","5749","5604","888590","36027520","35138930"
"37550L","DL이앤씨2우(전환)","100","933","833","4065250","38103800","34038550"
"005090","SGC에너지","935","1617","682","45171100","78150650","32979550"
"001380","SG글로벌","22","18480","18458","38810","32741420","32702610"
"170900","동아에스티","1613","2083","470","105377800","137069200","31691400"
"007860","서연","92","4082","3990","722740","32272230","31549490"
"012610","경인양행","349","4853","4504","2460750","33992520","31531770"
"027410","BGF","42193","48370","6177","216380570","247893140","31512570"
"017370","우신시스템","3","10113","10110","9225","30999425","30990200"
"013890","지누스","13142","13650","508","826273100","857060300","30787200"
"002720","국제약품","110","5715","5605","594400","31072500","30478100"
"001880","DL건설","470","1692","1222","11475900","41322100","29846200"
"083420","그린케미칼","685","3947","3262","6212460","35968730","29756270"
"204210","모두투어리츠","316","5777","5461","1669810","30709130","29039320"
"001940","KISCO홀딩스","133","1797","1664","2265950","30832550","28566600"
"092220","KEC","1126","10130","9004","3567975","32112930","28544955"
"004700","조광피혁","36","639","603","1696350","30146450","28450100"
"009140","경인전자","1","1038","1037","27400","28005850","27978450"
"014580","태경비케이","134","6041","5907","624010","28010375","27386365"
"264900","크라운제과","294","2770","2476","3108200","29488450","26380250"
"001045","CJ우","0","500","500","0","25922600","25922600"
"003220","대원제약","1135","2624","1489","19041500","44637100","25595600"
"097955","CJ제일제당 우","0","138","138","0","24709000","24709000"
"015860","일진홀딩스","3202","7643","4441","17729060","42293190","24564130"
"081000","일진다이아","109","1058","949","2742550","26770550","24028000"
"012030","DB","3130","27952","24822","3018227","27042933","24024706"
"063160","종근당바이오","36","736","700","1172200","24050550","22878350"
"000020","동화약품","371","2281","1910","4303700","26606350","22302650"
"102460","이연제약","841","1666","825","23300250","45591100","22290850"
"012160","영흥","455","20384","19929","463920","20987350","20523430"
"030610","교보증권","9200","11900","2700","68114590","88398980","20284390"
"003240","태광산업","53","73","20","51876000","71754000","19878000"
"001520","동양","17695","31363","13668","25350015","44730855","19380840"
"000520","삼일제약","130","2490","2360","1070880","20269330","19198450"
"003720","삼영화학","43","5981","5938","136955","19007890","18870935"
"226320","잇츠한불","156","1031","875","3258400","21559700","18301300"
"024720","한국콜마홀딩스","3016","3901","885","60828450","79116150","18287700"
"120030","조선선재","103","267","164","11180500","29350500","18170000"
"018470","조일알미늄","48","7418","7370","117690","18109785","17992095"
"077970","STX엔진","142","1445","1303","1918700","19708000","17789300"
"008490","서흥","1031","1512","481","37609600","55087650","17478050"
"006980","우성","7","588","581","204050","16833900","16629850"
"000087","하이트진로2우B","0","803","803","0","16541800","16541800"
"005305","롯데칠성우","83","291","208","6577700","22947900","16370200"
"008700","아남전자","497","7218","6721","1127600","16421000","15293400"
"005950","이수화학","187","1194","1007","2823900","18100900","15277000"
"003555","LG우","16","265","249","977600","16172400","15194800"
"015360","예스코홀딩스","156","556","400","5734200","20524750","14790550"
"001550","조비","28","696","668","599900","14763150","14163250"
"002310","아세아제지","7036","7371","335","295553250","309693750","14140500"
"019685","대교우B","0","5325","5325","0","13577350","13577350"
"008040","사조동아원","931","8799","7868","1637940","15134600","13496660"
"037270","YG PLUS","1489","3457","1968","10012650","23492720","13480070"
"380440","엔에이치스팩19호","0","6260","6260","0","13388415","13388415"
"363280","티와이홀딩스","5499","6035","536","131345900","144194950","12849050"
"011000","진원생명과학","968","2198","1230","9694010","22041240","12347230"
"248170","샘표식품","171","455","284","7335100","19618650","12283550"
"003060","에이프로젠제약","3165","18249","15084","2449354","14123280","11673926"
"001080","만호제강","7","470","463","175000","11791200","11616200"
"004140","동방","7721","11212","3491","25131270","36579710","11448440"
"000155","두산우","0","162","162","0","10636700","10636700"
"024090","디씨엠","198","618","420","5094950","15702700","10607750"
"009460","한창제지","6658","11727","5069","14050960","24468865","10417905"
"033180","KH 필룩스","171","5417","5246","334405","10656115","10321710"
"119650","KC코트렐","35","1957","1922","180980","10366410","10185430"
"003480","한진중공업홀딩스","122","2461","2339","533385","10618490","10085105"
"004440","삼일씨엔에스","60","1074","1014","565350","10249810","9684460"
"047400","유니온머티리얼","317","3539","3222","882235","9921600","9039365"
"002240","고려제강","9282","9577","295","262105050","270783000","8677950"
"267850","아시아나IDT","308","774","466","5230300","13234000","8003700"
"004720","팜젠사이언스","485","1436","951","3867680","11342820","7475140"
"078935","GS우","1338","1528","190","49517900","56637500","7119600"
"005870","휴니드","327","1009","682","3224980","10052460","6827480"
"004310","현대약품","2270","3618","1348","10979660","17679660","6700000"
"000320","노루홀딩스","105","681","576","1210250","7889000","6678750"
"002220","한일철강","45","1242","1197","244160","6748380","6504220"
"044820","코스맥스비티아이","69","561","492","871000","7130150","6259150"
"26490K","크라운제과우","0","439","439","0","6234200","6234200"
"214420","토니모리","170","1247","1077","950670","6948920","5998250"
"001560","제일연마","9","622","613","86040","5963160","5877120"
"011700","한신기계","122","659","537","1302700","7100250","5797550"
"298690","에어부산","833","3386","2553","1806135","7409625","5603490"
"383800","LX홀딩스","463","983","520","4492710","9560550","5067840"
"03473K","SK우","0","24","24","0","5040000","5040000"
"005740","크라운해태홀딩스","89","611","522","853570","5868430","5014860"
"007280","한국특강","947","2697","1750","2688920","7684485","4995565"
"014160","대영포장","2476","4709","2233","5501155","10475965","4974810"
"019440","세아특수강","48","349","301","774350","5646000","4871650"
"002700","신일전자","312","2480","2168","697970","5564090","4866120"
"033920","무학","1468","2015","547","12028450","16655370","4626920"
"003780","진양산업","33","576","543","261860","4592160","4330300"
"003460","유화증권","159","1838","1679","406230","4616015","4209785"
"092440","기신정기","128","1075","947","551040","4619815","4068775"
"034590","인천도시가스","28","164","136","761600","4474300","3712700"
"031820","콤텍시스템","260","4169","3909","242320","3901826","3659506"
"008420","문배철강","74","844","770","345420","3946085","3600665"
"007460","에이프로젠 MED","1185","3496","2311","1775985","5264330","3488345"
"000390","삼화페인트","151","538","387","1336750","4803640","3466890"
"041650","상신브레이크","68","854","786","292790","3649490","3356700"
"006200","한국전자홀딩스","87","1991","1904","149125","3441745","3292620"
"019180","티에이치엔","35","803","768","148800","3414885","3266085"
"058730","다스코","36","577","541","215460","3436270","3220810"
"33637L","솔루스첨단소재2우B","78","260","182","1347000","4521700","3174700"
"005385","현대차우","2","36","34","184000","3319000","3135000"
"130660","한전산업","558","797","239","6952550","10004250","3051700"
"372910","한컴라이프케어","41","547","506","245700","3225880","2980180"
"002140","고려산업","53","512","459","323830","3161260","2837430"
"028100","동아지질","1604","1734","130","29460650","31999450","2538800"
"002840","미원상사","69","84","15","11049500","13509000","2459500"
"058860","KTis","177","1110","933","457230","2866515","2409285"
"071090","하이스틸","15","444","429","82880","2459990","2377110"
"011420","갤럭시아에스엠","37","1113","1076","76405","2291565","2215160"
"001290","상상인증권","212","2145","1933","237440","2400660","2163220"
"051630","진양화학","23","490","467","103440","2213460","2110020"
"010640","진양폴리","11","411","400","58520","2158920","2100400"
"000890","보해양조","369","2754","2385","321456","2403578","2082122"
"030720","동원수산","7","190","183","78750","2123000","2044250"
"007590","동방아그로","47","317","270","345450","2347030","2001580"
"014440","영보화학","12","439","427","53530","1962425","1908895"
"010100","한국프랜지","9","616","607","27055","1854350","1827295"
"002410","범양건영","147","504","357","752290","2564840","1812550"
"026940","부국철강","59","439","380","279075","2078815","1799740"
"094800","맵스리얼티1","9988","10352","364","47945490","49730905","1785415"
"005360","모나미","68","466","398","302270","2076225","1773955"
"010420","한솔PNS","602","1464","862","1227715","2956105","1728390"
"000430","대원강업","2403","2897","494","8087325","9804540","1717215"
"005820","원림","8","83","75","177800","1840100","1662300"
"014910","성문전자","22","717","695","51920","1659240","1607320"
"001420","태원물산","20","328","308","103410","1701080","1597670"
"021050","서원","129","997","868","237255","1829235","1591980"
"163560","동일고무벨트","2013","2198","185","16141230","17647010","1505780"
"023150","MH에탄올","6","146","140","62200","1530450","1468250"
"003080","성보화학","46","399","353","189390","1652325","1462935"
"214330","금호에이치티","1132","2173","1041","1555640","3017545","1461905"
"010660","화천기계","47","484","437","156745","1617285","1460540"
"012280","영화금속","26","1058","1032","36430","1487420","1450990"
"025530","SJM홀딩스","171","561","390","624715","2057365","1432650"
"123700","SJM","307","626","319","1257105","2579760","1322655"
"070960","용평리조트","1781","2025","244","8548145","9821070","1272925"
"093240","형지엘리트","6","619","613","12425","1282675","1270250"
"088790","진도","10","361","351","34120","1244455","1210335"
"044380","주연테크","32","1173","1141","33915","1242620","1208705"
"014130","한익스프레스","27","237","210","151140","1329920","1178780"
"058650","세아홀딩스","136","147","11","14473500","15650500","1177000"
"024070","WISCOM","15","343","328","49895","1140280","1090385"
"035510","신세계 I&C","7830","7860","30","123545550","124615100","1069550"
"006840","AK홀딩스","1141","1189","48","22334700","23364100","1029400"
"009470","삼화전기","41","80","39","1040500","2046000","1005500"
"001770","SHD","3","33","30","88450","953500","865050"
"002420","세기상사","0","85","85","0","838260","838260"
"004920","씨아이테크","23","793","770","24770","858795","834025"
"032560","황금에스티","120","198","78","1099140","1815630","716490"
"001200","유진투자증권","2276","2482","206","7710370","8425605","715235"
"033250","체시스","17","633","616","19040","713655","694615"
"071950","코아스","12","611","599","12840","650985","638145"
"33637K","솔루스첨단소재1우","0","41","41","0","598650","598650"
"004910","조광페인트","114","159","45","901030","1261860","360830"
"008260","NI스틸","808","856","48","4044805","4331075","286270"
"011785","금호석유우","0","3","3","0","285900","285900"
"090435","아모레퍼시픽우","0","4","4","0","281400","281400"
"023960","에쓰씨엔지니어링","534","632","98","1479140","1738265","259125"
"016740","두올","152","220","68","557420","805345","247925"
"001620","케이비아이동국실업","1435","1779","344","1013233","1259513","246280"
"003545","대신증권우","0","16","16","0","234400","234400"
"02826K","삼성물산우B","0","2","2","0","217000","217000"
"008110","대동전자","183","210","27","1345940","1555570","209630"
"009310","참엔지니어링","1012","1177","165","1151795","1346475","194680"
"28513K","SK케미칼우","0","3","3","0","192700","192700"
"068290","삼성출판사","453","460","7","11735000","11921300","186300"
"013360","일성건설","104","147","43","425130","599650","174520"
"011330","유니켐","1519","1584","65","1916875","2003325","86450"
"155900","바다로19호","0","16","16","0","51245","51245"
"105840","우진","2","4","2","27050","55400","28350"
"025560","미래산업","0","2","2","0","24600","24600"
"002630","오리엔트바이오","0","26","26","0","23842","23842"
"015020","이스타코","429","428","-1","722505","736040","13535"
"024890","대원화성","105","107","2","320900","326470","5570"
"002820","SUN&L","1","2","1","5260","10620","5360"
"072130","유엔젤","0","1","1","0","4300","4300"
"084870","TBH글로벌","0","2","2","0","3960","3960"
"002070","비비안","0","1","1","0","2330","2330"
"234080","JW생명과학","1","1","0","13650","13800","150"
"006570","대림통상","1","1","0","4150","4180","30"
"004100","태양금속","4","4","0","5310","5310","0"
"090370","메타랩스","8","8","0","6155","6109","-46"
"012320","경동인베스트","20","20","0","723300","723000","-300"
"001755","한양증권우","10","10","0","190000","189500","-500"
"018500","동원금속","1","0","-1","993","0","-993"
"027740","마니커","6","5","-1","10290","8570","-1720"
"007120","미래아이앤지","14","9","-5","5500","3594","-1906"
"015260","에이엔피","2","1","-1","4770","2460","-2310"
"000040","KR모터스","3","0","-3","2376","0","-2376"
"010600","웰바이오텍","2","0","-2","3210","0","-3210"
"090080","평화산업","6","4","-2","9935","6595","-3340"
"011230","삼화전자","1","0","-1","3445","0","-3445"
"012170","아센디오","3","0","-3","3570","0","-3570"
"010770","평화홀딩스","1","0","-1","3725","0","-3725"
"096760","JW홀딩스","7","6","-1","27400","23435","-3965"
"011810","STX","1","0","-1","4025","0","-4025"
"025620","제이준코스메틱","8","3","-5","9945","3720","-6225"
"009810","플레이그램","9","4","-5","14065","6260","-7805"
"001210","금호전기","5","0","-5","10810","0","-10810"
"378850","화승알앤에이","32","4","-28","135040","17125","-117915"
"006220","제주은행","671","650","-21","4080580","3955570","-125010"
"000650","천일고속","2","0","-2","131000","0","-131000"
"009770","삼정펄프","5","0","-5","142250","0","-142250"
"000300","대유플러스","358","212","-146","380885","227320","-153565"
"085310","엔케이","147","8","-139","163135","8880","-154255"
"023800","인지컨트롤스","109","90","-19","1073550","899770","-173780"
"003610","방림","620","566","-54","2111085","1929955","-181130"
"023810","인팩","24","4","-20","221480","36980","-184500"
"002600","조흥","1","0","-1","192000","0","-192000"
"118000","초록뱀헬스케어","176","0","-176","192720","0","-192720"
"008600","윌비스","190","30","-160","231210","36600","-194610"
"002360","SH에너지화학","8609","8429","-180","10114435","9840850","-273585"
"134380","미원화학","4","0","-4","279200","0","-279200"
"101140","인바이오젠","140","5","-135","303970","11010","-292960"
"075180","새론오토모티브","55","2","-53","319490","11620","-307870"
"000500","가온전선","95","82","-13","2410750","2079800","-330950"
"950210","프레스티지바이오파마","22","0","-22","344300","0","-344300"
"100220","비상교육","58","2","-56","410820","14220","-396600"
"004270","남성","139","5","-134","416015","15000","-401015"
"001630","종근당홀딩스","13360","13354","-6","856010200","855600200","-410000"
"000700","유수홀딩스","73","2","-71","436440","11960","-424480"
"134790","시디즈","8","0","-8","431100","0","-431100"
"001260","남광토건","129","90","-39","1458350","1007950","-450400"
"011300","성안","855","0","-855","467203","0","-467203"
"012800","대창","406","133","-273","750555","246725","-503830"
"074610","이엔플러스","137","5","-132","524120","18830","-505290"
"025890","한국주강","1783","1783","0","7012100","6480235","-531865"
"013870","지엠비코리아","99","3","-96","554830","16800","-538030"
"010040","한국내화","150","7","-143","569020","26655","-542365"
"123690","한국화장품","59","2","-57","566420","19160","-547260"
"003650","미창석유","7","0","-7","565200","0","-565200"
"023450","동남합성","10","0","-10","582000","0","-582000"
"017180","명문제약","180","4","-176","614400","13815","-600585"
"004840","DRB동일","109","2","-107","622610","11680","-610930"
"308170","센트랄모텍","39","1","-38","627800","16150","-611650"
"004150","한솔홀딩스","284","82","-202","954840","277305","-677535"
"011390","부산산업","7","0","-7","721500","0","-721500"
"015590","큐로","1603","29","-1574","744694","13537","-731157"
"013570","디와이","633","532","-101","5181330","4362570","-818760"
"016610","DB금융투자","2690","2556","-134","16434510","15581690","-852820"
"005030","부산주공","35572","35572","0","27142378","26277065","-865313"
"003350","한국화장품제조","33","1","-32","931300","28150","-903150"
"023350","한국종합기술","330","228","-102","2936640","2027260","-909380"
"002210","동성제약","116","1","-115","917780","8000","-909780"
"200880","서연이화","171","34","-137","1155750","230950","-924800"
"107590","미원홀딩스","7","0","-7","973000","0","-973000"
"002620","제일파마홀딩스","87","2","-85","1037900","24000","-1013900"
"003680","한성기업","137","3","-134","1068380","23520","-1044860"
"002920","유성기업","414","72","-342","1316925","230120","-1086805"
"010960","삼호개발","313","85","-228","1494040","407115","-1086925"
"004450","삼화왕관","29","0","-29","1283450","0","-1283450"
"001070","대한방직","28","0","-28","1342650","0","-1342650"
"006390","한일현대시멘트","221","174","-47","6635450","5246500","-1388950"
"322000","현대에너지솔루션","63","0","-63","1405050","0","-1405050"
"006880","신송홀딩스","1643","1558","-85","16553340","15096760","-1456580"
"227840","현대코퍼레이션홀딩스","130","11","-119","1682950","142300","-1540650"
"000480","조선내화","21","1","-20","1700800","81400","-1619400"
"003120","일성신약","21","0","-21","1728500","0","-1728500"
"004890","동일산업","21","9","-12","3508500","1510500","-1998000"
"002960","한국쉘석유","9","1","-8","2250000","249500","-2000500"
"004410","서울식품","7166","428","-6738","2146468","128123","-2018345"
"016800","퍼시스","61","1","-60","2106650","34200","-2072450"
"007160","사조산업","114","71","-43","5678500","3543750","-2134750"
"140910","에이리츠","410","98","-312","3005300","717400","-2287900"
"008250","이건산업","247","31","-216","2727400","343800","-2383600"
"097230","HJ중공업","328","1","-327","2508160","7670","-2500490"
"005390","신성통상","53083","51769","-1314","174777985","172117260","-2660725"
"003560","IHQ","4671","1998","-2673","4737940","2030505","-2707435"
"005110","한창","4218","3","-4215","2961501","2181","-2959320"
"071320","지역난방공사","93","2","-91","3250950","70350","-3180600"
"000050","경방","218","3","-215","3310700","46050","-3264650"
"004060","SG세계물산","4898","118","-4780","3365181","81182","-3283999"
"002760","보락","1802","64","-1738","3427270","122180","-3305090"
"002200","한국수출포장","146","14","-132","3682200","353100","-3329100"
"049770","동원F&B","247","225","-22","40525000","37127500","-3397500"
"004870","티웨이홀딩스","4400","5","-4395","3401500","3755","-3397745"
"143210","핸즈코퍼레이션","789","56","-733","3704120","263070","-3441050"
"001360","삼성제약","1530","465","-1065","5496730","1683595","-3813135"
"003960","사조대림","225","91","-134","7032850","2822300","-4210550"
"006660","삼성공조","337","13","-324","4396600","171950","-4224650"
"102280","쌍방울","15529","10218","-5311","11048086","6763265","-4284821"
"009290","광동제약","2988","2341","-647","20223960","15886420","-4337540"
"011090","에넥스","2412","102","-2310","4631920","195935","-4435985"
"004540","깨끗한나라","1493","476","-1017","6587695","2146255","-4441440"
"037560","LG헬로비전","9019","8262","-757","53212540","48747530","-4465010"
"011150","CJ씨푸드","1284","6","-1278","4805435","22455","-4782980"
"004560","현대비앤지스틸","335","41","-294","5476200","672850","-4803350"
"036580","팜스코","930","158","-772","5794980","987170","-4807810"
"066575","LG전자우","527","438","-89","28953000","24100800","-4852200"
"002880","대유에이텍","4770","210","-4560","5177745","227155","-4950590"
"004080","신흥","369","30","-339","6079950","496500","-5583450"
"014710","사조씨푸드","1308","348","-960","7636260","2043610","-5592650"
"009270","신원","3468","275","-3193","6435830","502660","-5933170"
"001130","대한제분","173","135","-38","28585500","22370000","-6215500"
"094280","효성ITX","557","169","-388","9215500","2810950","-6404550"
"139990","아주스틸","1231","797","-434","18333500","11919050","-6414450"
"003920","남양유업","18","1","-17","6958000","386500","-6571500"
"069460","대호에이엘","2448","162","-2286","7297545","483400","-6814145"
"011500","한농화성","465","15","-450","7224950","234900","-6990050"
"128820","대성산업","1484","41","-1443","7347050","203785","-7143265"
"009680","모토닉","843","18","-825","7462530","159660","-7302870"
"030210","다올투자증권","4777","3088","-1689","21321270","13793295","-7527975"
"085620","미래에셋생명","2076","8","-2068","7689565","29670","-7659895"
"001780","알루코","2510","246","-2264","8565745","843825","-7721920"
"001740","SK네트웍스","93410","91618","-1792","443104330","434816175","-8288155"
"271980","제일약품","393","48","-345","9503750","1161350","-8342400"
"002390","한독","1422","1007","-415","28932250","20553800","-8378450"
"019680","대교","3458","1034","-2424","12104045","3629340","-8474705"
"001510","SK증권","23446","12924","-10522","19214702","10612799","-8601903"
"067830","세이브존I&C","4293","1646","-2647","14498260","5621960","-8876300"
"000590","CS홀딩스","137","0","-137","8885500","0","-8885500"
"007540","샘표","232","80","-152","13786900","4682800","-9104100"
"004250","NPC","1392","470","-922","13881200","4687480","-9193720"
"214390","경보제약","1180","14","-1166","9356530","111930","-9244600"
"377190","디앤디플랫폼리츠","32110","30258","-1852","171324220","161315630","-10008590"
"014990","인디에프","11137","6","-11131","10140058","5645","-10134413"
"069640","한세엠케이","2635","1","-2634","10195115","3860","-10191255"
"293480","하나제약","547","15","-532","10537700","289700","-10248000"
"006370","대구백화점","989","7","-982","10325900","74100","-10251800"
"001340","백광산업","2037","70","-1967","10629390","365920","-10263470"
"024900","덕양산업","3461","17","-3444","10757555","52505","-10705050"
"000910","유니온","3337","1776","-1561","23000930","12227410","-10773520"
"117580","대성에너지","957","153","-804","12990400","2076550","-10913850"
"092200","디아이씨","2248","4","-2244","11184065","19820","-11164245"
"007210","벽산","3252","79","-3173","11674660","283475","-11391185"
"001570","금양","2631","6","-2625","11483000","26910","-11456090"
"016450","한세예스24홀딩스","1850","51","-1799","12117100","337290","-11779810"
"091090","세원이앤씨","18246","3468","-14778","14855224","2835362","-12019862"
"014790","한라","2490","111","-2379","12603710","563260","-12040450"
"013520","화승코퍼레이션","7171","61","-7110","12152960","105090","-12047870"
"039570","HDC랩스","1271","3","-1268","12199560","29280","-12170280"
"078520","에이블씨엔씨","3126","1341","-1785","21401110","9228020","-12173090"
"37550K","DL이앤씨우","359","0","-359","12238050","0","-12238050"
"001020","페이퍼코리아","5637","0","-5637","12328640","0","-12328640"
"005800","신영와코루","1006","1","-1005","12387700","12350","-12375350"
"001820","삼화콘덴서","263","11","-252","13327200","558400","-12768800"
"092230","KPX홀딩스","215","0","-215","13130000","0","-13130000"
"002450","삼익악기","8242","128","-8114","13411225","209470","-13201755"
"004380","삼익THK","2018","1012","-1006","26642400","13439450","-13202950"
"051905","LG생활건강우","33","0","-33","13277500","0","-13277500"
"017900","광전자","5386","33","-5353","14001820","86110","-13915710"
"009320","대우부품","8488","2235","-6253","19451610","5225600","-14226010"
"108675","LX하우시스우","541","0","-541","14725700","0","-14725700"
"005320","국동","7174","40","-7134","15045835","84110","-14961725"
"003470","유안타증권","7023","2429","-4594","23422000","8075230","-15346770"
"009190","대양금속","3710","196","-3514","16343255","861635","-15481620"
"006490","인스코비","6781","801","-5980","17683310","2091365","-15591945"
"000850","화천기공","463","9","-454","15931500","308200","-15623300"
"004090","한국석유","1029","15","-1014","16084100","237000","-15847100"
"004960","한신공영","1023","4","-1019","16030000","62300","-15967700"
"090350","노루페인트","1750","166","-1584","17887900","1707650","-16180250"
"011930","신성이엔지","10748","1414","-9334","19019995","2500680","-16519315"
"034300","신세계건설","538","10","-528","17386950","323300","-17063650"
"009180","한솔로지스틱스","4758","463","-4295","19112795","1853935","-17258860"
"009070","KCTC","6450","3539","-2911","39042430","21432270","-17610160"
"092780","동양피스톤","3429","520","-2909","20954280","3205970","-17748310"
"161000","애경케미칼","3549","1682","-1867","34197630","16247100","-17950530"
"030790","비케이탑스","16788","0","-16788","18281365","0","-18281365"
"007110","일신석재","10861","11","-10850","18505010","19500","-18485510"
"005180","빙그레","1818","1441","-377","94164800","75104100","-19060700"
"129260","인터지스","5985","589","-5396","21264510","2105920","-19158590"
"003300","한일홀딩스","1505","8","-1497","19453100","103750","-19349350"
"006380","카프로","7180","2415","-4765","30445980","10268710","-20177270"
"145270","케이탑리츠","15665","1870","-13795","23017420","2638060","-20379360"
"001140","국보","16548","3","-16545","20449165","3695","-20445470"
"078000","텔코웨어","1977","2","-1975","20506950","21250","-20485700"
"002100","경농","1688","54","-1634","21350000","685000","-20665000"
"023000","삼원강재","6645","4","-6641","20708755","12520","-20696235"
"001470","삼부토건","9841","709","-9132","22430570","1617710","-20812860"
"005750","대림B&Co","2852","24","-2828","21075080","178130","-20896950"
"027970","세하","14451","1153","-13298","23450410","1881845","-21568565"
"025750","한솔홈데코","13423","13","-13410","21625940","21000","-21604940"
"005720","넥센","5036","12","-5024","21701185","51930","-21649255"
"005430","한국공항","473","1","-472","21794400","46100","-21748300"
"016590","신대양제지","255","14","-241","23583800","1299700","-22284100"
"004970","신라교역","1827","3","-1824","22734550","37800","-22696750"
"017940","E1","2258","1789","-469","111090250","88150900","-22939350"
"000860","강남제비스코","976","17","-959","23380850","409550","-22971300"
"010050","우리종금","34584","7232","-27352","29090771","6081225","-23009546"
"102260","동성케미컬","5057","9","-5048","23254770","42030","-23212740"
"018250","애경산업","1407","7","-1400","24059900","119750","-23940150"
"100840","SNT에너지","1327","14","-1313","24835450","263850","-24571600"
"058850","KTcs","11451","132","-11319","26151460","302280","-25849180"
"072710","농심홀딩스","379","2","-377","27170500","143800","-27026700"
"145210","다이나믹디자인","4926","882","-4044","33181230","6086590","-27094640"
"097520","엠씨넥스","1216","529","-687","48128550","20948450","-27180100"
"001250","GS글로벌","15105","7954","-7151","58987675","30307370","-28680305"
"089470","HDC현대EP","6429","42","-6387","29274665","191175","-29083490"
"002810","삼영무역","2640","503","-2137","35965250","6815650","-29149600"
"000680","LS네트웍스","9235","311","-8924","31641910","1068175","-30573735"
"012630","HDC","6977","2453","-4524","49622820","17381460","-32241360"
"033270","유나이티드제약","1323","117","-1206","35504400","3141550","-32362850"
"079980","휴비스","4642","182","-4460","34094590","1331670","-32762920"
"003160","디아이","4256","47","-4209","33953910","376600","-33577310"
"002690","동일제강","8373","430","-7943","36331895","1869210","-34462685"
"015890","태경산업","6121","1102","-5019","42652290","7690440","-34961850"
"069730","DSR제강","6221","316","-5905","36871760","1882860","-34988900"
"002870","신풍제지","17226","526","-16700","36104125","1088820","-35015305"
"033530","세종공업","5730","757","-4973","40846470","5380220","-35466250"
"005960","동부건설","11497","8435","-3062","143477300","106619300","-36858000"
"009450","경동나비엔","9894","9090","-804","458916750","421593400","-37323350"
"007980","태평양물산","23074","7240","-15834","55569075","17612960","-37956115"
"009200","무림페이퍼","12841","39","-12802","38356040","116085","-38239955"
"010955","S-Oil우","800","187","-613","50365400","11787900","-38577500"
"025000","KPX케미칼","755","0","-755","38831600","0","-38831600"
"077500","유니퀘스트","4438","841","-3597","48145900","9154150","-38991750"
"003200","일신방직","338","15","-323","41651500","1850000","-39801500"
"002030","아세아","282","5","-277","40739000","720000","-40019000"
"338100","NH프라임리츠","15299","7162","-8137","75881380","35516250","-40365130"
"003830","대한화섬","334","0","-334","40939000","0","-40939000"
"005810","풍산홀딩스","1775","213","-1562","51159700","6194750","-44964950"
"014530","극동유화","10937","31","-10906","45517050","128850","-45388200"
"011280","태림포장","11671","9","-11662","46122650","35555","-46087095"
"005420","코스모화학","3029","88","-2941","47911300","1395100","-46516200"
"002170","삼양통상","840","0","-840","46623800","0","-46623800"
"108670","LX하우시스","6176","5232","-944","318262800","271113800","-47149000"
"016580","환인제약","3062","184","-2878","51849850","3124700","-48725150"
"000540","흥국화재","13156","7","-13149","49732585","26305","-49706280"
"009580","무림P&P","11869","1281","-10588","55804095","6016850","-49787245"
"001750","한양증권","10974","7098","-3876","141209300","91262750","-49946550"
"006090","사조오양","5554","200","-5354","55684900","2024640","-53660260"
"014830","유니드","2206","1726","-480","264228500","208911000","-55317500"
"003540","대신증권","4465","1021","-3444","71900500","16424900","-55475600"
"017040","광명전기","194747","190923","-3824","697782985","641682470","-56100515"
"001500","현대차증권","7327","1881","-5446","75921150","19585900","-56335250"
"004360","세방","4996","71","-4925","57255700","817250","-56438450"
"003580","HLB글로벌","8718","505","-8213","60468170","3632690","-56835480"
"084680","이월드","24340","15","-24325","58518780","36070","-58482710"
"017550","수산중공업","17389","56","-17333","61092480","196735","-60895745"
"008970","동양철관","48465","18","-48447","62395145","23220","-62371925"
"008060","대덕","9644","1444","-8200","73637530","11054430","-62583100"
"229640","LS전선아시아","8222","89","-8133","63584140","687100","-62897040"
"272450","진에어","101490","97405","-4085","1734063700","1669618200","-64445500"
"079430","현대리바트","6241","1008","-5233","82254050","13360000","-68894050"
"009440","KC그린홀딩스","30700","15572","-15128","141226820","71353670","-69873150"
"013000","세우글로벌","30636","568","-30068","71452635","1297660","-70154975"
"181710","NHN","3836","1441","-2395","115300400","43374750","-71925650"
"068400","SK렌터카","8239","718","-7521","82238270","7161840","-75076430"
"010820","퍼스텍","20526","2522","-18004","86541795","10691880","-75849915"
"317400","자이에스앤디","9603","222","-9381","83018950","1929710","-81089240"
"000720","현대건설","126964","125095","-1869","5342172500","5256615600","-85556900"
"357250","미래에셋맵스리츠","34825","17757","-17068","175355120","89539350","-85815770"
"060980","한라홀딩스","5662","3386","-2276","226207350","136196050","-90011300"
"029460","케이씨","5415","1203","-4212","117303450","26198600","-91104850"
"034310","NICE","6105","503","-5602","99681000","8224050","-91456950"
"000180","성창기업지주","32489","77","-32412","91899725","215600","-91684125"
"280360","롯데제과","1294","507","-787","151114000","59393000","-91721000"
"136490","선진","21159","13565","-7594","261539300","169133350","-92405950"
"015230","대창단조","17677","294","-17383","94373010","1574370","-92798640"
"016880","웅진","101983","61905","-40078","227089775","133713385","-93376390"
"001790","대한제당","23240","2649","-20591","106691365","12130700","-94560665"
"006060","화승인더","53971","35180","-18791","292516140","192596180","-99919960"
"008730","율촌화학","4889","264","-4625","108641250","5874000","-102767250"
"003010","혜인","16737","257","-16480","106745900","1652460","-105093440"
"282690","동아타이어","8654","1","-8653","108284250","12650","-108271600"
"115390","락앤락","12105","5","-12100","116523280","48150","-116475130"
"271940","일진하이솔루스","29065","26142","-2923","1182332500","1063184750","-119147750"
"133820","화인베스틸","39412","585","-38827","121621730","1809535","-119812195"
"336260","두산퓨얼셀","43361","39718","-3643","1603770050","1473743150","-130026900"
"241560","두산밥캣","39479","36041","-3438","1590013900","1454676500","-135337400"
"145990","삼양사","3083","440","-2643","159175700","22758600","-136417100"
"003690","코리안리","50645","36095","-14550","478410200","341566640","-136843560"
"075580","세진중공업","22600","1356","-21244","148914440","8885980","-140028460"
"032350","롯데관광개발","49116","39011","-10105","737948300","586883750","-151064550"
"007690","국도화학","5616","2355","-3261","295400900","124181100","-171219800"
"011760","현대코퍼레이션","13202","4061","-9141","247956050","76346750","-171609300"
"071840","롯데하이마트","10805","2843","-7962","236034700","62206500","-173828200"
"007810","코리아써키트","14038","7927","-6111","415254250","234090500","-181163750"
"336370","솔루스첨단소재","6694","3596","-3098","416384700","224959500","-191425200"
"003410","쌍용C&E","150723","122762","-27961","1153540950","940785180","-212755770"
"004370","농심","3662","2939","-723","1102924000","886086500","-216837500"
"031440","신세계푸드","4089","591","-3498","276695200","40105700","-236589500"
"020560","아시아나항공","60583","47171","-13412","1114804900","869132850","-245672050"
"111110","호전실업","25163","235","-24928","252163040","2352800","-249810240"
"003000","부광약품","63312","38867","-24445","664359450","409991100","-254368350"
"082640","동양생명","46336","4277","-42059","283801210","26259420","-257541790"
"185750","종근당","8183","5355","-2828","751286500","492021800","-259264700"
"002990","금호건설","40399","13427","-26972","398914220","133103080","-265811140"
"000640","동아쏘시오홀딩스","3449","729","-2720","352128000","74434500","-277693500"
"003530","한화투자증권","75671","4122","-71549","304182850","16594360","-287588490"
"009970","영원무역홀딩스","12761","6891","-5870","639732650","346144600","-293588050"
"017390","서울가스","2287","642","-1645","422090000","118752500","-303337500"
"039130","하나투어","31540","27067","-4473","2257144600","1947045000","-310099600"
"025820","이구산업","81961","70","-81891","315267420","268290","-314999130"
"014280","금강공업","45586","9118","-36468","400947590","81683650","-319263940"
"010060","OCI","29963","26695","-3268","3093655000","2761479500","-332175500"
"017960","한국카본","34619","5816","-28803","447414400","75447200","-371967200"
"001060","JW중외제약","31335","16235","-15100","777130800","402488350","-374642450"
"010690","화신","46327","5785","-40542","428384230","53195740","-375188490"
"381970","케이카","26199","10221","-15978","616738450","240641200","-376097250"
"006740","영풍제지","28455","487","-27968","415090600","7088950","-408001650"
"052690","한전기술","20215","14602","-5613","1478145200","1067365300","-410779900"
"298000","효성화학","3818","1720","-2098","761192000","345250000","-415942000"
"009160","SIMPAC","60404","9246","-51158","492156320","75348820","-416807500"
"025860","남해화학","33534","1106","-32428","431457700","14275050","-417182650"
"286940","롯데정보통신","15917","2071","-13846","489157250","63825300","-425331950"
"082740","HSD엔진","49181","4005","-45176","483384650","39791590","-443593060"
"004690","삼천리","4429","807","-3622","572908000","106149500","-466758500"
"034830","한국토지신탁","246958","5749","-241209","504054705","11759515","-492295190"
"001450","현대해상","116065","99672","-16393","3578202200","3079598600","-498603600"
"210540","디와이파워","30917","114","-30803","502791200","1852350","-500938850"
"006110","삼아알미늄","29939","7721","-22218","711117400","182882300","-528235100"
"079550","LIG넥스원","40347","33346","-7001","3098871300","2563545800","-535325500"
"002460","화성산업","32740","7740","-25000","748827500","176692250","-572135250"
"016710","대성홀딩스","10495","490","-10005","620013100","29220200","-590792900"
"004430","송원산업","34549","8773","-25776","840964500","213684600","-627279900"
"009540","한국조선해양","70056","63082","-6974","6366152600","5712503400","-653649200"
"183190","아세아시멘트","77616","20364","-57252","962484350","254520200","-707964150"
"042700","한미반도체","61003","7173","-53830","856769050","100860600","-755908450"
"004980","성신양회","63855","489","-63366","762395700","5954050","-756441650"
"034020","두산에너빌리티","746364","708657","-37707","14442024400","13637181400","-804843000"
"009410","태영건설","99438","6024","-93414","875904520","53042560","-822861960"
"000080","하이트진로","87954","62813","-25141","3095560750","2213290300","-882270450"
"001390","KG케미칼","27939","10043","-17896","1340549850","447362900","-893186950"
"016380","KG스틸","100752","54810","-45942","2099033800","1051583600","-1047450200"
"192820","코스맥스","38677","23866","-14811","2789847200","1721001400","-1068845800"
"105630","한세실업","172907","126824","-46083","4245360800","3142133550","-1103227250"
"000150","두산","22332","8339","-13993","1815722000","681015400","-1134706600"
"306200","세아제강","10421","2644","-7777","1761877000","447883500","-1313993500"
"010950","S-Oil","68711","55565","-13146","7593854500","6149728000","-1444126500"
"138040","메리츠금융지주","81005","27057","-53948","2442106400","820425900","-1621680500"
"008770","호텔신라","96338","73477","-22861","7280447400","5554423700","-1726023700"
"000270","기아","415658","390668","-24990","35893865600","33759498800","-2134366800"
"112610","씨에스윈드","114183","61547","-52636","5268086000","2843386300","-2424699700"
"207940","삼성바이오로직스","18118","13894","-4224","14160200000","10885046000","-3275154000"
"032640","LG유플러스","556343","266275","-290068","7632317800","3660585050","-3971732750"
"036420","콘텐트리중앙","152032","49355","-102677","6247746900","2057585950","-4190160950"
"051900","LG생활건강","33351","26622","-6729","22998996000","18375448000","-4623548000"
"352820","하이브","65362","35123","-30239","13957532000","7541042500","-6416489500"
"020150","일진머티리얼즈","125769","35450","-90319","9882357200","2812226700","-7070130500"
"139480","이마트","129577","22897","-106680","15773382000","2791738000","-12981644000"
"251270","넷마블","310574","123717","-186857","22955180700","9036017200","-13919163500"
"329180","현대중공업","175646","17254","-158392","21768499000","2149065000","-19619434000"
"068270","셀트리온","396647","134073","-262574","57739200000","19458861500","-38280338500"