종목코드,종목명,거래량_매도,거래량_매수,거래량_순매수,거래대금_매도,거래대금_매수,거래대금_순매수
"066970","엘앤에프","26001","96585","70584","5730057200","21448992900","15718935700"
"005290","동진쎄미켐","235747","488978","253231","9872860300","20517224350","10644364050"
"247540","에코프로비엠","11534","30394","18860","5461988400","14408821000","8946832600"
"240810","원익IPS","28135","229886","201751","1107237000","9179477150","8072240150"
"091990","셀트리온헬스케어","78633","201936","123303","4710492800","12209039900","7498547100"
"058470","리노공업","7351","40255","32904","1248669400","6952335400","5703666000"
"183300","코미코","8967","79478","70511","548929400","4930028700","4381099300"
"074600","원익QnC","39659","165065","125406","1330617600","5566563150","4235945550"
"263750","펄어비스","47151","108538","61387","2875011600","6637374400","3762362800"
"039030","이오테크닉스","13491","45776","32285","1465994900","5036645500","3570650600"
"064760","티씨케이","4314","25243","20929","618636500","3737862300","3119225800"
"025900","동화기업","26957","65462","38505","2073049800","5173413500","3100363700"
"104830","원익머트리얼즈","11626","77290","65664","457969600","3066996600","2609027000"
"051500","CJ프레시웨이","15028","74610","59582","642833600","3184564950","2541731350"
"100090","삼강엠앤티","49035","166107","117072","996951450","3409428450","2412477000"
"166090","하나머티리얼즈","14574","52547","37973","893987900","3254784700","2360796800"
"319660","피에스케이","4525","48266","43741","209866200","2291176250","2081310050"
"357780","솔브레인","2052","10438","8386","479457600","2503454800","2023997200"
"287410","제이시스메디칼","446360","689281","242921","3680918290","5704319340","2023401050"
"067160","아프리카TV","10292","29180","18888","1046625800","2975637600","1929011800"
"293490","카카오게임즈","95158","127365","32207","5468056800","7341153700","1873096900"
"145020","휴젤","3147","18342","15195","362592100","2168259000","1805666900"
"095610","테스","28037","86439","58402","760107850","2363027650","1602919800"
"028300","HLB","47718","97663","49945","1387168900","2952528000","1565359100"
"298540","더네이쳐홀딩스","12299","58127","45828","410789900","1934235550","1523445650"
"131290","티에스이","8316","26336","18020","651656000","2086689200","1435033200"
"102710","이엔에프테크놀로지","9341","48428","39087","326472100","1725298350","1398826250"
"048260","오스템임플란트","13729","25792","12063","1392839600","2616273800","1223434200"
"098460","고영","23093","92085","68992","395241850","1584173700","1188931850"
"222800","심텍","55637","77295","21658","2764829850","3848522500","1083692650"
"140860","파크시스템스","1850","11552","9702","196506800","1265246500","1068739700"
"085370","루트로닉","28700","76385","47685","633269400","1701186200","1067916800"
"178320","서진시스템","10337","67096","56759","186711850","1245319550","1058607700"
"084370","유진테크","7244","31674","24430","296751100","1324476150","1027725050"
"194480","데브시스터즈","12838","31338","18500","697571900","1716160900","1018589000"
"078600","대주전자재료","9892","22021","12129","799010300","1795888800","996878500"
"290650","엘앤씨바이오","32908","56578","23670","1333161700","2315952750","982791050"
"270520","지엔원에너지","72683","356680","283997","263686840","1229216760","965529920"
"950130","엑세스바이오","0","56922","56922","0","961198800","961198800"
"143240","사람인에이치알","2894","24149","21255","129878100","1085777500","955899400"
"323990","박셀바이오","19857","38803","18946","975290800","1913705950","938415150"
"068760","셀트리온제약","6821","17776","10955","564236500","1495318400","931081900"
"213420","덕산네오룩스","6765","27854","21089","283244950","1177614300","894369350"
"237690","에스티팜","4959","13989","9030","457378700","1309865800","852487100"
"356860","티엘비","2342","21853","19511","102643200","950220950","847577750"
"067310","하나마이크론","853","46730","45877","15465900","846342950","830877050"
"182400","엔케이맥스","4670","42305","37635","96972350","883245500","786273150"
"122870","와이지엔터테인먼트","40744","53671","12927","2276212900","3006934800","730721900"
"048410","현대바이오","16976","40923","23947","509309650","1236640450","727330800"
"306040","에스제이그룹","34924","61783","26859","904164700","1603343200","699178500"
"032500","케이엠더블유","11966","31475","19509","385362800","1039369250","654006450"
"086900","메디톡스","4016","9127","5111","498772000","1148160900","649388900"
"069080","웹젠","17074","48149","31075","344481300","981737250","637255950"
"052400","코나아이","13056","37320","24264","336892100","964807950","627915850"
"007390","네이처셀","18336","54050","35714","308388250","933732350","625344100"
"137400","피엔티","7169","20978","13809","320346850","944018200","623671350"
"034230","파라다이스","48437","85640","37203","734263450","1305465100","571201650"
"282880","코윈테크","10","19064","19054","300000","565988800","565688800"
"086520","에코프로","14843","21322","6479","1251168300","1808290100","557121800"
"038540","상상인","16490","66108","49618","177012650","727481100","550468450"
"067630","HLB생명과학","31884","83312","51428","300062930","818461890","518398960"
"225570","넥슨게임즈","12130","36232","24102","237376350","714065550","476689200"
"084990","헬릭스미스","13444","35803","22359","278983100","754925450","475942350"
"089030","테크윙","3631","26178","22547","75241600","547400150","472158550"
"095700","제넥신","8029","21205","13176","271949150","735588400","463639250"
"085660","차바이오텍","15947","42377","26430","270458150","730273700","459815550"
"121600","나노신소재","4661","11381","6720","317113800","776916400","459802600"
"140410","메지온","10288","33725","23437","184237900","613824150","429586250"
"030190","NICE평가정보","14084","38256","24172","240504600","670037500","429532900"
"036930","주성엔지니어링","59194","78933","19739","1267264850","1694647950","427383100"
"064550","바이오니아","8998","22964","13966","252291850","657909900","405618050"
"084850","아이티엠반도체","5431","17016","11585","183999250","582606250","398607000"
"222080","씨아이에스","37713","65235","27522","519695150","909653100","389957950"
"222160","바이옵트로","0","40400","40400","0","382649390","382649390"
"090460","비에이치","32441","46801","14360","857292400","1239724350","382431950"
"025980","아난티","23523","71422","47899","183785930","563213920","379427990"
"200130","콜마비앤에이치","11894","23904","12010","365669400","740674350","375004950"
"376980","원티드랩","2461","15096","12635","72674150","445061450","372387300"
"033290","코웰패션","11647","64615","52968","81105720","451927730","370822010"
"361570","알비더블유","0","20679","20679","0","370062950","370062950"
"383310","에코프로에이치엔","5086","12875","7789","222524950","578679700","356154750"
"089980","상아프론테크","6257","15356","9099","239697550","593127250","353429700"
"148150","세경하이테크","1665","17476","15811","35884700","375102900","339218200"
"061970","엘비세미콘","14386","43203","28817","159900300","486453100","326552800"
"092040","아미코젠","6519","17129","10610","193125900","517296250","324170350"
"060720","KH바텍","6590","22600","16010","124451650","438459350","314007700"
"031330","에스에이엠티","2000","71967","69967","8715715","317549535","308833820"
"041830","인바디","94","11161","11067","2508900","307627850","305118950"
"060230","소니드","4277","292358","288081","4811625","309867705","305056080"
"095340","ISC","16893","24856","7963","611666850","911560950","299894100"
"086450","동국제약","10888","24774","13886","223714250","521431700","297717450"
"068240","다원시스","18334","28456","10122","543492500","840345750","296853250"
"268600","셀리버리","5410","15883","10473","146311400","439896100","293584700"
"144510","지씨셀","4986","9874","4888","288152300","580911400","292759100"
"206650","유바이오로직스","17921","34690","16769","288573000","576151000","287578000"
"256840","한국비엔씨","29234","59697","30463","257280700","530630290","273349590"
"101490","에스앤에스텍","6275","16416","10141","160292100","430692300","270400200"
"036540","SFA반도체","39384","80345","40961","245281500","506959940","261678440"
"003380","하림지주","15349","40792","25443","155924150","415803600","259879450"
"042000","카페24","6408","21442","15034","105497550","362381450","256883900"
"294570","쿠콘","4269","10570","6301","170429550","426898500","256468950"
"023410","유진기업","17443","67401","49958","83340300","325008300","241668000"
"041190","우리기술투자","20703","54289","33586","148044110","389074540","241030430"
"252990","샘씨엔에스","0","37288","37288","0","238064930","238064930"
"082270","젬백스","18081","34226","16145","256649000","493108550","236459550"
"086390","유니테스트","798","10034","9236","20368900","256551100","236182200"
"091700","파트론","24359","44572","20213","273754550","505014950","231260400"
"039440","에스티아이","1219","12608","11389","24432350","252432250","227999900"
"014200","광림","24478","97255","72777","73991330","301216710","227225380"
"088800","에이스테크","14871","35084","20213","159469950","383656600","224186650"
"102120","어보브반도체","4","16765","16761","53200","223768850","223715650"
"073110","엘엠에스","0","25142","25142","0","220243920","220243920"
"281740","레이크머티리얼즈","13684","58537","44853","66603390","283158540","216555150"
"080160","모두투어","6397","16623","10226","130934100","345089350","214155250"
"216050","인크로스","602","6728","6126","20984100","234890050","213905950"
"104480","티케이케미칼","19083","61166","42083","93465645","303727140","210261495"
"041960","코미팜","15390","40916","25526","123596060","333495960","209899900"
"058820","CMG제약","40243","107267","67024","121682925","331137060","209454135"
"016600","큐캐피탈","20322","292753","272431","15207996","220568360","205360364"
"277810","레인보우로보틱스","0","9505","9505","0","199574100","199574100"
"119610","인터로조","4420","10382","5962","138014350","324620200","186605850"
"022100","포스코 ICT","31632","62426","30794","189431870","375139220","185707350"
"230240","에치에프알","0","5667","5667","0","183357350","183357350"
"006730","서부T&D","10230","26934","16704","103575550","272781200","169205650"
"265520","AP시스템","4803","12169","7366","106365650","274681000","168315350"
"293780","압타바이오","5762","15139","9377","95779750","262809150","167029400"
"138080","오이솔루션","3778","9115","5337","116880300","282871050","165990750"
"036710","심텍홀딩스","4297","35700","31403","22500500","188417140","165916640"
"183490","엔지켐생명과학","9074","17125","8051","182168250","347992400","165824150"
"049960","쎌바이오텍","0","10000","10000","0","161350000","161350000"
"322780","코퍼스코리아","3414","55234","51820","10170035","168020075","157850040"
"228670","레이","5691","12497","6806","126842650","279402100","152559450"
"151910","SBW생명과학","19650","49981","30331","96212560","248594550","152381990"
"018000","유니슨","41312","110053","68741","86783010","235187005","148403995"
"045390","대아티아이","25825","61619","35794","103887020","251719545","147832525"
"122640","예스티","0","17500","17500","0","147523080","147523080"
"078130","국일제지","49439","99393","49954","143695125","290996335","147301210"
"235980","메드팩토","9535","14467","4932","264282800","410957750","146674950"
"050890","쏠리드","0","21468","21468","0","146386840","146386840"
"251120","바이오에프디엔씨","0","6487","6487","0","146350700","146350700"
"290510","코리아센터","14045","35832","21787","91116790","234499490","143382700"
"015750","성우하이텍","18447","49227","30780","82605045","224704995","142099950"
"247660","나노씨엠에스","2450","6793","4343","81257250","220492300","139235050"
"093320","케이아이엔엑스","213","2715","2502","11727500","149132400","137404900"
"058610","에스피지","1297","10286","8989","19588550","152560750","132972200"
"310200","애니플러스","6","33849","33843","23190","130181655","130158465"
"239890","피엔에이치테크","904","5735","4831","23269300","149294350","126025050"
"000250","삼천당제약","10976","14038","3062","423238850","547804700","124565850"
"036810","에프에스티","8425","14293","5868","167870350","288430000","120559650"
"038500","삼표시멘트","15149","39334","24185","74683610","195159170","120475560"
"108230","톱텍","8588","23290","14702","68627690","188578140","119950450"
"060150","인선이엔티","14989","26444","11455","153692700","272598650","118905950"
"036620","감성코퍼레이션","0","69081","69081","0","118861305","118861305"
"308100","까스텔바작","0","12500","12500","0","118775840","118775840"
"030530","원익홀딩스","15831","40538","24707","72362815","188892450","116529635"
"053030","바이넥스","21627","29276","7649","308698000","424846550","116148550"
"084110","휴온스글로벌","1861","6213","4352","47238050","161562500","114324450"
"017890","한국알콜","1547","11060","9513","18336350","131983600","113647250"
"058630","엠게임","0","11898","11898","0","111271470","111271470"
"352700","씨앤투스성진","0","19790","19790","0","109039150","109039150"
"027360","아주IB투자","17545","46343","28798","65298190","172680060","107381870"
"214370","케어젠","3697","4690","993","387347900","493677400","106329500"
"053270","구영테크","9333","32825","23492","41256805","146681760","105424955"
"033310","엠투엔","9902","26017","16115","60496010","161936020","101440010"
"214180","민앤지","2","5680","5678","35300","100100950","100065650"
"267320","나인테크","0","33500","33500","0","99846390","99846390"
"083310","엘오티베큠","4","7011","7007","55200","98270550","98215350"
"032190","다우데이타","6321","13473","7152","82625000","179061450","96436450"
"299660","셀리드","3106","7313","4207","67689350","164089650","96400300"
"194700","노바렉스","102","2539","2437","3862850","96637850","92775000"
"131370","알서포트","12130","29347","17217","61299890","151592120","90292230"
"095660","네오위즈","2","4508","4506","40200","90180000","90139800"
"010240","흥국","12555","23397","10842","107080390","196155150","89074760"
"260930","씨티케이","11241","19714","8473","129219450","216736600","87517150"
"043150","바텍","3783","6142","2359","137272850","224573950","87301100"
"078350","한양디지텍","0","4994","4994","0","85854850","85854850"
"054950","제이브이엠","3","5046","5043","50850","85764050","85713200"
"234340","세틀뱅크","1","3263","3262","26200","84610500","84584300"
"321820","와이더플래닛","0","6924","6924","0","80145250","80145250"
"092600","앤씨앤","0","20000","20000","0","80074060","80074060"
"087260","모바일어플라이언스","0","18466","18466","0","77863010","77863010"
"073490","이노와이어리스","301","2188","1887","11839900","86643950","74804050"
"285490","노바텍","0","1931","1931","0","72264050","72264050"
"412930","미래에셋비전스팩1호","0","32193","32193","0","70763560","70763560"
"052330","코텍","27","6623","6596","287100","70799150","70512050"
"327260","RF머트리얼즈","2000","7336","5336","25700000","94795150","69095150"
"337930","브랜드엑스코퍼레이션","9","7579","7570","81820","68809450","68727630"
"092190","서울바이오시스","5480","13687","8207","44308240","112154670","67846430"
"340360","다보링크","28368","63629","35261","53539720","121313310","67773590"
"065680","우주일렉트로","1","2500","2499","27300","67337450","67310150"
"041510","에스엠","96463","97006","543","5921417200","5987818500","66401300"
"078020","이베스트투자증권","6036","15233","9197","43436720","109597250","66160530"
"027710","팜스토리","205482","214837","9355","811675020","876537630","64862610"
"204270","제이앤티씨","6121","16213","10092","36264980","97644600","61379620"
"013310","아진산업","5271","23160","17889","16792045","74965065","58173020"
"045100","한양이엔지","5","3443","3438","82250","56398600","56316350"
"077360","덕산하이메탈","0","6369","6369","0","54572570","54572570"
"089970","에이피티씨","464","3166","2702","9302600","63621950","54319350"
"148250","알엔투테크놀로지","0","5007","5007","0","52775750","52775750"
"298870","다올인베스트먼트","17364","30244","12880","70994320","123507085","52512765"
"065500","오리엔트정공","7274","31957","24683","14898120","67348275","52450155"
"041930","동아화성","271","5010","4739","2995050","55110650","52115600"
"060250","NHN한국사이버결제","25825","28743","2918","462263800","514213050","51949250"
"131390","원익피앤이","59","1742","1683","1700700","50183500","48482800"
"061250","화일약품","0","16000","16000","0","46789000","46789000"
"019770","서연탑메탈","1816","9835","8019","10145820","55848770","45702950"
"079940","가비아","0","3235","3235","0","43835400","43835400"
"065450","빅텍","1","6000","5999","7110","43260000","43252890"
"134060","이퓨쳐","0","6000","6000","0","42972510","42972510"
"389140","포바이포","2","1528","1526","57400","42907850","42850450"
"173130","오파스넷","164","8081","7917","856080","43207140","42351060"
"299900","위지윅스튜디오","398","1906","1508","11313850","53024650","41710800"
"025770","한국정보통신","0","5000","5000","0","40186760","40186760"
"150900","파수","0","3641","3641","0","37692050","37692050"
"065420","에스아이리소스","11359","46725","35366","11174278","46149015","34974737"
"365590","엔에이치스팩18호","6236","22000","15764","13026185","46384760","33358575"
"035810","이지홀딩스","2","7407","7405","9060","33035220","33026160"
"255220","SG","2392","19536","17144","4551430","37517105","32965675"
"036800","나이스정보통신","841","1873","1032","24987950","56089250","31101300"
"073560","우리손에프앤지","0","12658","12658","0","30698110","30698110"
"030520","한글과컴퓨터","7","1529","1522","140600","30740750","30600150"
"108320","LX세미콘","16441","16680","239","2081795000","2111718100","29923100"
"064820","케이프","1002","7124","6122","4749550","33717690","28968140"
"043360","디지아이","0","7741","7741","0","28896140","28896140"
"023910","대한약품","258","1260","1002","7168400","35019050","27850650"
"353590","오토앤","0","2110","2110","0","27048350","27048350"
"415580","상상인제3호스팩","0","12404","12404","0","26880990","26880990"
"014620","성광벤드","16507","18953","2446","163731990","188154720","24422730"
"033640","네패스","19560","20121","561","575393250","598671500","23278250"
"053350","이니텍","0","5076","5076","0","22543060","22543060"
"102370","케이옥션","0","1000","1000","0","22381700","22381700"
"299030","하나기술","5","395","390","274500","21773000","21498500"
"064260","다날","382","2761","2379","3403620","24543930","21140310"
"214260","라파스","0","600","600","0","20934250","20934250"
"126340","비나텍","676","1194","518","27229750","48036350","20806600"
"203690","프로스테믹스","0","7640","7640","0","19997250","19997250"
"108490","로보티즈","0","1000","1000","0","19400000","19400000"
"204630","스튜디오산타클로스","74","1737","1663","889500","20281850","19392350"
"076610","해성옵틱스","19892","38734","18842","19026694","37639130","18612436"
"405640","신한제9호스팩","0","8247","8247","0","18102165","18102165"
"253840","수젠텍","557","2188","1631","5984800","23996850","18012050"
"096240","크레버스","2","577","575","58600","16892950","16834350"
"064290","인텍플러스","2","662","660","50600","16788150","16737550"
"119860","다나와","5854","6706","852","112233450","128784950","16551500"
"365270","큐라클","132","919","787","2733000","18945500","16212500"
"043910","자연과환경","49","7647","7598","104985","15719360","15614375"
"051360","토비스","8301","10000","1699","77617370","93078570","15461200"
"142760","비엘","2","2500","2498","11800","14859590","14847790"
"222810","마이더스AI","5874","17893","12019","7047645","21850565","14802920"
"290270","휴네시온","0","2520","2520","0","14556040","14556040"
"046970","우리로","61133","70347","9214","127761675","141569605","13807930"
"174880","장원테크","1065","8399","7334","1900630","15501895","13601265"
"090710","휴림로봇","11181","14985","3804","40011095","53175610","13164515"
"093640","다믈멀티미디어","786","3587","2801","3358355","15698610","12340255"
"125210","아모그린텍","0","1000","1000","0","11935000","11935000"
"066130","하츠","0","1278","1278","0","11806520","11806520"
"042420","네오위즈홀딩스","207","532","325","7202200","18439300","11237100"
"004590","한국가구","0","1572","1572","0","11030480","11030480"
"340350","SK6호스팩","0","4994","4994","0","10930680","10930680"
"039740","한국정보공학","0","2210","2210","0","10718435","10718435"
"038290","마크로젠","100","499","399","2605000","13072400","10467400"
"187660","에이디엠코리아","0","2500","2500","0","10425665","10425665"
"045520","크린앤사이언스","0","707","707","0","10104100","10104100"
"264660","씨앤지하이테크","0","813","813","0","9999900","9999900"
"203450","유니온커뮤니티","0","2735","2735","0","9996425","9996425"
"053450","세코닉스","0","1000","1000","0","9917980","9917980"
"097870","효성오앤비","2419","3207","788","28825550","38739200","9913650"
"290670","대보마그네틱","8","222","214","367400","10189150","9821750"
"900290","GRT","0","7894","7894","0","9551640","9551640"
"388050","지투파워","0","500","500","0","9395550","9395550"
"151860","KG ETS","754","1283","529","10717300","19757600","9040300"
"273640","와이엠텍","15","500","485","269700","9101450","8831750"
"050760","에스폴리텍","17886","20887","3001","89733570","98438235","8704665"
"020400","대동금속","0","733","733","0","8641800","8641800"
"136410","아셈스","266","886","620","3733900","12255300","8521400"
"196490","디에이테크놀로지","333","2061","1728","1523450","9630115","8106665"
"277070","린드먼아시아","0","1500","1500","0","7975000","7975000"
"065060","지엔코","0","10192","10192","0","7949412","7949412"
"029960","코엔텍","20441","21315","874","170122790","178022340","7899550"
"099320","쎄트렉아이","33","196","163","1570900","9335200","7764300"
"079190","케스피온","0","4974","4974","0","7736520","7736520"
"016250","SGC이테크건설","0","139","139","0","7417100","7417100"
"334970","프레스티지바이오로직스","1278","2203","925","8964790","15523510","6558720"
"079970","투비소프트","1310","6525","5215","1500415","8016420","6516005"
"011560","세보엠이씨","1102","1950","848","8502020","15017830","6515810"
"083930","아바코","1","528","527","12100","6493350","6481250"
"119850","지엔씨에너지","269","1514","1245","1389610","7676640","6287030"
"214430","아이쓰리시스템","0","299","299","0","6077300","6077300"
"238200","비피도","300","998","698","2559000","8452920","5893920"
"082210","옵트론텍","24","862","838","155600","5546200","5390600"
"301300","바이브컴퍼니","8","138","130","297900","5112150","4814250"
"241710","코스메카코리아","26","375","349","350100","5065700","4715600"
"075130","플랜티넷","0","1149","1149","0","4262790","4262790"
"079170","한창산업","0","465","465","0","4252860","4252860"
"032080","아즈텍WB","0","1515","1515","0","4241950","4241950"
"037400","우리엔터프라이즈","0","1460","1460","0","4226700","4226700"
"080010","이상네트웍스","0","587","587","0","4226400","4226400"
"286750","나노브릭","2500","4000","1500","6599985","10738575","4138590"
"024850","피에스엠씨","0","3586","3586","0","4070110","4070110"
"302430","이노메트리","7","320","313","90300","4108700","4018400"
"406760","하나금융21호스팩","0","1807","1807","0","3965050","3965050"
"251970","펌텍코리아","18","222","204","335900","4188350","3852450"
"049080","기가레인","541","2176","1635","1277330","5110360","3833030"
"203400","에이비온","219","671","452","1677540","5239130","3561590"
"221980","케이디켐","0","223","223","0","3467750","3467750"
"121850","코이즈","738","1658","920","2683850","6146270","3462420"
"361390","제노코","0","114","114","0","3451050","3451050"
"096040","이트론","45703","60043","14340","12660712","16101994","3441282"
"347770","핌스","0","170","170","0","3315000","3315000"
"220260","켐트로스","3","384","381","25980","3336010","3310030"
"377400","하이제6호스팩","0","1481","1481","0","3248725","3248725"
"357550","석경에이티","0","200","200","0","3230000","3230000"
"382840","원준","0","30","30","0","3069600","3069600"
"211270","AP위성","0","185","185","0","2900250","2900250"
"043220","티에스넥스젠","0","2000","2000","0","2816880","2816880"
"400840","하이제7호스팩","0","1226","1226","0","2679105","2679105"
"034810","해성산업","0","211","211","0","2654100","2654100"
"036670","KCI","683","950","267","6362770","8868100","2505330"
"123860","아나패스","4","100","96","100000","2465550","2365550"
"058450","일야","55897","59307","3410","51295047","53634396","2339349"
"048830","엔피케이","18271","18271","0","59403710","61582665","2178955"
"073640","테라사이언스","0","1000","1000","0","2125000","2125000"
"205470","휴마시스","125","290","165","1582350","3672450","2090100"
"036200","유니셈","0","203","203","0","2078700","2078700"
"099750","이지케어텍","0","52","52","0","2002250","2002250"
"065660","안트로젠","6","98","92","126300","2086350","1960050"
"062860","티엘아이","951","1168","217","8554990","10505700","1950710"
"083790","크리스탈지노믹스","18","419","401","84420","1965135","1880715"
"149950","아바텍","0","106","106","0","1833800","1833800"
"200710","에이디테크놀로지","5","113","108","84500","1903450","1818950"
"024120","KB오토시스","8823","9223","400","67427580","69245590","1818010"
"03481K","해성산업1우","0","100","100","0","1735000","1735000"
"277880","티에스아이","5","148","143","59500","1762500","1703000"
"206640","바디텍메드","8","123","115","113600","1752300","1638700"
"032300","한국파마","4","52","48","127400","1669300","1541900"
"216080","제테마","6","92","86","105000","1600550","1495550"
"353060","에이치엠씨제5호스팩","0","687","687","0","1490990","1490990"
"214870","뉴지랩파마","2","166","164","18400","1497330","1478930"
"060240","룽투코리아","7377","7371","-6","46304630","47783430","1478800"
"086890","이수앱지스","1","160","159","7420","1166780","1159360"
"366030","공구우먼","0","33","33","0","1120950","1120950"
"078940","코드네이처","10182","10182","0","18743500","19839760","1096260"
"025880","케이씨피드","8106","8106","0","37845490","38927775","1082285"
"032620","유비케어","10","170","160","66300","1124260","1057960"
"064090","에프앤리퍼블릭","883","1152","269","3349050","4281275","932225"
"048550","SM C&C","1","170","169","4725","783365","778640"
"160980","싸이맥스","0","45","45","0","778600","778600"
"021650","한국큐빅","0","177","177","0","669060","669060"
"043610","지니뮤직","0","135","135","0","661505","661505"
"130500","GH신소재","299","425","126","1455690","2096025","640335"
"045300","성우테크론","0","105","105","0","581700","581700"
"258610","케일럼","0","115","115","0","507275","507275"
"217480","에스디생명공학","0","164","164","0","503480","503480"
"072520","제넨바이오","0","245","245","0","503475","503475"
"062970","피피아이","0","136","136","0","503200","503200"
"226360","KH 건설","0","576","576","0","501500","501500"
"137940","넥스트아이","0","501","501","0","501000","501000"
"096690","에이루트","0","987","987","0","500406","500406"
"187790","나노","0","360","360","0","500400","500400"
"054630","에이디칩스","0","1355","1355","0","499995","499995"
"208340","파멥신","0","98","98","0","498820","498820"
"131100","스카이이앤엠","0","152","152","0","498560","498560"
"185490","아이진","1","57","56","8830","502170","493340"
"229000","젠큐릭스","2","38","36","26700","505400","478700"
"227100","에이치앤비디자인","1268","1293","25","5923665","6369355","445690"
"317870","엔바이오니아","0","24","24","0","289200","289200"
"343510","하나금융16호스팩","0","120","120","0","263400","263400"
"002680","한탑","20208","20208","0","48062690","48292410","229720"
"086980","쇼박스","0","40","40","0","216510","216510"
"201490","미투온","0","39","39","0","206120","206120"
"123420","위메이드플레이","0","8","8","0","202950","202950"
"039560","다산네트웍스","0","26","26","0","194480","194480"
"060900","대한그린파워","0","174","174","0","172365","172365"
"217270","넵튠","11","19","8","164450","284650","120200"
"010170","대한광통신","0","44","44","0","101205","101205"
"061040","알에프텍","1","17","16","6140","104040","97900"
"377480","마인즈랩","0","5","5","0","96500","96500"
"037460","삼지전자","0","7","7","0","83550","83550"
"031980","피에스케이홀딩스","0","6","6","0","79100","79100"
"290550","디케이티","0","6","6","0","75900","75900"
"264450","유비쿼스","1","4","3","24600","98800","74200"
"069510","에스텍","0","7","7","0","57610","57610"
"069410","엔텔스","0","7","7","0","55790","55790"
"046140","SBS콘텐츠허브","0","7","7","0","54160","54160"
"047080","한빛소프트","5","17","12","22025","75535","53510"
"242040","나무기술","0","16","16","0","39040","39040"
"215790","이노인스트루먼트","0","19","19","0","38760","38760"
"049070","인탑스","0","1","1","0","37300","37300"
"117670","알파홀딩스","0","13","13","0","37050","37050"
"298060","에스씨엠생명과학","80","82","2","904000","938900","34900"
"014970","삼륭물산","8","12","4","59960","90520","30560"
"241820","피씨엘","0","1","1","0","27200","27200"
"068050","팬엔터테인먼트","0","6","6","0","26355","26355"
"126640","화신정공","990","990","0","1980000","2004750","24750"
"073540","에프알텍","1","6","5","4160","24630","20470"
"237880","클리오","16","17","1","302400","321900","19500"
"122450","KMH","2","4","2","17360","34710","17350"
"058400","KNN","0","12","12","0","15155","15155"
"049180","셀루메드","0","2","2","0","10770","10770"
"064800","젬백스링크","0","6","6","0","9315","9315"
"024950","삼천리자전거","0","1","1","0","9020","9020"
"095500","미래나노텍","0","1","1","0","7360","7360"
"093190","빅솔론","0","1","1","0","6950","6950"
"068790","DMS","0","1","1","0","6080","6080"
"033130","디지틀조선","1","3","2","2985","8965","5980"
"023460","CNH","0","1","1","0","2235","2235"
"011370","서한","7","8","1","11200","12970","1770"
"021880","메이슨캐피탈","518","518","0","444994","446396","1402"
"208640","썸에이지","0","1","1","0","1280","1280"
"196700","웹스","12","12","0","53400","54420","1020"
"023760","한국캐피탈","0","1","1","0","853","853"
"065150","엠피대산","0","1","1","0","820","820"
"053590","한국테크놀로지","0","1","1","0","806","806"
"065950","웰크론","25","25","0","106635","107415","780"
"042040","케이피엠테크","0","1","1","0","752","752"
"051780","큐로홀딩스","0","1","1","0","628","628"
"089230","THE E&M","0","1","1","0","593","593"
"053050","지에스이","20","20","0","139250","139750","500"
"340440","세림B&G","33","33","0","102170","102590","420"
"159910","스킨앤스킨","0","1","1","0","378","378"
"065530","와이어블","28","28","0","98880","99095","215"
"064240","홈캐스트","9","9","0","31860","31950","90"
"040350","큐로컴","1","1","0","1125","1140","15"
"256630","포인트엔지니어링","2","2","0","6500","6470","-30"
"155650","와이엠씨","1","1","0","7100","7060","-40"
"302550","리메드","1","1","0","20050","19500","-550"
"040610","SG&G","16","16","0","46800","45120","-1680"
"065650","메디프론","1","0","-1","2140","0","-2140"
"408920","에스케이증권7호스팩","1","0","-1","2230","0","-2230"
"067290","JW신약","1","0","-1","4070","0","-4070"
"066700","테라젠이텍스","1","0","-1","4940","0","-4940"
"114450","KPX생명과학","1","0","-1","5630","0","-5630"
"214270","FSN","1","0","-1","5810","0","-5810"
"053300","한국정보인증","2","1","-1","12240","6150","-6090"
"012340","뉴인텍","2","0","-2","6370","0","-6370"
"074430","아미노로직스","3","0","-3","6600","0","-6600"
"053980","오상자이엘","1","0","-1","6650","0","-6650"
"192250","케이사인","3","0","-3","6660","0","-6660"
"006910","보성파워텍","1","0","-1","6720","0","-6720"
"078150","HB테크놀러지","3","0","-3","6900","0","-6900"
"047310","파워로직스","1","0","-1","6990","0","-6990"
"006620","동구바이오제약","1","0","-1","7050","0","-7050"
"307750","국전약품","1","0","-1","7520","0","-7520"
"013810","스페코","379","379","0","3032380","3024420","-7960"
"030350","드래곤플라이","16","12","-4","33600","25300","-8300"
"052220","iMBC","4","2","-2","16880","8465","-8415"
"195990","에이비프로바이오","11","1","-10","9779","906","-8873"
"087010","펩트론","1","0","-1","9280","0","-9280"
"338220","뷰노","2","1","-1","20100","10050","-10050"
"304840","피플바이오","3","2","-1","31950","21250","-10700"
"042520","한스바이오메드","3","2","-1","31800","21100","-10700"
"354200","엔젠바이오","2","1","-1","21300","10500","-10800"
"038880","아이에이","12","1","-11","11844","987","-10857"
"353810","이지바이오","2","0","-2","11280","0","-11280"
"344050","신영스팩6호","5","0","-5","11300","0","-11300"
"026150","특수건설","1","0","-1","11350","0","-11350"
"032820","우리기술","5","0","-5","11400","0","-11400"
"104540","코렌텍","3","2","-1","35400","24000","-11400"
"052020","에스티큐브","3","1","-2","18000","6070","-11930"
"039860","나노엔텍","7","5","-2","42140","29610","-12530"
"166480","코아스템","1","0","-1","13250","0","-13250"
"032980","바이온","37","29","-8","65205","51765","-13440"
"033160","엠케이전자","1","0","-1","14100","0","-14100"
"072020","중앙백신","1","0","-1","14100","0","-14100"
"078070","유비쿼스홀딩스","1","0","-1","17650","0","-17650"
"950190","미투젠","5","4","-1","89250","71450","-17800"
"171090","선익시스템","1","0","-1","17950","0","-17950"
"303530","이노뎁","1","0","-1","18700","0","-18700"
"126700","하이비젼시스템","2","1","-1","38500","19250","-19250"
"071200","인피니트헬스케어","5","2","-3","33700","13400","-20300"
"040910","아이씨디","4","2","-2","40800","20350","-20450"
"109820","진매트릭스","6","2","-4","31500","10570","-20930"
"049950","미래컴퍼니","1","0","-1","22650","0","-22650"
"333430","일승","474","474","0","1984765","1961665","-23100"
"236200","슈프리마","1","0","-1","23650","0","-23650"
"051980","중앙디앤엠","2397","2396","-1","2444910","2420070","-24840"
"156100","엘앤케이바이오","4","2","-2","51200","26250","-24950"
"225220","제놀루션","4","2","-2","52000","25900","-26100"
"214610","미코바이오메드","5","1","-4","34850","6970","-27880"
"094170","동운아나텍","5","0","-5","28100","0","-28100"
"263700","케어랩스","6","2","-4","49560","16650","-32910"
"046210","파나진","10","1","-9","38050","3805","-34245"
"409570","한국제10호스팩","16","0","-16","35375","0","-35375"
"011320","유니크","1103","1103","0","8444960","8404860","-40100"
"138610","나이벡","3","1","-2","60900","20350","-40550"
"032850","비트컴퓨터","6","1","-5","50580","8480","-42100"
"072870","메가스터디","6","2","-4","70200","23400","-46800"
"046440","KG모빌리언스","9","3","-6","74430","24930","-49500"
"084730","팅크웨어","3","0","-3","50700","0","-50700"
"205500","액션스퀘어","31","16","-15","110980","57380","-53600"
"230980","에이트원","46","0","-46","54285","0","-54285"
"108860","셀바스AI","9","1","-8","63810","7090","-56720"
"048870","시너지이노베이션","15","0","-15","59175","0","-59175"
"044340","위닉스","5","1","-4","75000","14900","-60100"
"217330","싸이토젠","2","1","-1","120200","59300","-60900"
"311690","CJ 바이오사이언스","2","0","-2","69200","0","-69200"
"189330","씨이랩","4","0","-4","72800","0","-72800"
"245620","EDGC","22","0","-22","82060","0","-82060"
"226330","신테카바이오","10","2","-8","123500","24950","-98550"
"291650","압타머사이언스","11","0","-11","117150","0","-117150"
"094480","갤럭시아머니트리","16","0","-16","125850","0","-125850"
"052790","액토즈소프트","15","3","-12","164250","32700","-131550"
"405350","IBKS제17호스팩","56","0","-56","131720","0","-131720"
"206400","베노홀딩스","33","0","-33","161865","0","-161865"
"048910","대원미디어","15","4","-11","221500","59100","-162400"
"300120","라온피플","15","0","-15","184850","0","-184850"
"207760","미스터블루","31","6","-25","233430","45330","-188100"
"060590","씨티씨바이오","1001","1000","-1","10210150","10014390","-195760"
"018620","우진비앤지","4000","4000","0","8720000","8510000","-210000"
"200230","텔콘RF제약","107","0","-107","214205","0","-214205"
"348030","모비릭스","17","3","-14","265200","47150","-218050"
"347860","알체라","12","0","-12","225600","0","-225600"
"100120","뷰웍스","13","0","-13","504300","0","-504300"
"099220","SDN","267","0","-267","504620","0","-504620"
"270870","뉴트리","33","0","-33","577500","0","-577500"
"122350","삼기","156","0","-156","591630","0","-591630"
"159580","제로투세븐","362","287","-75","3325320","2652090","-673230"
"090410","덕신하우징","10000","10000","0","29800000","29125000","-675000"
"079960","동양이엔피","75","31","-44","1247900","517000","-730900"
"137950","제이씨케미칼","959","924","-35","11316250","10580100","-736150"
"258830","세종메디칼","476","266","-210","1833520","1015910","-817610"
"035890","서희건설","764","277","-487","1360180","490385","-869795"
"175250","아이큐어","162","86","-76","1888200","1010800","-877400"
"011040","경동제약","200","107","-93","1986000","1063200","-922800"
"038070","서린바이오","133","70","-63","1895250","955150","-940100"
"192410","THQ","9630","9630","0","46444980","45467440","-977540"
"203650","드림시큐리티","258","0","-258","986850","0","-986850"
"078160","메디포스트","153","102","-51","3312450","2238900","-1073550"
"047920","HLB제약","403","304","-99","3731790","2654590","-1077200"
"009520","포스코엠텍","203","40","-163","1362740","268000","-1094740"
"109080","옵티시스","76","0","-76","1130500","0","-1130500"
"348150","고바이오랩","500","424","-76","7797800","6653200","-1144600"
"100660","서암기계공업","21221","21545","324","138634300","137451890","-1182410"
"019010","베뉴지","500","0","-500","1187500","0","-1187500"
"105740","디케이락","116","6","-110","1335150","69300","-1265850"
"261200","덴티스","148","0","-148","1268860","0","-1268860"
"115960","연우","225","160","-65","4995750","3574450","-1421300"
"023900","풍국주정","96","4","-92","1551150","64900","-1486250"
"056080","유진로봇","241","9","-232","1567680","60660","-1507020"
"377330","이지트로닉스","86","0","-86","1541800","0","-1541800"
"095910","에스에너지","456","17","-439","1659610","62230","-1597380"
"029480","광무","448","0","-448","1634130","0","-1634130"
"317850","대모","180","0","-180","1686590","0","-1686590"
"037370","EG","157","7","-150","1816600","81250","-1735350"
"387310","대신밸런스제10호스팩","750","0","-750","1767500","0","-1767500"
"353490","미래에셋대우스팩 5호","1827","1000","-827","4023410","2200000","-1823410"
"080580","오킨스전자","79","0","-79","1963150","0","-1963150"
"005160","동국산업","590","0","-590","2001085","0","-2001085"
"133750","메가엠디","609","0","-609","2070785","0","-2070785"
"391060","엔에이치스팩20호","7000","6001","-999","15091805","12954295","-2137510"
"353070","에이치엠씨제4호스팩","4700","3665","-1035","10175735","7956835","-2218900"
"027050","코리아나","1429","873","-556","5944680","3663455","-2281225"
"241790","오션브릿지","170","1","-169","2516000","14800","-2501200"
"215360","우리산업","166","6","-160","2782600","101200","-2681400"
"067280","멀티캠퍼스","67","3","-64","3051400","137650","-2913750"
"232140","와이아이케이","985","411","-574","5018380","2079600","-2938780"
"222040","코스맥스엔비티","500","0","-500","3018500","0","-3018500"
"052260","현대바이오랜드","542","339","-203","8751750","5540000","-3211750"
"347140","케이프이에스제4호","2135","603","-1532","4622275","1306260","-3316015"
"130580","나이스디앤비","354","1","-353","3330060","9350","-3320710"
"200780","비씨월드제약","287","0","-287","3476200","0","-3476200"
"082660","코스나인","3150","0","-3150","3483145","0","-3483145"
"094840","슈프리마에이치큐","489","0","-489","3567580","0","-3567580"
"126880","제이엔케이히터","583","21","-562","3742420","135520","-3606900"
"299170","더블유에스아이","1380","0","-1380","3659445","0","-3659445"
"086710","선진뷰티사이언스","500","0","-500","3706000","0","-3706000"
"367360","DB금융스팩9호","2200","489","-1711","4802320","1069940","-3732380"
"021080","에이티넘인베스트","894","1","-893","3737090","4115","-3732975"
"008370","원풍","705","0","-705","3772260","0","-3772260"
"095190","이엠코리아","1132","42","-1090","3961565","146850","-3814715"
"288620","에스퓨얼셀","1827","1695","-132","53306800","48962300","-4344500"
"065350","신성델타테크","1414","1036","-378","17582000","13011050","-4570950"
"056360","코위버","551","0","-551","4671220","0","-4671220"
"034950","한국기업평가","65","6","-59","5192500","479700","-4712800"
"388220","하나금융19호스팩","3000","815","-2185","6558500","1785510","-4772990"
"208710","바이오로그디바이스","2924","0","-2924","4783885","0","-4783885"
"122310","제노레이","481","3","-478","4952800","30700","-4922100"
"121440","골프존뉴딘홀딩스","575","8","-567","5036570","70710","-4965860"
"045340","토탈소프트","589","0","-589","4980370","0","-4980370"
"099390","브레인즈컴퍼니","429","0","-429","5002550","0","-5002550"
"025320","시노펙스","1975","74","-1901","5406210","204055","-5202155"
"086040","바이오톡스텍","2262","1726","-536","20446660","15196120","-5250540"
"005710","대원산업","930","41","-889","5801180","255830","-5545350"
"404950","DB금융스팩10호","5000","2239","-2761","10867805","4875005","-5992800"
"100130","동국S&C","1221","68","-1153","6396180","357540","-6038640"
"389030","지니너스","610","0","-610","6100000","0","-6100000"
"332290","누보","2234","0","-2234","6824870","0","-6824870"
"036010","아비코전자","4188","3640","-548","50517050","43663150","-6853900"
"084650","랩지노믹스","1002","0","-1002","7177790","0","-7177790"
"190650","코리아에셋투자증권","676","0","-676","7367200","0","-7367200"
"163730","핑거","500","0","-500","7425000","0","-7425000"
"089600","나스미디어","286","3","-283","7757650","81850","-7675800"
"032580","피델릭스","4606","0","-4606","7741645","0","-7741645"
"013120","동원개발","1710","128","-1582","8443825","632735","-7811090"
"099430","바이오플러스","426","99","-327","10548400","2465100","-8083300"
"226950","올릭스","474","65","-409","9673900","1332500","-8341400"
"149980","하이로닉","892","0","-892","8393720","0","-8393720"
"082800","비보존 헬스케어","7574","1","-7573","8410140","1115","-8409025"
"099190","아이센스","1527","1238","-289","45842900","37409650","-8433250"
"357580","아모센스","499","0","-499","8459700","0","-8459700"
"340120","하이제5호스팩","4300","188","-4112","8858000","385400","-8472600"
"115610","이미지스","14087","10855","-3232","38961720","30096680","-8865040"
"059100","아이컴포넌트","1640","400","-1240","12030000","2874000","-9156000"
"349720","이베스트스팩5호","7000","2610","-4390","15149145","5704460","-9444685"
"014470","부방","3776","0","-3776","9940530","0","-9940530"
"353190","휴럼","5847","0","-5847","9945025","0","-9945025"
"290520","신도기연","1420","0","-1420","10219680","0","-10219680"
"397880","교보11호스팩","7252","2548","-4704","15838335","5577060","-10261275"
"263050","유틸렉스","829","71","-758","11227000","961600","-10265400"
"272110","케이엔제이","768","0","-768","10363450","0","-10363450"
"123040","엠에스오토텍","2001","0","-2001","10395790","0","-10395790"
"026040","제이에스티나","2931","0","-2931","10483380","0","-10483380"
"363250","진시스템","1000","0","-1000","10700000","0","-10700000"
"342550","케이비제20호스팩","5110","0","-5110","11220975","0","-11220975"
"367340","DB금융스팩8호","6588","1380","-5208","14285290","3003490","-11281800"
"137080","나래나노텍","1052","0","-1052","12123000","0","-12123000"
"018310","삼목에스폼","1074","552","-522","25397700","13102400","-12295300"
"260970","에스앤디","650","0","-650","12880000","0","-12880000"
"217730","강스템바이오텍","4001","0","-4001","13942335","0","-13942335"
"086960","한컴MDS","615","0","-615","13948200","0","-13948200"
"060560","홈센타홀딩스","8400","1","-8399","13984320","1630","-13982690"
"037950","엘컴텍","9728","0","-9728","14003420","0","-14003420"
"413600","키움제6호스팩","5291","0","-5291","14060530","0","-14060530"
"252500","세화피앤씨","8671","0","-8671","15101200","0","-15101200"
"037070","파세코","851","0","-851","15274300","0","-15274300"
"091440","텔레필드","4164","330","-3834","16661180","1327400","-15333780"
"393360","신한제8호스팩","7000","0","-7000","15401225","0","-15401225"
"068930","디지털대성","2021","5","-2016","16254840","39990","-16214850"
"038390","레드캡투어","784","15","-769","16716600","324600","-16392000"
"119500","포메탈","3170","0","-3170","16909170","0","-16909170"
"413630","유진스팩8호","13361","5551","-7810","28909545","11990160","-16919385"
"094820","일진파워","708","0","-708","16956600","0","-16956600"
"046110","한일네트웍스","1646","0","-1646","17325700","0","-17325700"
"089790","제이티","2185","0","-2185","18049380","0","-18049380"
"355150","교보10호스팩","8307","0","-8307","18553310","0","-18553310"
"290720","푸드나무","756","0","-756","18932550","0","-18932550"
"332570","와이팜","3752","16","-3736","20667030","87520","-20579510"
"039830","오로라","2201","0","-2201","20716830","0","-20716830"
"101360","이엔드디","1009","244","-765","27544350","6620500","-20923850"
"067390","아스트","3851","602","-3249","24930590","3923990","-21006600"
"115440","우리넷","2108","5","-2103","21596150","50000","-21546150"
"023770","플레이위드","1983","437","-1546","28057350","5973300","-22084050"
"065510","휴비츠","5192","3025","-2167","53484200","31306750","-22177450"
"288980","모아데이타","1863","0","-1863","22382650","0","-22382650"
"108380","대양전기공업","1599","0","-1599","22626450","0","-22626450"
"036190","금화피에스시","738","1","-737","22902000","31200","-22870800"
"054930","유신","1003","3","-1000","23709650","70550","-23639100"
"321550","티움바이오","1602","107","-1495","25785450","1727950","-24057500"
"043370","피에이치에이","2747","0","-2747","24320790","0","-24320790"
"186230","그린플러스","1639","0","-1639","25006800","0","-25006800"
"115450","HLB테라퓨틱스","6591","3543","-3048","55883830","30531820","-25352010"
"218150","미래생명자원","15195","11842","-3353","130678300","104683240","-25995060"
"054670","대한뉴팜","2150","0","-2150","26337500","0","-26337500"
"136540","윈스","1585","5","-1580","26800300","84700","-26715600"
"376930","노을","4000","0","-4000","26919810","0","-26919810"
"134580","탑코미디어","2880","0","-2880","26959530","0","-26959530"
"246710","티앤알바이오팹","1614","233","-1381","31991900","4655250","-27336650"
"047560","이스트소프트","2512","1","-2511","28361250","11350","-28349900"
"036830","솔브레인홀딩스","6403","5252","-1151","163425900","134802150","-28623750"
"110790","크리스에프앤씨","1553","851","-702","64397550","35414500","-28983050"
"224110","에이텍티앤","2249","0","-2249","29519300","0","-29519300"
"101170","우림피티에스","5745","0","-5745","30388120","0","-30388120"
"347740","피엔케이피부임상연구센타","1741","0","-1741","31145000","0","-31145000"
"045970","코아시아","4000","0","-4000","31160900","0","-31160900"
"033500","동성화인텍","38583","35679","-2904","445212750","413735100","-31477650"
"090150","아이윈","14000","200","-13800","32225160","454000","-31771160"
"308080","바이젠셀","1569","0","-1569","32990600","0","-32990600"
"196300","애니젠","3000","0","-3000","33682050","0","-33682050"
"236810","엔비티","1900","0","-1900","33762200","0","-33762200"
"066980","이엔코퍼레이션","9358","0","-9358","33891315","0","-33891315"
"106190","하이텍팜","3000","0","-3000","34045000","0","-34045000"
"016790","현대사료","318","48","-270","41478300","6547200","-34931100"
"018700","바른손","10000","0","-10000","35279920","0","-35279920"
"003310","대주산업","9837","0","-9837","36101790","0","-36101790"
"104460","디와이피엔에프","2077","1001","-1076","74321500","35764700","-38556800"
"053160","프리엠스","3388","0","-3388","39771000","0","-39771000"
"263860","지니언스","4500","0","-4500","40678450","0","-40678450"
"008290","원풍물산","39781","0","-39781","42388495","0","-42388495"
"050960","수산아이앤티","3032","0","-3032","43423350","0","-43423350"
"333620","엔시스","2500","0","-2500","44460250","0","-44460250"
"262260","에이프로","3600","500","-3100","52354650","7275000","-45079650"
"200350","래몽래인","2469","0","-2469","45263650","0","-45263650"
"317240","TS트릴리온","39710","0","-39710","48147635","0","-48147635"
"063080","컴투스홀딩스","2292","1620","-672","169308800","119988600","-49320200"
"009620","삼보산업","29433","23","-29410","49889165","39445","-49849720"
"016920","카스","16270","0","-16270","50058585","0","-50058585"
"053610","프로텍","1817","0","-1817","51280050","0","-51280050"
"088910","동우팜투테이블","20862","6000","-14862","72179630","20348000","-51831630"
"322180","티라유텍","4777","0","-4777","52604850","0","-52604850"
"352910","오비고","3760","0","-3760","52627100","0","-52627100"
"314130","지놈앤컴퍼니","3022","574","-2448","65238250","12415650","-52822600"
"046390","삼화네트웍스","13048","870","-12178","56885475","3815325","-53070150"
"100590","머큐리","6635","6","-6629","53385910","48120","-53337790"
"012700","리드코프","6315","0","-6315","55812880","0","-55812880"
"124560","태웅로직스","18159","13003","-5156","199104350","142749600","-56354750"
"096640","멜파스","33733","0","-33733","56737820","0","-56737820"
"078890","가온미디어","5034","13","-5021","57100200","146900","-56953300"
"114840","아이패밀리에스씨","8294","6096","-2198","218849150","161459050","-57390100"
"065440","이루온","19223","0","-19223","58381585","0","-58381585"
"036890","진성티이씨","10364","5356","-5008","123252800","63490050","-59762750"
"092730","네오팜","2703","157","-2546","64749950","3837550","-60912400"
"330860","네패스아크","2273","815","-1458","96104000","34487850","-61616150"
"072990","에이치시티","4777","4","-4773","62623100","52400","-62570700"
"336570","대신밸런스제8호스팩","15131","0","-15131","64473105","0","-64473105"
"056090","에디슨INNO","6037","0","-6037","65483200","0","-65483200"
"243070","휴온스","8694","6927","-1767","336205850","269899150","-66306700"
"377450","리파인","4859","0","-4859","68139550","0","-68139550"
"126600","코프라","8353","0","-8353","68284400","0","-68284400"
"142280","녹십자엠에스","11000","0","-11000","68539850","0","-68539850"
"058970","엠로","14422","10375","-4047","247186150","178276300","-68909850"
"220100","퓨쳐켐","7963","3693","-4270","129689250","60530800","-69158450"
"005860","한일사료","7007","5","-7002","70216270","51250","-70165020"
"294630","서남","25186","0","-25186","78708575","0","-78708575"
"330730","스톤브릿지벤처스","10983","0","-10983","80285730","0","-80285730"
"192440","슈피겐코리아","1946","0","-1946","83655050","0","-83655050"
"064850","에프앤가이드","10319","500","-9819","87984230","4250000","-83734230"
"348210","넥스틴","2017","798","-1219","138949400","55045600","-83903800"
"122990","와이솔","10040","2088","-7952","109323000","23004700","-86318300"
"053260","금강철강","8704","0","-8704","86898490","0","-86898490"
"036560","영풍정밀","10191","1018","-9173","96954670","9688460","-87266210"
"094850","참좋은여행","6883","28","-6855","88013750","360700","-87653050"
"115480","씨유메디칼","80000","455","-79545","88194195","500500","-87693695"
"023160","태광","27358","18827","-8531","310211350","218576650","-91634700"
"340570","티앤엘","2476","0","-2476","93286150","0","-93286150"
"100790","미래에셋벤처투자","11490","0","-11490","95498210","0","-95498210"
"257720","실리콘투","6000","0","-6000","95762750","0","-95762750"
"144960","뉴파워프라즈마","20000","0","-20000","99807970","0","-99807970"
"088390","이녹스","5000","0","-5000","102532900","0","-102532900"
"045660","에이텍","7529","0","-7529","103731100","0","-103731100"
"083450","GST","4202","637","-3565","123448650","18529050","-104919600"
"056190","에스에프에이","23768","20851","-2917","916616350","809872600","-106743750"
"019210","와이지-원","14285","2065","-12220","125291550","18041560","-107249990"
"059090","미코","10703","245","-10458","113240800","2585800","-110655000"
"357230","에이치피오","9482","0","-9482","111032250","0","-111032250"
"013030","하이록코리아","6100","4","-6096","112906600","73600","-112833000"
"179290","엠아이텍","11486","0","-11486","113419350","0","-113419350"
"041440","현대에버다임","34135","21903","-12232","316419590","200995780","-115423810"
"053580","웹케시","5519","5","-5514","121892400","109750","-121782650"
"244460","올리패스","15930","0","-15930","122023770","0","-122023770"
"082920","비츠로셀","11116","742","-10374","134876850","9143500","-125733350"
"092070","디엔에프","6266","140","-6126","133956350","3021500","-130934850"
"104620","노랑풍선","11598","0","-11598","132075750","0","-132075750"
"035460","기산텔레콤","36980","14950","-22030","223704820","89072340","-134632480"
"251370","와이엠티","7000","0","-7000","139847000","0","-139847000"
"048770","TPC","25458","0","-25458","139968150","0","-139968150"
"039840","디오","6246","1648","-4598","192934350","51794950","-141139400"
"241520","DSC인베스트먼트","27414","0","-27414","141748750","0","-141748750"
"263720","디앤씨미디어","5030","9","-5021","142152850","254550","-141898300"
"305090","마이크로디지탈","10844","572","-10272","157697250","8391700","-149305550"
"214450","파마리서치","9885","8024","-1861","836640700","682038000","-154602700"
"041460","한국전자인증","21188","0","-21188","156847420","0","-156847420"
"294090","이오플로우","7614","171","-7443","161321250","3633250","-157688000"
"259630","엠플러스","10206","527","-9679","168394300","8790550","-159603750"
"033170","시그네틱스","73219","5000","-68219","173318245","11872645","-161445600"
"950220","네오이뮨텍","25667","0","-25667","161819600","0","-161819600"
"092870","엑시콘","13800","0","-13800","164840100","0","-164840100"
"058110","멕아이씨에스","25012","9","-25003","166353830","62430","-166291400"
"317830","에스피시스템스","18555","0","-18555","169462520","0","-169462520"
"089010","켐트로닉스","7001","0","-7001","170021100","0","-170021100"
"317690","퀀타매트릭스","27487","80","-27407","173703000","506410","-173196590"
"083650","비에이치아이","35095","0","-35095","177384360","0","-177384360"
"196170","알테오젠","38152","34027","-4125","1862915700","1684475200","-178440500"
"090850","현대이지웰","31153","13132","-18021","311065500","132031040","-179034460"
"206560","덱스터","13000","1146","-11854","201640400","17801000","-183839400"
"218410","RFHIC","40006","33751","-6255","1201950750","1017480150","-184470600"
"038110","에코플라스틱","65007","16381","-48626","244758835","59494055","-185264780"
"091580","상신이디피","12460","351","-12109","192570200","5460400","-187109800"
"274090","켄코아에어로스페이스","12639","227","-12412","200355500","3604650","-196750850"
"276040","스코넥","16678","1500","-15178","218397700","19997950","-198399750"
"377030","맥스트","14310","1064","-13246","216044900","16055250","-199989650"
"024740","한일단조","57331","0","-57331","203319965","0","-203319965"
"018290","브이티지엠피","43989","13955","-30034","302762250","97372240","-205390010"
"174900","앱클론","15430","0","-15430","212135550","0","-212135550"
"189300","인텔리안테크","4906","2190","-2716","388334200","174205600","-214128600"
"114810","아이원스","34229","10491","-23738","312149580","95464030","-216685550"
"141080","레고켐바이오","43560","36892","-6668","1573646600","1355858850","-217787750"
"230360","에코마케팅","40628","28045","-12583","722781400","502373950","-220407450"
"039200","오스코텍","34476","25342","-9134","859004100","637598900","-221405200"
"048530","인트론바이오","44691","30192","-14499","715647000","494133300","-221513700"
"352480","씨앤씨인터내셔널","11444","898","-10546","241391500","18961950","-222429550"
"241840","에이스토리","14704","5739","-8965","383620450","150460500","-233159950"
"297090","씨에스베어링","18656","85","-18571","236923750","1087350","-235836400"
"136480","하림","68755","65","-68690","246028325","228800","-245799525"
"189860","서전기전","21918","610","-21308","262585800","7434000","-255151800"
"297890","HB솔루션","16491","816","-15675","287653750","14261250","-273392500"
"221840","하이즈항공","44127","8","-44119","282899210","52320","-282846890"
"232680","라온테크","21151","4016","-17135","387154650","74294450","-312860200"
"091120","이엠텍","8361","197","-8164","320736800","7542050","-313194750"
"121800","비덴트","34553","8716","-25837","435222400","109473800","-325748600"
"267980","매일유업","8402","3390","-5012","577486800","233406500","-344080300"
"083500","에프엔에스테크","34218","0","-34218","347701300","0","-347701300"
"311390","네오크레마","22293","2316","-19977","394620850","41035750","-353585100"
"085670","뉴프렉스","69775","10274","-59501","417736500","61763970","-355972530"
"243840","신흥에스이씨","6686","570","-6116","394873100","33786300","-361086800"
"146320","비씨엔씨","19637","2978","-16659","432608200","65819300","-366788900"
"035760","CJ ENM","20584","17406","-3178","2441559500","2071426000","-370133500"
"067000","조이시티","61102","4167","-56935","401116420","27353910","-373762510"
"278650","노터스","24496","15732","-8764","1342440700","950496350","-391944350"
"228760","지노믹트리","34129","3","-34126","396452400","34950","-396417450"
"371950","풍원정밀","27553","6133","-21420","519208550","117062750","-402145800"
"253590","네오셈","114477","15462","-99015","466675780","62830810","-403844970"
"067900","와이엔텍","41626","7541","-34085","494104900","89336100","-404768800"
"253450","스튜디오드래곤","34597","29494","-5103","2804830200","2398361100","-406469100"
"102940","코오롱생명과학","12060","0","-12060","418119550","0","-418119550"
"215000","골프존","2398","0","-2398","430661300","0","-430661300"
"046120","오르비텍","79161","24165","-54996","629051240","196128900","-432922340"
"101160","월덱스","25178","8306","-16872","663881100","220924650","-442956450"
"289220","자이언트스텝","18614","1139","-17475","473986300","29088300","-444898000"
"160550","NEW","60010","1052","-58958","481414750","8567990","-472846760"
"298380","에이비엘바이오","67722","42957","-24765","1443447850","924243550","-519204300"
"182360","큐브엔터","38139","36","-38103","563106500","538000","-562568500"
"195940","HK이노엔","41162","25856","-15306","1566668500","991428100","-575240400"
"051160","지어소프트","36922","0","-36922","592192250","0","-592192250"
"003100","선광","8584","0","-8584","620344100","0","-620344100"
"079370","제우스","25548","0","-25548","652769850","0","-652769850"
"272290","이녹스첨단소재","36101","21952","-14149","1679842350","1024531850","-655310500"
"035600","KG이니시스","60144","18715","-41429","970948600","302246400","-668702200"
"067990","도이치모터스","95896","23383","-72513","989501800","245398800","-744103000"
"215200","메가스터디교육","23581","13507","-10074","2114910000","1216174100","-898735900"
"336060","웨이버스","422959","24244","-398715","962550185","55216585","-907333600"
"112040","위메이드","32671","19412","-13259","2258631400","1345910400","-912721000"
"288330","브릿지바이오테라퓨틱스","84119","0","-84119","937413600","0","-937413600"
"348370","엔켐","14355","2550","-11805","1150387300","204977300","-945410000"
"054210","이랜텍","50000","3512","-46488","1018760000","71826700","-946933300"
"054780","키이스트","95494","512","-94982","960083400","5111650","-954971750"
"131970","테스나","42491","20825","-21666","1904101950","935568900","-968533050"
"317330","덕산테코피아","50484","329","-50155","1161709400","7668750","-1154040650"
"311320","지오엘리먼트","57873","0","-57873","1173567400","0","-1173567400"
"046890","서울반도체","148471","46398","-102073","1845915550","576339850","-1269575700"
"063170","서울옥션","94350","13804","-80546","2080406500","308082450","-1772324050"
"053800","안랩","30734","13751","-16983","3363377600","1505071800","-1858305800"
"078340","컴투스","40283","16889","-23394","3508209800","1484719700","-2023490100"
"106240","파인테크닉스","240029","67430","-172599","2877389450","808861150","-2068528300"
"376300","디어유","79910","4432","-75478","2953870250","164391600","-2789478650"
"214150","클래시스","383844","146538","-237306","6939390500","2650993700","-4288396800"
"096530","씨젠","248023","114933","-133090","9626695000","4484132150","-5142562850"
"278280","천보","31687","9862","-21825","8398896200","2614761200","-5784135000"
"035900","JYP Ent.","281656","155540","-126116","16042413800","8905150600","-7137263200"