종목코드,종목명,거래량_매도,거래량_매수,거래량_순매수,거래대금_매도,거래대금_매수,거래대금_순매수
"028300","HLB","35820","525750","489930","1408280000","21793485100","20385205100"
"046110","한일네트웍스","10385","1630677","1620292","123581500","19338597450","19215015950"
"066970","엘앤에프","18163","82194","64031","4039996200","18157348700","14117352500"
"222800","심텍","23105","158992","135887","1165491750","8016126450","6850634700"
"240810","원익IPS","13214","160881","147667","534433400","6541847150","6007413750"
"058470","리노공업","943","27180","26237","161439900","4666141700","4504701800"
"183300","코미코","3290","60663","57373","202019200","3756651000","3554631800"
"036930","주성엔지니어링","47366","202489","155123","1035519100","4463850100","3428331000"
"025900","동화기업","7404","46665","39261","620898600","3935971600","3315073000"
"084370","유진테크","10995","84877","73882","466720600","3610386500","3143665900"
"131970","테스나","16020","75757","59737","729612600","3482854550","2753241950"
"005290","동진쎄미켐","81854","144012","62158","3454771100","6098967700","2644196600"
"213420","덕산네오룩스","8613","66903","58290","370260150","2881037650","2510777500"
"034230","파라다이스","38243","201302","163059","579613700","3067754450","2488140750"
"067160","아프리카TV","9045","32473","23428","897674300","3246936800","2349262500"
"357780","솔브레인","451","9403","8952","107672000","2259927100","2152255100"
"196170","알테오젠","9665","48872","39207","466406350","2373329250","1906922900"
"230240","에치에프알","2888","58335","55447","97993150","1998778100","1900784950"
"137400","피엔티","1468","41940","40472","65675200","1883653650","1817978450"
"108320","LX세미콘","5597","19757","14160","690652600","2433739400","1743086800"
"095340","ISC","9064","55562","46498","336113250","2070725650","1734612400"
"104830","원익머트리얼즈","2947","42178","39231","118235750","1707732150","1589496400"
"290650","엘앤씨바이오","15513","52423","36910","656339700","2225126650","1568786950"
"041510","에스엠","47991","73885","25894","2883905100","4451798300","1567893200"
"253450","스튜디오드래곤","22752","41548","18796","1801356200","3299372700","1498016500"
"035900","JYP Ent.","42195","69165","26970","2311331000","3799582100","1488251100"
"319660","피에스케이","7753","37499","29746","369054950","1790517750","1421462800"
"215200","메가스터디교육","5419","20271","14852","487419600","1826205700","1338786100"
"054450","텔레칩스","6903","80870","73967","121723850","1418275600","1296551750"
"074600","원익QnC","17673","54214","36541","601998800","1852786200","1250787400"
"095610","테스","2993","48792","45799","81051150","1321906400","1240855250"
"287410","제이시스메디칼","18935","164300","145365","158636050","1391615280","1232979230"
"214450","파마리서치","4669","18240","13571","386646400","1502746400","1116100000"
"048410","현대바이오","3442","40131","36689","104422150","1201974150","1097552000"
"036540","SFA반도체","17385","185447","168062","109776210","1171364420","1061588210"
"121600","나노신소재","7292","21964","14672","517491200","1547303600","1029812400"
"218410","RFHIC","3913","38468","34555","115986300","1142515200","1026528900"
"056190","에스에프에이","28461","54087","25626","1099535350","2109032200","1009496850"
"141080","레고켐바이오","3643","31220","27577","131912750","1133306250","1001393500"
"102710","이엔에프테크놀로지","15413","41584","26171","556122400","1501709150","945586750"
"039030","이오테크닉스","3470","12006","8536","384064100","1328104500","944040400"
"950130","엑세스바이오","10","50522","50512","183000","910296100","910113100"
"125210","아모그린텍","1172","73702","72530","14669750","916403150","901733400"
"085370","루트로닉","58023","97861","39838","1276195300","2176035750","899840450"
"060250","NHN한국사이버결제","2313","54127","51814","39101650","919117850","880016200"
"007390","네이처셀","2895","53299","50404","50237300","921102950","870865650"
"356860","티엘비","1700","19726","18026","81945000","947893750","865948750"
"237690","에스티팜","3398","12603","9205","314387900","1167612900","853225000"
"145020","휴젤","10451","17480","7029","1243747500","2080706200","836958700"
"067630","HLB생명과학","56742","125615","68873","714832750","1512724650","797891900"
"098460","고영","12022","57507","45485","201681250","968117150","766435900"
"068240","다원시스","1380","27647","26267","40179100","804627800","764448700"
"032500","케이엠더블유","5512","28518","23006","179919750","934233300","754313550"
"095700","제넥신","706","22327","21621","23678600","755404150","731725550"
"119610","인터로조","473","23429","22956","14736350","730280150","715543800"
"084990","헬릭스미스","1729","35234","33505","35938200","736895400","700957200"
"200130","콜마비앤에이치","3246","26372","23126","97670850","796132850","698462000"
"084850","아이티엠반도체","972","21166","20194","33077450","722904900","689827450"
"090460","비에이치","25321","51126","25805","673356100","1362905750","689549650"
"069080","웹젠","18007","51874","33867","366262000","1044395300","678133300"
"085660","차바이오텍","3287","41673","38386","56294000","713865400","657571400"
"151860","KG ETS","42092","65346","23254","784289200","1416380600","632091400"
"000250","삼천당제약","2271","18343","16072","87271650","710104200","622832550"
"064550","바이오니아","1363","23325","21962","38843050","661237900","622394850"
"038540","상상인","2705","58320","55615","29548350","645885350","616337000"
"140860","파크시스템스","2007","7559","5552","220168600","831843000","611674400"
"131290","티에스이","7060","14409","7349","581220000","1184535500","603315500"
"268600","셀리버리","677","22802","22125","18179500","609101750","590922250"
"222080","씨아이에스","4337","47712","43375","59030950","647476250","588445300"
"206650","유바이오로직스","1450","34650","33200","24486600","585791100","561304500"
"298540","더네이쳐홀딩스","6871","22889","16018","228272650","760370500","532097850"
"030190","NICE평가정보","6069","36710","30641","104855000","631854000","526999000"
"078600","대주전자재료","10461","17093","6632","827775700","1349789500","522013800"
"086900","메디톡스","1946","6215","4269","236080800","757860700","521779900"
"282880","코윈테크","1335","18629","17294","40235050","560903250","520668200"
"195940","HK이노엔","5181","18575","13394","201563850","721154950","519591100"
"033640","네패스","1766","18886","17120","52838200","567397950","514559750"
"104480","티케이케미칼","2527","107509","104982","12385675","526218915","513833240"
"383310","에코프로에이치엔","1157","12935","11778","50258000","563361400","513103400"
"100090","삼강엠앤티","2613","28274","25661","51673100","559760200","508087100"
"041830","인바디","7261","24738","17477","197958500","688667300","490708800"
"092040","아미코젠","657","16892","16235","19379700","501155850","481776150"
"310200","애니플러스","3","121833","121830","11850","479659100","479647250"
"052400","코나아이","552","19583","19031","13689200","488205850","474516650"
"046890","서울반도체","2620","42190","39570","31233300","503306850","472073550"
"025980","아난티","2766","62589","59823","21386050","486492940","465106890"
"189860","서전기전","1518","41733","40215","17305200","480358700","463053500"
"143240","사람인에이치알","2190","12261","10071","97600000","552458050","454858050"
"023160","태광","62517","100207","37690","755920450","1210034050","454113600"
"091700","파트론","4175","43610","39435","47772300","497228150","449455850"
"086450","동국제약","2475","24332","21857","50794600","500146400","449351800"
"294570","쿠콘","5761","16965","11204","226617450","667951150","441333700"
"003380","하림지주","25504","67207","41703","269011600","707361250","438349650"
"086390","유니테스트","391","17080","16689","10310100","446676300","436366200"
"082270","젬백스","4787","33790","29003","69594950","492645800","423050850"
"178320","서진시스템","2847","25618","22771","51680200","466346300","414666100"
"053030","바이넥스","900","29801","28901","12742300","422262200","409519900"
"183490","엔지켐생명과학","1201","21646","20445","24008850","429159600","405150750"
"059090","미코","729","39641","38912","7562700","412694400","405131700"
"144510","지씨셀","3756","10720","6964","218400700","621872300","403471600"
"101490","에스앤에스텍","1271","16376","15105","32716200","423304100","390587900"
"166090","하나머티리얼즈","9035","15306","6271","555293200","945566900","390273700"
"140410","메지온","1366","23110","21744","24564750","413291400","388726650"
"272290","이녹스첨단소재","12215","20400","8185","560547900","939534450","378986550"
"058610","에스피지","9298","33392","24094","146223000","524189800","377966800"
"003100","선광","0","5154","5154","0","369641600","369641600"
"030530","원익홀딩스","2854","79862","77008","13454950","379547870","366092920"
"022100","포스코 ICT","49354","110071","60717","289112500","649761380","360648880"
"088800","에이스테크","2187","34763","32576","23610650","376745850","353135200"
"352480","씨앤씨인터내셔널","3919","19939","16020","86848800","439531300","352682500"
"041190","우리기술투자","2755","56302","53547","17770530","363450430","345679900"
"041960","코미팜","1253","43887","42634","9956410","351153620","341197210"
"083450","GST","3767","15371","11604","109305750","448820150","339514400"
"077360","덕산하이메탈","2855","40194","37339","25357560","355273860","329916300"
"013030","하이록코리아","379","18059","17680","6910850","330914800","324003950"
"080160","모두투어","565","16535","15970","11327050","332973550","321646500"
"014620","성광벤드","515","32220","31705","5168160","326242780","321074620"
"194700","노바렉스","1124","9363","8239","43595050","363239950","319644900"
"035600","KG이니시스","25667","45280","19613","409637350","723896200","314258850"
"112040","위메이드","19301","24230","4929","1264450900","1576647800","312196900"
"060720","KH바텍","588","16704","16116","10987000","312034600","301047600"
"255220","SG","32319","190616","158297","61515345","361720355","300205010"
"222160","바이옵트로","2000","31848","29848","20200000","316903180","296703180"
"122640","예스티","0","36000","36000","0","293798410","293798410"
"048530","인트론바이오","17227","35127","17900","271829600","557155350","285325750"
"131390","원익피앤이","579","10282","9703","16553250","294484250","277931000"
"089980","상아프론테크","1974","9396","7422","73177750","350647100","277469350"
"138080","오이솔루션","467","9565","9098","13883250","286104550","272221300"
"035460","기산텔레콤","5863","46007","40144","40596650","309994220","269397570"
"042000","카페24","554","16865","16311","8957400","274335900","265378500"
"061970","엘비세미콘","4739","28093","23354","52781500","313249600","260468100"
"036810","에프에스티","791","13772","12981","15743700","275739900","259996200"
"265520","AP시스템","443","12017","11574","9803400","267053050","257249650"
"058820","CMG제약","23875","105596","81721","72632590","322121150","249488560"
"214370","케어젠","6477","8971","2494","627185000","873456500","246271500"
"018290","브이티지엠피","1502","37287","35785","10378600","255846600","245468000"
"099190","아이센스","1074","9059","7985","33288500","278560400","245271900"
"281740","레이크머티리얼즈","1064","49812","48748","5141590","241454040","236312450"
"187270","신화콘텍","4365","44798","40433","25071140","258768580","233697440"
"285490","노바텍","220","6062","5842","8723000","240890300","232167300"
"078130","국일제지","3034","86828","83794","8363200","239439310","231076110"
"045390","대아티아이","3908","60389","56481","15975010","244369365","228394355"
"232680","라온테크","0","12984","12984","0","226688450","226688450"
"067310","하나마이크론","18616","30954","12338","337884300","563334200","225449900"
"151910","SBW생명과학","3385","48590","45205","16591415","238380295","221788880"
"171090","선익시스템","0","12565","12565","0","219552450","219552450"
"018000","유니슨","4149","106424","102275","8709605","226356890","217647285"
"246710","티앤알바이오팹","6025","17044","11019","121194500","338289050","217094550"
"015750","성우하이텍","2115","48290","46175","9613350","221127380","211514030"
"148150","세경하이테크","1","9823","9822","21500","210000100","209978600"
"235980","메드팩토","10018","17804","7786","283778100","492871950","209093850"
"084110","휴온스글로벌","161","8098","7937","4079600","206816550","202736950"
"187660","에이디엠코리아","0","50500","50500","0","202164565","202164565"
"023410","유진기업","2231","44474","42243","10564190","211336735","200772545"
"033290","코웰패션","9184","37075","27891","63249060","255949710","192700650"
"065440","이루온","10000","73209","63209","31500000","223748150","192248150"
"078350","한양디지텍","1000","10961","9961","18850000","205452850","186602850"
"298380","에이비엘바이오","28393","37195","8802","594782700","779078550","184295850"
"089600","나스미디어","25","6573","6548","683700","181373950","180690250"
"192440","슈피겐코리아","6","4118","4112","260200","177553550","177293350"
"290510","코리아센터","7631","35186","27555","48546310","224347180","175800870"
"114810","아이원스","102","19087","18985","944460","174247460","173303000"
"029960","코엔텍","1104","21146","20042","9146660","176062380","166915720"
"060150","인선이엔티","10028","26199","16171","101760350","265895850","164135500"
"270520","지엔원에너지","62","56305","56243","178250","163982120","163803870"
"108230","톱텍","1299","21162","19863","10290790","168659710","158368920"
"033310","엠투엔","862","26222","25360","5233950","162274950","157041000"
"179290","엠아이텍","3184","18695","15511","32064650","189102250","157037600"
"189300","인텔리안테크","5934","7855","1921","476020700","630494900","154474200"
"085670","뉴프렉스","2","24628","24626","12720","152183740","152171020"
"054950","제이브이엠","1505","9981","8476","26713850","176500850","149787000"
"299660","셀리드","420","7266","6846","9158800","158739900","149581100"
"036710","심텍홀딩스","0","28147","28147","0","148244500","148244500"
"032190","다우데이타","2028","13302","11274","26470150","174110900","147640750"
"131370","알서포트","1236","28757","27521","6227360","145905980","139678620"
"306040","에스제이그룹","293","5665","5372","7604550","147235600","139631050"
"220100","퓨쳐켐","620","9158","8538","9925700","146940750","137015050"
"051500","CJ프레시웨이","6318","9356","3038","262419050","391983000","129563950"
"256840","한국비엔씨","37182","51837","14655","317042110","443776140","126734030"
"038500","삼표시멘트","12532","38597","26065","59801475","184750150","124948675"
"036830","솔브레인홀딩스","208","5211","5003","5129450","129475600","124346150"
"124560","태웅로직스","52071","60800","8729","685782250","809214200","123431950"
"950180","SNK","0","3210","3210","0","117731900","117731900"
"054210","이랜텍","59034","65036","6002","1308575300","1424466700","115891400"
"089030","테크윙","2408","7835","5427","50333250","165080200","114746950"
"114840","아이패밀리에스씨","2777","6899","4122","76133900","190264050","114130150"
"131400","이브이첨단소재","6398","70339","63941","11680095","125528685","113848590"
"052710","아모텍","1673","5866","4193","45097500","158188450","113090950"
"337930","브랜드엑스코퍼레이션","336","12940","12604","2919210","115374520","112455310"
"136410","아셈스","0","8494","8494","0","111963900","111963900"
"051370","인터플렉스","3","7000","6997","46350","107100000","107053650"
"092190","서울바이오시스","731","13684","12953","5803520","109791990","103988470"
"211270","AP위성","0","6662","6662","0","103679100","103679100"
"078020","이베스트투자증권","1139","15053","13914","8080950","106887600","98806650"
"023910","대한약품","0","3350","3350","0","93431150","93431150"
"066980","이엔코퍼레이션","0","25010","25010","0","92073030","92073030"
"100120","뷰웍스","131","2490","2359","5093050","96993750","91900700"
"204270","제이앤티씨","673","15925","15252","4010810","94822250","90811440"
"150900","파수","0","8359","8359","0","85200450","85200450"
"243840","신흥에스이씨","324","1707","1383","19358300","102252300","82894000"
"900290","GRT","0","68085","68085","0","81381725","81381725"
"052670","제일바이오","0","34024","34024","0","79616215","79616215"
"083310","엘오티베큠","0","5452","5452","0","77107550","77107550"
"225570","넥슨게임즈","849","4853","4004","16178450","92090200","75911750"
"040610","SG&G","17099","42963","25864","48002330","121633260","73630930"
"298870","다올인베스트먼트","19488","37424","17936","78108040","150169710","72061670"
"027360","아주IB투자","26845","46514","19669","92068130","159823545","67755415"
"290270","휴네시온","0","11055","11055","0","62605160","62605160"
"297090","씨에스베어링","1155","5981","4826","14329850","75525800","61195950"
"222810","마이더스AI","17923","68580","50657","26701690","87284480","60582790"
"035890","서희건설","1037","35607","34570","1787225","61733820","59946595"
"361570","알비더블유","0","3200","3200","0","55489150","55489150"
"093320","케이아이엔엑스","1784","2793","1009","94996800","149739800","54743000"
"237750","피앤씨테크","905","7996","7091","7009570","61088360","54078790"
"096240","크레버스","4","1857","1853","112800","52492400","52379600"
"123860","아나패스","0","2002","2002","0","48650750","48650750"
"032940","원익","0","10392","10392","0","48534530","48534530"
"321820","와이더플래닛","0","4150","4150","0","48341650","48341650"
"073560","우리손에프앤지","0","20265","20265","0","47714575","47714575"
"170030","현대공업","2","5919","5917","16840","46966260","46949420"
"009520","포스코엠텍","0","7068","7068","0","46467320","46467320"
"251120","바이오에프디엔씨","1477","3497","2020","33542550","79164250","45621700"
"094360","칩스앤미디어","0","2340","2340","0","45221400","45221400"
"119830","아이텍","410","5000","4590","3639620","46141670","42502050"
"089890","코세스","97","4024","3927","1028200","43040450","42012250"
"035810","이지홀딩스","0","8811","8811","0","38518070","38518070"
"040420","정상제이엘에스","0","5000","5000","0","38212720","38212720"
"033100","제룡전기","16070","23276","7206","91998700","129154490","37155790"
"045100","한양이엔지","4342","6611","2269","71210000","108292550","37082550"
"273640","와이엠텍","5201","7225","2024","93634050","129271900","35637850"
"092730","네오팜","216","1687","1471","5054500","39572950","34518450"
"054180","메디콕스","0","54104","54104","0","34179394","34179394"
"226360","KH 건설","37650","75070","37420","35243501","69200694","33957193"
"118990","모트렉스","0","1000","1000","0","33216550","33216550"
"003310","대주산업","1","10275","10274","3195","33034125","33030930"
"260970","에스앤디","200","1900","1700","3872500","36694950","32822450"
"134580","탑코미디어","0","3440","3440","0","32026780","32026780"
"106240","파인테크닉스","20208","22743","2535","238388400","269881700","31493300"
"068760","셀트리온제약","19692","20024","332","1485029300","1516493200","31463900"
"058630","엠게임","182","3529","3347","1676310","32607720","30931410"
"067900","와이엔텍","775","3209","2434","9315650","38633200","29317550"
"128660","피제이메탈","0","4829","4829","0","28467870","28467870"
"353590","오토앤","0","2058","2058","0","27109800","27109800"
"415580","상상인제3호스팩","0","12404","12404","0","26854320","26854320"
"036890","진성티이씨","834","3020","2186","9868850","36036700","26167850"
"290720","푸드나무","0","1000","1000","0","26157000","26157000"
"012700","리드코프","4327","7081","2754","38857660","63641650","24783990"
"052260","현대바이오랜드","0","1540","1540","0","23904150","23904150"
"049950","미래컴퍼니","2","1000","998","48200","23904150","23855950"
"053350","이니텍","0","5333","5333","0","23591240","23591240"
"299900","위지윅스튜디오","970","1812","842","26186850","48865450","22678600"
"065680","우주일렉트로","0","830","830","0","22671050","22671050"
"048260","오스템임플란트","10499","10701","202","1106690900","1129102400","22411500"
"127120","디엔에이링크","726","5627","4901","3175035","24792740","21617705"
"031330","에스에이엠티","8046","12769","4723","36699760","58185955","21486195"
"367480","유안타제8호스팩","2000","11750","9750","4392565","25772620","21380055"
"138580","비즈니스온","0","2000","2000","0","21295650","21295650"
"214310","에스엘바이오닉스","0","4926","4926","0","20381835","20381835"
"203450","유니온커뮤니티","0","5336","5336","0","19996240","19996240"
"053450","세코닉스","0","2000","2000","0","19934250","19934250"
"404950","DB금융스팩10호","4000","12784","8784","8685845","27753200","19067355"
"108490","로보티즈","0","1000","1000","0","18803400","18803400"
"277880","티에스아이","116","1684","1568","1324150","19297000","17972850"
"950190","미투젠","6","1009","1003","106200","17848250","17742050"
"171010","램테크놀러지","148","2407","2259","1127300","18152400","17025100"
"164060","이루다","0","3000","3000","0","16650000","16650000"
"073640","테라사이언스","0","8000","8000","0","16605000","16605000"
"068930","디지털대성","732","2746","2014","5771010","21701880","15930870"
"294090","이오플로우","198","936","738","4236200","20031700","15795500"
"027050","코리아나","174","4007","3833","688170","15937810","15249640"
"032300","한국파마","175","638","463","5603050","20320950","14717900"
"088390","이녹스","42","773","731","847150","15449750","14602600"
"397880","교보11호스팩","2000","8681","6681","4347185","18854300","14507115"
"412930","미래에셋비전스팩1호","3912","10460","6548","8530535","22856445","14325910"
"214260","라파스","600","1003","403","20970400","35279800","14309400"
"115960","연우","32","696","664","688000","14939250","14251250"
"175250","아이큐어","240","1500","1260","2684650","16764000","14079350"
"303030","지니틱스","0","5000","5000","0","13829585","13829585"
"317870","엔바이오니아","0","1000","1000","0","12500000","12500000"
"306620","네온테크","0","2746","2746","0","12288350","12288350"
"019210","와이지-원","109","1502","1393","959250","13212970","12253720"
"228850","레이언스","2000","3000","1000","22865800","34404200","11538400"
"241710","코스메카코리아","57","935","878","738450","12059700","11321250"
"251970","펌텍코리아","30","643","613","549000","11715850","11166850"
"215360","우리산업","78","696","618","1377800","12107400","10729600"
"277070","린드먼아시아","0","1991","1991","0","10562210","10562210"
"272110","케이엔제이","0","776","776","0","10478300","10478300"
"315640","딥노이드","500","1476","976","5213050","15597350","10384300"
"159580","제로투세븐","57","1206","1149","518130","10779260","10261130"
"370090","퓨런티어","0","600","600","0","9924000","9924000"
"059100","아이컴포넌트","0","1300","1300","0","9402000","9402000"
"024120","KB오토시스","15596","16843","1247","141868660","150910560","9041900"
"049630","재영솔루텍","0","10000","10000","0","9007744","9007744"
"147830","제룡산업","304","2824","2520","1074090","9975995","8901905"
"391060","엔에이치스팩20호","0","3912","3912","0","8398970","8398970"
"053980","오상자이엘","0","1303","1303","0","8239830","8239830"
"366330","신한제7호스팩","0","3744","3744","0","8183230","8183230"
"031860","엔에스엔","0","5000","5000","0","7980000","7980000"
"126340","비나텍","14","213","199","563600","8521100","7957500"
"109820","진매트릭스","1910","3381","1471","9965630","17660700","7695070"
"042420","네오위즈홀딩스","42","267","225","1362700","8728600","7365900"
"182360","큐브엔터","331","797","466","5098650","12135350","7036700"
"064820","케이프","7","1517","1510","33110","7069630","7036520"
"290090","트윔","0","400","400","0","6935500","6935500"
"160550","NEW","1190","2059","869","9131630","15904450","6772820"
"336570","대신밸런스제8호스팩","0","1618","1618","0","6755985","6755985"
"289220","자이언트스텝","493","759","266","12085900","18695700","6609800"
"098120","마이크로컨텍솔","0","500","500","0","6250000","6250000"
"053160","프리엠스","779","1360","581","8722450","14775800","6053350"
"367360","DB금융스팩9호","0","2742","2742","0","5929745","5929745"
"043220","티에스넥스젠","4079","7945","3866","6317275","11893260","5575985"
"092460","한라IMS","0","1000","1000","0","5510000","5510000"
"091440","텔레필드","116","1386","1270","476070","5741755","5265685"
"365270","큐라클","11992","11525","-467","258885200","264128050","5242850"
"096350","대창솔루션","0","10000","10000","0","5040000","5040000"
"102120","어보브반도체","0","367","367","0","4945550","4945550"
"141000","비아트론","0","469","469","0","4897600","4897600"
"340350","SK6호스팩","0","1850","1850","0","4054215","4054215"
"046120","오르비텍","0","529","529","0","3892720","3892720"
"064850","에프앤가이드","0","455","455","0","3844410","3844410"
"142280","녹십자엠에스","365","856","491","2418010","6178600","3760590"
"330730","스톤브릿지벤처스","466","1000","534","3223740","6910000","3686260"
"377400","하이제6호스팩","0","1631","1631","0","3565890","3565890"
"347770","핌스","0","180","180","0","3366000","3366000"
"061250","화일약품","0","1180","1180","0","3330600","3330600"
"038290","마크로젠","100","220","120","2620100","5815100","3195000"
"088910","동우팜투테이블","0","1000","1000","0","3175000","3175000"
"020400","대동금속","0","291","291","0","3157350","3157350"
"067390","아스트","63","527","464","408340","3387240","2978900"
"361390","제노코","0","100","100","0","2908750","2908750"
"214430","아이쓰리시스템","34","181","147","663200","3546550","2883350"
"099320","쎄트렉아이","68","127","59","3124600","5845800","2721200"
"065350","신성델타테크","18","233","215","220500","2848800","2628300"
"367340","DB금융스팩8호","27","1234","1207","58590","2683815","2625225"
"078940","코드네이처","1100","2600","1500","1832500","4390550","2558050"
"406760","하나금융21호스팩","3000","4116","1116","6516020","8941110","2425090"
"222040","코스맥스엔비티","0","375","375","0","2227790","2227790"
"363250","진시스템","0","200","200","0","2145200","2145200"
"372290","하나머스트7호스팩","0","971","971","0","2126490","2126490"
"068940","아이씨케이","0","560","560","0","2061780","2061780"
"130500","GH신소재","0","393","393","0","1916670","1916670"
"377480","마인즈랩","0","100","100","0","1825000","1825000"
"388720","유일로보틱스","0","100","100","0","1815000","1815000"
"259630","엠플러스","15","116","101","248250","1933000","1684750"
"024940","PN풍년","315","648","333","1671190","3349730","1678540"
"238120","얼라인드","35","196","161","342460","1888010","1545550"
"048550","SM C&C","272","602","330","1182140","2609470","1427330"
"388800","유진스팩7호","0","645","645","0","1412550","1412550"
"064260","다날","1047","1201","154","8979280","10329070","1349790"
"129890","앱코","0","100","100","0","1310000","1310000"
"092070","디엔에프","0","61","61","0","1309850","1309850"
"078160","메디포스트","43","102","59","918750","2198100","1279350"
"264660","씨앤지하이테크","0","101","101","0","1252400","1252400"
"226950","올릭스","4","66","62","80200","1323500","1243300"
"043610","지니뮤직","227","489","262","1064105","2295940","1231835"
"083790","크리스탈지노믹스","184","422","238","849190","1942155","1092965"
"082920","비츠로셀","0","93","93","0","1079050","1079050"
"290670","대보마그네틱","48","71","23","2203500","3203850","1000350"
"079190","케스피온","1628","2239","611","2439030","3388100","949070"
"342550","케이비제20호스팩","0","433","433","0","948270","948270"
"206640","바디텍메드","56","118","62","779350","1663650","884300"
"216080","제테마","39","90","51","669650","1552500","882850"
"377030","맥스트","204","263","59","2932500","3750400","817900"
"357580","아모센스","50","99","49","836650","1603800","767150"
"142760","비엘","2480","2622","142","15279600","16040580","760980"
"264450","유비쿼스","6652","6620","-32","162541400","163290950","749550"
"302430","이노메트리","20","76","56","254000","961550","707550"
"089140","넥스턴바이오","0","200","200","0","698000","698000"
"086890","이수앱지스","65","159","94","458700","1149450","690750"
"348150","고바이오랩","28","73","45","424850","1113250","688400"
"093520","매커스","1773","1773","0","18802300","19428600","626300"
"032620","유비케어","71","164","93","456440","1059500","603060"
"263050","유틸렉스","27","70","43","357050","920550","563500"
"286750","나노브릭","0","200","200","0","525500","525500"
"086980","쇼박스","165","265","100","857710","1371200","513490"
"382800","지앤비에스엔지니어링","0","32","32","0","459200","459200"
"091580","상신이디피","139","165","26","2222600","2605400","382800"
"054780","키이스트","83","121","38","814810","1183840","369030"
"298060","에스씨엠생명과학","0","30","30","0","334500","334500"
"040910","아이씨디","6","33","27","60300","330100","269800"
"094850","참좋은여행","383","405","22","4746800","5014950","268150"
"214870","뉴지랩파마","0","29","29","0","255780","255780"
"393360","신한제8호스팩","0","115","115","0","251850","251850"
"002680","한탑","4142","4142","0","9065490","9289720","224230"
"030520","한글과컴퓨터","2","10","8","40200","199950","159750"
"058400","KNN","0","125","125","0","153125","153125"
"090850","현대이지웰","0","15","15","0","146570","146570"
"033130","디지틀조선","0","44","44","0","128055","128055"
"099750","이지케어텍","0","3","3","0","112350","112350"
"353810","이지바이오","270","290","20","1404880","1510400","105520"
"067280","멀티캠퍼스","0","2","2","0","91500","91500"
"084730","팅크웨어","1","6","5","16700","99050","82350"
"136480","하림","0","19","19","0","65265","65265"
"377630","삼성스팩4호","1262","1262","0","6009045","6072325","63280"
"234100","폴라리스세원","9223","9000","-223","26618700","26676935","58235"
"027710","팜스토리","0","16","16","0","57680","57680"
"303530","이노뎁","0","3","3","0","54300","54300"
"025320","시노펙스","85","103","18","231625","279370","47745"
"030350","드래곤플라이","27","46","19","55080","96030","40950"
"025950","동신건설","174","174","0","4157500","4196300","38800"
"012340","뉴인텍","0","9","9","0","28345","28345"
"072020","중앙백신","0","2","2","0","27000","27000"
"094170","동운아나텍","3","8","5","16170","43040","26870"
"023770","플레이위드","7","9","2","90650","117150","26500"
"037400","우리엔터프라이즈","0","9","9","0","25875","25875"
"069510","에스텍","0","3","3","0","24210","24210"
"082850","우리바이오","0","6","6","0","22900","22900"
"279600","미디어젠","90","92","2","990600","1012850","22250"
"115160","휴맥스","0","5","5","0","21805","21805"
"123040","엠에스오토텍","0","3","3","0","15390","15390"
"053700","삼보모터스","0","3","3","0","15300","15300"
"033160","엠케이전자","0","1","1","0","14350","14350"
"124500","아이티센","0","3","3","0","14275","14275"
"049480","오픈베이스","1041","1041","0","3554935","3568890","13955"
"047310","파워로직스","1","3","2","6880","20730","13850"
"065130","탑엔지니어링","0","2","2","0","12980","12980"
"114450","KPX생명과학","0","2","2","0","11020","11020"
"067170","오텍","0","1","1","0","8700","8700"
"064800","젬백스링크","0","4","4","0","6150","6150"
"049180","셀루메드","0","1","1","0","5120","5120"
"011370","서한","29","31","2","45385","48725","3340"
"040350","큐로컴","0","1","1","0","1105","1105"
"005860","한일사료","1","1","0","7730","7820","90"
"071200","인피니트헬스케어","2","2","0","13060","13140","80"
"121850","코이즈","6","6","0","21240","21270","30"
"338220","뷰노","1","1","0","9820","9790","-30"
"072470","우리산업홀딩스","11","11","0","54210","54145","-65"
"122310","제노레이","2","2","0","20100","20000","-100"
"214610","미코바이오메드","2","2","0","14000","13890","-110"
"042520","한스바이오메드","1","1","0","10450","10250","-200"
"189330","씨이랩","3","3","0","52350","52100","-250"
"128540","에코캡","6","6","0","59090","58750","-340"
"229000","젠큐릭스","1","1","0","13550","13200","-350"
"051980","중앙디앤엠","2","0","-2","1858","0","-1858"
"099220","SDN","1","0","-1","1865","0","-1865"
"200230","텔콘RF제약","2","1","-1","3860","1925","-1935"
"037330","인지디스플레","1","0","-1","2260","0","-2260"
"078150","HB테크놀러지","2","1","-1","4580","2255","-2325"
"039560","다산네트웍스","23","23","0","173420","170610","-2810"
"192250","케이사인","2","0","-2","4240","0","-4240"
"052220","iMBC","2","1","-1","8460","4210","-4250"
"074430","아미노로직스","2","0","-2","4310","0","-4310"
"196490","디에이테크놀로지","1","0","-1","4335","0","-4335"
"020180","대신정보통신","2147","2147","0","2892395","2887715","-4680"
"195990","에이비프로바이오","6","1","-5","5634","917","-4717"
"144960","뉴파워프라즈마","1","0","-1","4860","0","-4860"
"038880","아이에이","6","1","-5","5850","975","-4875"
"003800","에이스침대","10","10","0","424000","418000","-6000"
"317690","퀀타매트릭스","2","1","-1","12480","6220","-6260"
"032820","우리기술","3","0","-3","6360","0","-6360"
"036030","케이티알파","1","0","-1","6470","0","-6470"
"093190","빅솔론","1","0","-1","6920","0","-6920"
"046210","파나진","5","3","-2","18875","11260","-7615"
"100590","머큐리","6","5","-1","48240","40500","-7740"
"016920","카스","267","267","0","747600","739590","-8010"
"032850","비트컴퓨터","3","2","-1","24690","16480","-8210"
"048870","시너지이노베이션","7","5","-2","27860","19565","-8295"
"227100","에이치앤비디자인","116","116","0","483005","474680","-8325"
"024950","삼천리자전거","2","1","-1","17560","8690","-8870"
"185490","아이진","1","0","-1","9060","0","-9060"
"087010","펩트론","1","0","-1","9100","0","-9100"
"148250","알엔투테크놀로지","6","5","-1","59820","50600","-9220"
"256630","포인트엔지니어링","8","5","-3","26200","16270","-9930"
"005160","동국산업","12","9","-3","40295","30275","-10020"
"304840","피플바이오","2","1","-1","20100","10050","-10050"
"080220","제주반도체","2","0","-2","10520","0","-10520"
"215790","이노인스트루먼트","27","22","-5","54270","43180","-11090"
"037460","삼지전자","12","11","-1","139800","128600","-11200"
"104540","코렌텍","2","1","-1","23000","11450","-11550"
"156100","엘앤케이바이오","2","1","-1","23800","12100","-11700"
"052020","에스티큐브","2","0","-2","11720","0","-11720"
"039860","나노엔텍","4","2","-2","23440","11620","-11820"
"242040","나무기술","23","18","-5","54970","42755","-12215"
"034810","해성산업","1","0","-1","12350","0","-12350"
"053300","한국정보인증","6","4","-2","36900","24300","-12600"
"049080","기가레인","48","42","-6","109440","96600","-12840"
"004650","창해에탄올","1","0","-1","13950","0","-13950"
"117670","알파홀딩스","19","14","-5","53200","38870","-14330"
"041460","한국전자인증","2","0","-2","14500","0","-14500"
"069410","엔텔스","8","6","-2","62640","46650","-15990"
"230980","에이트원","39","24","-15","42900","26715","-16185"
"263700","케어랩스","3","1","-2","24540","8030","-16510"
"095190","이엠코리아","63","58","-5","213570","196850","-16720"
"052790","액토즈소프트","41","39","-2","431400","414550","-16850"
"024740","한일단조","2452","2452","0","7937210","7919675","-17535"
"078070","유비쿼스홀딩스","1","0","-1","18550","0","-18550"
"347860","알체라","9","8","-1","161100","142200","-18900"
"126700","하이비젼시스템","1","0","-1","19200","0","-19200"
"277810","레인보우로보틱스","1","0","-1","19900","0","-19900"
"138610","나이벡","2","1","-1","40200","20050","-20150"
"155650","와이엠씨","5","2","-3","35000","13800","-21200"
"108860","셀바스AI","5","2","-3","34900","13630","-21270"
"290550","디케이티","8","6","-2","97600","73950","-23650"
"173130","오파스넷","1659","1659","0","7761210","7732525","-28685"
"041930","동아화성","18","15","-3","191550","159300","-32250"
"245620","EDGC","10","1","-9","36300","3635","-32665"
"025880","케이씨피드","826","826","0","3580585","3547030","-33555"
"214180","민앤지","4","2","-2","70200","34950","-35250"
"037370","EG","13","10","-3","150150","114350","-35800"
"061040","알에프텍","26","20","-6","158080","120450","-37630"
"225220","제놀루션","5","2","-3","64250","25200","-39050"
"090360","로보스타","2","0","-2","43000","0","-43000"
"044340","위닉스","6","3","-3","87000","43600","-43400"
"072870","메가스터디","8","4","-4","90400","45400","-45000"
"105740","디케이락","12","8","-4","138350","92000","-46350"
"217330","싸이토젠","1","0","-1","59600","0","-59600"
"300120","라온피플","6","0","-6","73050","0","-73050"
"046140","SBS콘텐츠허브","50","40","-10","379650","306400","-73250"
"013810","스페코","641","641","0","4764820","4685720","-79100"
"207760","미스터블루","101","89","-12","730470","649290","-81180"
"126880","제이엔케이히터","45","31","-14","268200","186560","-81640"
"216050","인크로스","3","0","-3","102300","0","-102300"
"095910","에스에너지","53","24","-29","191595","86410","-105185"
"038010","제일테크노스","4152","4152","0","33515110","33409380","-105730"
"079960","동양이엔피","7","0","-7","112300","0","-112300"
"023900","풍국주정","14","7","-7","233100","116200","-116900"
"094480","갤럭시아머니트리","19","2","-17","141170","15030","-126140"
"119850","지엔씨에너지","44","17","-27","215630","83100","-132530"
"082210","옵트론텍","29","5","-24","182120","31270","-150850"
"201490","미투온","307","272","-35","1556400","1393730","-162670"
"140670","알에스오토메이션","1095","1095","0","16956750","16789950","-166800"
"220260","켐트로스","320","297","-23","2691280","2472900","-218380"
"343510","하나금융16호스팩","1016","908","-108","2225015","1988070","-236945"
"067570","엔브이에이치코리아","57","0","-57","250470","0","-250470"
"299170","더블유에스아이","101","0","-101","262600","0","-262600"
"123420","위메이드플레이","76","65","-11","1997450","1707900","-289550"
"348030","모비릭스","56","33","-23","845150","499250","-345900"
"032960","동일기연","28","0","-28","345950","0","-345950"
"048910","대원미디어","75","49","-26","1047250","690100","-357150"
"047080","한빛소프트","244","156","-88","1024685","664295","-360390"
"088130","동아엘텍","44","0","-44","378790","0","-378790"
"049960","쎌바이오텍","24","0","-24","381200","0","-381200"
"206400","베노홀딩스","258","180","-78","1253810","868830","-384980"
"083660","CSA 코스믹","200","0","-200","409850","0","-409850"
"100130","동국S&C","104","19","-85","527330","95980","-431350"
"123410","코리아에프티","176","0","-176","546765","0","-546765"
"171120","라이온켐텍","70","0","-70","550390","0","-550390"
"388220","하나금융19호스팩","1000","681","-319","2185000","1490960","-694040"
"043370","피에이치에이","79","2","-77","716540","18180","-698360"
"254120","자비스","319","0","-319","706270","0","-706270"
"261200","덴티스","88","0","-88","749760","0","-749760"
"122450","KMH","229","140","-89","1963280","1205300","-757980"
"065060","지엔코","1131","0","-1131","825619","0","-825619"
"045520","크린앤사이언스","65","1","-64","859550","13050","-846500"
"122350","삼기","234","3","-231","871590","11140","-860450"
"068790","DMS","162","0","-162","984490","0","-984490"
"018310","삼목에스폼","43","0","-43","1021150","0","-1021150"
"205500","액션스퀘어","581","243","-338","1965730","828490","-1137240"
"217270","넵튠","290","202","-88","4078400","2847900","-1230500"
"065660","안트로젠","130","68","-62","2712200","1423600","-1288600"
"174880","장원테크","776","0","-776","1356260","0","-1356260"
"130580","나이스디앤비","148","2","-146","1375860","18660","-1357200"
"357880","비트나인","300","200","-100","3854150","2460000","-1394150"
"203650","드림시큐리티","390","0","-390","1458600","0","-1458600"
"311690","CJ 바이오사이언스","43","1","-42","1538350","35450","-1502900"
"008290","원풍물산","1514","0","-1514","1526104","0","-1526104"
"377330","이지트로닉스","100","0","-100","1680300","0","-1680300"
"158430","아톤","63","0","-63","1870550","0","-1870550"
"063570","한국전자금융","332","0","-332","1891670","0","-1891670"
"299030","하나기술","149","113","-36","8238500","6219300","-2019200"
"396770","엔에이치스팩22호","930","0","-930","2041350","0","-2041350"
"308080","바이젠셀","100","0","-100","2078250","0","-2078250"
"391710","엔에이치스팩21호","859","0","-859","2083075","0","-2083075"
"066130","하츠","4037","3802","-235","35992700","33874980","-2117720"
"056080","유진로봇","349","0","-349","2125410","0","-2125410"
"200470","에이팩트","361","0","-361","2265550","0","-2265550"
"228670","레이","266","159","-107","5816500","3490250","-2326250"
"056090","에디슨INNO","251","0","-251","2538000","0","-2538000"
"099430","바이오플러스","111","0","-111","2658450","0","-2658450"
"258830","세종메디칼","707","2","-705","2690585","7495","-2683090"
"038070","서린바이오","196","0","-196","2700700","0","-2700700"
"023440","제이스코홀딩스","1068","9","-1059","2733320","23400","-2709920"
"038390","레드캡투어","772","637","-135","16205200","13485950","-2719250"
"011040","경동제약","294","0","-294","2880150","0","-2880150"
"039740","한국정보공학","652","0","-652","2989885","0","-2989885"
"052330","코텍","289","2","-287","3028200","21300","-3006900"
"013120","동원개발","639","14","-625","3111570","68290","-3043280"
"049830","승일","252","0","-252","3108600","0","-3108600"
"115440","우리넷","321","4","-317","3148860","39100","-3109760"
"353060","에이치엠씨제5호스팩","3000","1515","-1485","6473815","3274005","-3199810"
"232140","와이아이케이","964","337","-627","5030670","1736640","-3294030"
"047920","HLB제약","22942","22631","-311","308658500","305105600","-3552900"
"065530","와이어블","1200","0","-1200","3840000","0","-3840000"
"089010","켐트로닉스","161","1","-160","3888900","24400","-3864500"
"016250","SGC이테크건설","75","0","-75","3932100","0","-3932100"
"056360","코위버","507","0","-507","4157400","0","-4157400"
"034940","조아제약","14102","14102","0","49601160","45440895","-4160265"
"400840","하이제7호스팩","3000","1033","-1967","6481570","2235825","-4245745"
"076080","웰크론한텍","2372","1234","-1138","9231330","4812600","-4418730"
"192410","THQ","37453","37453","0","160963040","156178715","-4784325"
"217730","강스템바이오텍","7781","6492","-1289","28509695","23633155","-4876540"
"043360","디지아이","1800","415","-1385","6529035","1547545","-4981490"
"005710","대원산업","830","0","-830","5039530","0","-5039530"
"354200","엔젠바이오","501","1","-500","5233500","10300","-5223200"
"353490","미래에셋대우스팩 5호","5029","2456","-2573","10913505","5370685","-5542820"
"340570","티앤엘","149","1","-148","5617300","37450","-5579850"
"321550","티움바이오","458","106","-352","7306800","1680500","-5626300"
"038870","에코바이오","768","2","-766","5660160","15050","-5645110"
"405640","신한제9호스팩","73902","70985","-2917","160980000","154796310","-6183690"
"204630","스튜디오산타클로스","1495","872","-623","16938650","10573900","-6364750"
"089970","에이피티씨","451","134","-317","9088150","2676350","-6411800"
"033320","제이씨현시스템","1000","0","-1000","6500000","0","-6500000"
"409570","한국제10호스팩","3000","0","-3000","6575960","0","-6575960"
"340440","세림B&G","7796","5502","-2294","22038945","15045235","-6993710"
"126640","화신정공","3383","0","-3383","7001580","0","-7001580"
"226330","신테카바이오","605","1","-604","7320750","12050","-7308700"
"149950","아바텍","413","0","-413","7378500","0","-7378500"
"322180","티라유텍","699","0","-699","7397900","0","-7397900"
"084650","랩지노믹스","1033","1","-1032","7468750","7280","-7461470"
"199800","툴젠","227","100","-127","13677400","6183800","-7493600"
"046970","우리로","4243","0","-4243","7541820","0","-7541820"
"347140","케이프이에스제4호","4000","422","-3578","8568615","906400","-7662215"
"043150","바텍","263","49","-214","9540100","1783250","-7756850"
"225590","패션플랫폼","3950","0","-3950","7939500","0","-7939500"
"353190","휴럼","5208","0","-5208","8321665","0","-8321665"
"307870","비투엔","3469","0","-3469","8820465","0","-8820465"
"066430","와이오엠","3604","0","-3604","9071095","0","-9071095"
"079370","제우스","360","0","-360","9178400","0","-9178400"
"236810","엔비티","500","0","-500","9217500","0","-9217500"
"382840","원준","101","11","-90","10457300","1140200","-9317100"
"121800","비덴트","815","2","-813","9486200","23200","-9463000"
"051360","토비스","2016","1000","-1016","19010880","9420990","-9589890"
"270870","뉴트리","651","0","-651","10883900","0","-10883900"
"203400","에이비온","2573","1000","-1573","18214500","7244610","-10969890"
"353070","에이치엠씨제4호스팩","5566","434","-5132","11994745","939405","-11055340"
"101360","이엔드디","594","174","-420","16222600","4733100","-11489500"
"222980","한국맥널티","1524","0","-1524","11803900","0","-11803900"
"413630","유진스팩8호","8912","3075","-5837","19216425","6689625","-12526800"
"204620","글로벌텍스프리","4500","0","-4500","12549975","0","-12549975"
"149980","하이로닉","1401","0","-1401","12580980","0","-12580980"
"073540","에프알텍","3279","5","-3274","13157315","19605","-13137710"
"190650","코리아에셋투자증권","1206","0","-1206","13225400","0","-13225400"
"322310","오로스테크놀로지","678","0","-678","13566950","0","-13566950"
"253840","수젠텍","8388","7251","-1137","101543200","87863750","-13679450"
"072990","에이치시티","1105","3","-1102","14199250","38600","-14160650"
"267320","나인테크","8890","4128","-4762","26695525","12464000","-14231525"
"096640","멜파스","8506","0","-8506","14391295","0","-14391295"
"376930","노을","2317","0","-2317","14574210","0","-14574210"
"355150","교보10호스팩","6599","0","-6599","14589530","0","-14589530"
"086960","한컴MDS","657","0","-657","14639300","0","-14639300"
"189980","흥국에프엔비","4050","0","-4050","14715715","0","-14715715"
"032980","바이온","9470","0","-9470","14797045","0","-14797045"
"305090","마이크로디지탈","1001","1","-1000","15039500","15350","-15024150"
"090710","휴림로봇","5026","26","-5000","16105905","80650","-16025255"
"079940","가비아","4343","3103","-1240","57056500","40837350","-16219150"
"251630","브이원텍","1783","0","-1783","16573890","0","-16573890"
"081150","티플랙스","2942","0","-2942","16582400","0","-16582400"
"101240","씨큐브","2681","0","-2681","18627000","0","-18627000"
"017890","한국알콜","1550","0","-1550","18641800","0","-18641800"
"039830","오로라","2206","0","-2206","20166100","0","-20166100"
"294630","서남","6980","0","-6980","20860000","0","-20860000"
"014200","광림","8188","88","-8100","21173800","205035","-20968765"
"332570","와이팜","4140","19","-4121","21397810","99320","-21298490"
"357230","에이치피오","1926","0","-1926","22177250","0","-22177250"
"045340","토탈소프트","3055","130","-2925","23196690","977600","-22219090"
"036190","금화피에스시","740","2","-738","22538050","61200","-22476850"
"031980","피에스케이홀딩스","1769","9","-1760","23134650","116650","-23018000"
"018700","바른손","7000","0","-7000","23128385","0","-23128385"
"137080","나래나노텍","2146","0","-2146","23279100","0","-23279100"
"060590","씨티씨바이오","2310","0","-2310","23295920","0","-23295920"
"140070","서플러스글로벌","20000","15000","-5000","98328260","74369050","-23959210"
"060240","룽투코리아","4281","155","-4126","24890330","905880","-23984450"
"054930","유신","1142","0","-1142","24566750","0","-24566750"
"327260","RF머트리얼즈","2000","0","-2000","25350000","0","-25350000"
"126600","코프라","3066","2","-3064","25378610","16840","-25361770"
"136540","윈스","1599","8","-1591","26260350","131900","-26128450"
"021880","메이슨캐피탈","28863","1611","-27252","27738303","1493136","-26245167"
"288620","에스퓨얼셀","946","7","-939","26523650","191650","-26332000"
"121440","골프존뉴딘홀딩스","3070","0","-3070","26478460","0","-26478460"
"016600","큐캐피탈","36047","0","-36047","26766258","0","-26766258"
"224110","에이텍티앤","2238","0","-2238","28233000","0","-28233000"
"011560","세보엠이씨","3684","128","-3556","29394540","1042540","-28352000"
"108380","대양전기공업","2055","0","-2055","28710300","0","-28710300"
"274090","켄코아에어로스페이스","2076","197","-1879","32096950","3062600","-29034350"
"045660","에이텍","2332","0","-2332","29850350","0","-29850350"
"036560","영풍정밀","3246","0","-3246","30821960","0","-30821960"
"047560","이스트소프트","13174","9917","-3257","141509000","107881550","-33627450"
"348210","넥스틴","2620","2097","-523","176879100","142558800","-34320300"
"267980","매일유업","3825","3298","-527","258422200","223138400","-35283800"
"036800","나이스정보통신","1228","1","-1227","35414250","28950","-35385300"
"349720","이베스트스팩5호","17553","426","-17127","37865145","920395","-36944750"
"041590","플래스크","20153","153","-20000","41415930","314415","-41101515"
"083500","에프엔에스테크","4198","0","-4198","41908260","0","-41908260"
"331920","셀레믹스","5300","0","-5300","44353140","0","-44353140"
"101170","우림피티에스","8937","0","-8937","46388690","0","-46388690"
"243070","휴온스","8066","6834","-1232","310818900","264230650","-46588250"
"046440","KG모빌리언스","5215","106","-5109","47855380","963050","-46892330"
"010240","흥국","6055","0","-6055","47221910","0","-47221910"
"182400","엔케이맥스","12038","9527","-2511","243843050","194283350","-49559700"
"110790","크리스에프앤씨","1260","0","-1260","50858700","0","-50858700"
"267790","배럴","6562","2205","-4357","78113600","25919550","-52194050"
"054670","대한뉴팜","4512","0","-4512","52850800","0","-52850800"
"127710","아시아경제","20000","0","-20000","52893555","0","-52893555"
"206560","덱스터","5190","1516","-3674","76335200","22598500","-53736700"
"063170","서울옥션","4638","2029","-2609","96707000","42424250","-54282750"
"122990","와이솔","5069","15","-5054","54955300","162450","-54792850"
"036200","유니셈","5567","0","-5567","56187490","0","-56187490"
"371950","풍원정밀","3139","0","-3139","56590400","0","-56590400"
"241790","오션브릿지","4002","2","-4000","59955600","29450","-59926150"
"017510","세명전기","25006","11775","-13231","114670485","51900100","-62770385"
"091120","이엠텍","6319","4660","-1659","250301350","186876250","-63425100"
"340360","다보링크","59560","24354","-35206","109479635","45743295","-63736340"
"104620","노랑풍선","6395","460","-5935","69229100","4978050","-64251050"
"039200","오스코텍","42600","39832","-2768","1066118750","1000003100","-66115650"
"019770","서연탑메탈","11855","0","-11855","67013170","0","-67013170"
"261780","차백신연구소","10000","0","-10000","68035640","0","-68035640"
"086040","바이오톡스텍","9635","1749","-7886","88526320","16459610","-72066710"
"334970","프레스티지바이오로직스","14030","2199","-11831","94369870","14819510","-79550360"
"196700","웹스","18431","0","-18431","80317945","0","-80317945"
"160980","싸이맥스","4890","1","-4889","81841200","16700","-81824500"
"053580","웹케시","7463","3301","-4162","149884100","65690750","-84193350"
"314130","지놈앤컴퍼니","4359","172","-4187","87816450","3444550","-84371900"
"062860","티엘아이","9675","0","-9675","85296960","0","-85296960"
"263750","펄어비스","83782","82134","-1648","4887735200","4799558500","-88176700"
"050760","에스폴리텍","20527","0","-20527","90436840","0","-90436840"
"064290","인텍플러스","5575","1500","-4075","138537150","37825000","-100712150"
"089850","유비벨록스","7374","0","-7374","101790250","0","-101790250"
"083930","아바코","8998","2","-8996","104852600","23550","-104829050"
"073490","이노와이어리스","2732","8","-2724","105243150","308650","-104934500"
"137950","제이씨케미칼","10507","1213","-9294","120062350","13524950","-106537400"
"323990","박셀바이오","15228","12991","-2237","717671700","608710650","-108961050"
"263720","디앤씨미디어","4728","458","-4270","121432150","11694300","-109737850"
"006730","서부T&D","40363","28626","-11737","399112030","283339460","-115772570"
"046390","삼화네트웍스","87861","59284","-28577","374681310","255631585","-119049725"
"058110","멕아이씨에스","17625","4","-17621","122342390","26800","-122315590"
"100790","미래에셋벤처투자","15823","1","-15822","123033870","7750","-123026120"
"010170","대한광통신","56805","42","-56763","124058190","91255","-123966935"
"290380","대유","22941","0","-22941","127522010","0","-127522010"
"194480","데브시스터즈","14958","12297","-2661","760793100","631801300","-128991800"
"068050","팬엔터테인먼트","32694","27","-32667","131979760","109765","-131869995"
"067000","조이시티","24122","589","-23533","136480250","3363800","-133116450"
"301300","바이브컴퍼니","3810","8","-3802","136020350","286800","-135733550"
"021080","에이티넘인베스트","57496","21671","-35825","222074720","83823900","-138250820"
"311320","지오엘리먼트","6800","100","-6700","140220100","1965000","-138255100"
"053800","안랩","10074","8799","-1275","1146511200","1002250500","-144260700"
"297890","HB솔루션","8676","0","-8676","145309850","0","-145309850"
"044060","조광ILI","16000","0","-16000","145500580","0","-145500580"
"053270","구영테크","32227","2018","-30209","156371890","9505555","-146866335"
"950220","네오이뮨텍","24500","0","-24500","150035000","0","-150035000"
"241840","에이스토리","24692","18590","-6102","619562100","468584000","-150978100"
"200350","래몽래인","13509","4563","-8946","229473500","77215000","-152258500"
"013310","아진산업","43439","1091","-42348","156654430","3736980","-152917450"
"419270","신영스팩7호","69884","0","-69884","154691615","0","-154691615"
"100660","서암기계공업","24533","3526","-21007","181343620","24964080","-156379540"
"200710","에이디테크놀로지","9600","109","-9491","160955500","1836850","-159118650"
"048830","엔피케이","63422","0","-63422","166685010","0","-166685010"
"076610","해성옵틱스","203526","35945","-167581","203392201","36182340","-167209861"
"348370","엔켐","5199","3075","-2124","423374400","249637100","-173737300"
"011320","유니크","25000","0","-25000","174792910","0","-174792910"
"036640","HRS","25804","0","-25804","186765490","0","-186765490"
"033500","동성화인텍","27528","10814","-16714","309223600","121936550","-187287050"
"119860","다나와","20829","10610","-10219","387057450","198270600","-188786850"
"228760","지노믹트리","16054","1","-16053","196576850","12150","-196564700"
"365590","하이딥","137011","2","-137009","197849465","2960","-197846505"
"260930","씨티케이","19207","1271","-17936","213800650","13839600","-199961050"
"200670","휴메딕스","11113","1","-11112","203538000","18450","-203519550"
"276040","스코넥","18629","1850","-16779","231713050","23073700","-208639350"
"330860","네패스아크","5315","137","-5178","222696900","5787500","-216909400"
"311390","네오크레마","13604","0","-13604","241140750","0","-241140750"
"174900","앱클론","20000","1081","-18919","256689150","13926600","-242762550"
"092870","엑시콘","24000","2878","-21122","294086950","34338400","-259748550"
"038110","에코플라스틱","76035","0","-76035","269320400","0","-269320400"
"237880","클리오","14944","72","-14872","271014950","1319100","-269695850"
"205470","휴마시스","20104","436","-19668","279998950","6041350","-273957600"
"102370","케이옥션","13974","252","-13722","291501700","5298100","-286203600"
"146320","비씨엔씨","12819","0","-12819","288076650","0","-288076650"
"239890","피엔에이치테크","12162","0","-12162","300806600","0","-300806600"
"288330","브릿지바이오테라퓨틱스","30000","1440","-28560","320697150","15809000","-304888150"
"104460","디와이피엔에프","9484","1","-9483","345328600","36300","-345292300"
"293780","압타바이오","35190","15072","-20118","604624400","257592250","-347032150"
"058970","엠로","24622","2665","-21957","396585900","43445150","-353140750"
"377450","리파인","27359","791","-26568","367816100","10568600","-357247500"
"257720","실리콘투","25500","0","-25500","375838250","0","-375838250"
"211050","인카금융서비스","25970","3850","-22120","472280400","65652700","-406627700"
"064760","티씨케이","14738","11754","-2984","2083605100","1675560000","-408045100"
"317330","덕산테코피아","19819","0","-19819","429808800","0","-429808800"
"086520","에코프로","30509","25166","-5343","2465074500","2034570800","-430503700"
"050890","쏠리드","65690","80","-65610","453584320","550240","-453034080"
"215000","골프존","3899","1207","-2692","672920300","208690700","-464229600"
"036010","아비코전자","71159","37216","-33943","994267300","501845500","-492421800"
"122870","와이지엔터테인먼트","63809","54078","-9731","3415161600","2896648500","-518513100"
"078890","가온미디어","52625","2974","-49651","566692400","32218000","-534474400"
"389140","포바이포","21148","700","-20448","561339400","18248800","-543090600"
"115450","HLB테라퓨틱스","55275","1587","-53688","557292990","13737360","-543555630"
"376980","원티드랩","23067","1971","-21096","649419250","56002550","-593416700"
"041440","현대에버다임","73690","10000","-63690","727637800","95650000","-631987800"
"067990","도이치모터스","68483","10","-68473","704104050","101700","-704002350"
"051160","지어소프트","46900","0","-46900","730784700","0","-730784700"
"049070","인탑스","35781","14449","-21332","1434841950","580102200","-854739750"
"095660","네오위즈","58124","9494","-48630","1138759300","188260850","-950498450"
"039440","에스티아이","49576","1901","-47675","1023335900","39458650","-983877250"
"278280","천보","12101","7433","-4668","3023754900","1856847800","-1166907100"
"039840","디오","57539","19155","-38384","1790497100","596795150","-1193701950"
"253590","네오셈","317578","12500","-305078","1268216410","51285000","-1216931410"
"063080","컴투스홀딩스","23470","4424","-19046","1506354900","285186400","-1221168500"
"035760","CJ ENM","35647","23909","-11738","3763503000","2531789500","-1231713500"
"376300","디어유","56431","18687","-37744","1886704500","626226800","-1260477700"
"366030","공구우먼","43166","149","-43017","1402359200","4680850","-1397678350"
"230360","에코마케팅","158958","68600","-90358","2515501500","1089013700","-1426487800"
"096530","씨젠","98491","63078","-35413","4049092950","2586307450","-1462785500"
"101160","월덱스","137283","48408","-88875","3485864700","1262451250","-2223413450"
"214150","클래시스","167934","38272","-129662","2950017650","673467900","-2276549750"
"293490","카카오게임즈","124126","64934","-59192","6809464000","3578541900","-3230922100"
"078340","컴투스","70880","14577","-56303","5677270800","1169838900","-4507431900"
"091990","셀트리온헬스케어","244729","139547","-105182","13492796700","7665097300","-5827699400"
"247540","에코프로비엠","46414","21507","-24907","20561161100","9583403500","-10977757600"