종목코드,종목명,거래량_매도,거래량_매수,거래량_순매수,거래대금_매도,거래대금_매수,거래대금_순매수
"112040","위메이드","29369","146112","116743","3177968100","15809442700","12631474600"
"247540","에코프로비엠","31516","54476","22960","11714782200","20298830800","8584048600"
"293490","카카오게임즈","54902","143232","88330","3997480700","10443459100","6445978400"
"036930","주성엔지니어링","168468","303079","134611","4289882000","7823328300","3533446300"
"051370","인터플렉스","24605","169286","144681","479458600","3344791700","2865333100"
"095660","네오위즈","4969","108315","103346","119507350","2654854950","2535347600"
"077360","덕산하이메탈","20112","164239","144127","345852350","2868060350","2522208000"
"063080","컴투스홀딩스","2888","14783","11895","383817000","1983528900","1599711900"
"122870","와이지엔터테인먼트","69471","90039","20568","4532504300","5869868000","1337363700"
"200670","휴메딕스","2","49885","49883","44300","1086872800","1086828500"
"054210","이랜텍","11818","74271","62453","179927750","1141719750","961792000"
"140860","파크시스템스","4956","11836","6880","587441500","1411928700","824487200"
"067160","아프리카TV","7188","12880","5692","985870700","1774248900","788378200"
"053800","안랩","8171","18989","10818","525831700","1230662500","704830800"
"058630","엠게임","4034","77904","73870","37538420","739480980","701942560"
"033500","동성화인텍","628","63816","63188","6925450","703561200","696635750"
"200130","콜마비앤에이치","14460","33587","19127","503619300","1187074500","683455200"
"067000","조이시티","244921","317379","72458","2232294970","2902010160","669715190"
"054780","키이스트","2292","53770","51478","28818050","674595150","645777100"
"035900","JYP Ent.","98135","110340","12205","4859478000","5466024350","606546350"
"092070","디엔에프","0","31159","31159","0","585307700","585307700"
"041510","에스엠","93391","100618","7227","6906548900","7455529000","548980100"
"241840","에이스토리","2522","20461","17939","75605650","612770950","537165300"
"160550","NEW","7279","55212","47933","76657200","590018150","513360950"
"046390","삼화네트웍스","24033","139843","115810","106547750","615889155","509341405"
"019210","와이지-원","4099","54925","50826","39724270","530614440","490890170"
"051500","CJ프레시웨이","3268","16098","12830","124031650","611858600","487826950"
"243070","휴온스","6381","15350","8969","295566300","721514400","425948100"
"215200","메가스터디교육","14555","19465","4910","1208377700","1620880000","412502300"
"149980","하이로닉","7500","45785","38285","79575000","474130350","394555350"
"041830","인바디","6228","20459","14231","153308100","507405850","354097750"
"352480","씨앤씨인터내셔널","842","15992","15150","19617700","373047550","353429850"
"287410","제이시스메디칼","58382","103977","45595","452207440","804474900","352267460"
"039840","디오","2151","12933","10782","70268450","420756900","350488450"
"141080","레고켐바이오","19390","26346","6956","828242300","1145616350","317374050"
"317240","TS트릴리온","2088","239670","237582","2714400","312688055","309973655"
"033290","코웰패션","41418","75261","33843","324501020","592721500","268220480"
"246710","티앤알바이오팹","4734","12030","7296","169813900","428246400","258432500"
"101730","위메이드맥스","3785","12620","8835","105353600","361614450","256260850"
"177350","베셀","7786","59054","51268","37831645","289880735","252049090"
"131390","원익피앤이","1690","10402","8712","46764650","288518550","241753900"
"078350","한양디지텍","342","16266","15924","5049350","243133650","238084300"
"091120","이엠텍","2499","8397","5898","96726600","330816950","234090350"
"121600","나노신소재","0","4226","4226","0","228922500","228922500"
"126700","하이비젼시스템","1763","12183","10420","35274400","244537200","209262800"
"067990","도이치모터스","17963","42659","24696","148950900","352060310","203109410"
"031980","피에스케이홀딩스","8","14070","14062","115200","202250350","202135150"
"042420","네오위즈홀딩스","7245","10882","3637","393457600","591966200","198508600"
"067310","하나마이크론","18848","29358","10510","350626200","548745950","198119750"
"081150","티플랙스","10000","50388","40388","49438185","246951480","197513295"
"270660","에브리봇","1099","5683","4584","45650400","239482500","193832100"
"100090","삼강엠앤티","20893","31212","10319","377941550","568573800","190632250"
"089030","테크윙","165","10061","9896","3081600","187393000","184311400"
"376980","원티드랩","4815","10129","5314","153468800","323909600","170440800"
"122990","와이솔","25","15776","15751","267500","168417800","168150300"
"031330","에스에이엠티","41","40596","40555","168510","165640955","165472445"
"230240","에치에프알","6436","12052","5616","192765750","357803700","165037950"
"049960","쎌바이오텍","0","10000","10000","0","164740000","164740000"
"063170","서울옥션","42","7671","7629","893300","163932050","163038750"
"039340","한국경제TV","0","23427","23427","0","156653310","156653310"
"106240","파인테크닉스","40912","52657","11745","526694450","683318150","156623700"
"092300","현우산업","0","27617","27617","0","155878900","155878900"
"251970","펌텍코리아","17","8789","8772","300050","154144500","153844450"
"143240","사람인에이치알","3","3864","3861","118200","152538200","152420000"
"093320","케이아이엔엑스","435","3033","2598","25445200","177077100","151631900"
"085910","네오티스","809","27008","26199","4486910","154855740","150368830"
"108490","로보티즈","1551","7253","5702","40451200","189860000","149408800"
"086390","유니테스트","0","5188","5188","0","136268800","136268800"
"099220","SDN","0","69604","69604","0","134911305","134911305"
"214450","파마리서치","6973","8366","1393","603404800","731983700","128578900"
"267320","나인테크","0","38426","38426","0","126375795","126375795"
"121800","비덴트","5","7827","7822","80750","124973150","124892400"
"042520","한스바이오메드","0","10002","10002","0","124151800","124151800"
"382480","지아이텍","0","5869","5869","0","114730400","114730400"
"361390","제노코","186","4531","4345","4856950","118878000","114021050"
"099190","아이센스","4","4080","4076","110600","112397450","112286850"
"289220","자이언트스텝","13688","16146","2458","601057050","712451950","111394900"
"406760","하나금융21호스팩","22275","72768","50493","46626685","152043250","105416565"
"237690","에스티팜","9250","10182","932","907562500","1010040200","102477700"
"950180","SNK","0","2768","2768","0","102065800","102065800"
"114840","아이패밀리에스씨","4698","8706","4008","115796600","213190050","97393450"
"032820","우리기술","10178","55517","45339","22897830","119413895","96516065"
"079370","제우스","4250","8043","3793","108337500","204488550","96151050"
"382800","지앤비에스엔지니어링","0","5020","5020","0","96140000","96140000"
"189860","서전기전","2492","11991","9499","23288930","116283510","92994580"
"290740","액트로","0","11000","11000","0","90851310","90851310"
"353810","이지바이오","10534","27923","17389","52307550","142477415","90169865"
"151860","KG ETS","11","6489","6478","147400","85423350","85275950"
"311390","네오크레마","0","3751","3751","0","82865800","82865800"
"219130","타이거일렉","0","4313","4313","0","79138100","79138100"
"090470","제이스텍","0","12204","12204","0","77666430","77666430"
"200350","래몽래인","0","4706","4706","0","77062450","77062450"
"297090","씨에스베어링","8899","13418","4519","135527350","206580250","71052900"
"108860","셀바스AI","4101","12623","8522","33579000","104467180","70888180"
"006910","보성파워텍","273505","285973","12468","1396173720","1466879635","70705915"
"023910","대한약품","20","2456","2436","569000","70983150","70414150"
"232680","라온테크","1941","3670","1729","75319950","144246400","68926450"
"236200","슈프리마","0","2642","2642","0","63686400","63686400"
"064260","다날","2392","8748","6356","23469610","86577660","63108050"
"262260","에이프로","250","3669","3419","4588650","67121900","62533250"
"166090","하나머티리얼즈","9084","10143","1059","463937700","523914900","59977200"
"140670","알에스오토메이션","3141","7300","4159","44459650","103730800","59271150"
"034230","파라다이스","80849","84082","3233","1340418200","1398911050","58492850"
"006620","동구바이오제약","0","7977","7977","0","57024770","57024770"
"007330","푸른저축은행","0","4500","4500","0","55672500","55672500"
"100130","동국S&C","10754","19560","8806","64692670","119248030","54555360"
"327260","RF머트리얼즈","0","4386","4386","0","53772650","53772650"
"232140","와이아이케이","244","10312","10068","1292460","54521380","53228920"
"012700","리드코프","0","6406","6406","0","52208910","52208910"
"115960","연우","49","2266","2217","1147100","53000000","51852900"
"274090","켄코아에어로스페이스","0","3994","3994","0","50809200","50809200"
"405350","IBKS제17호스팩","1435","24000","22565","3192875","53510000","50317125"
"038880","아이에이","1","49701","49700","1000","49899800","49898800"
"059090","미코","241","4663","4422","2740500","52593250","49852750"
"370090","퓨런티어","1600","3462","1862","41723100","91380150","49657050"
"100790","미래에셋벤처투자","5003","9438","4435","50538250","98992500","48454250"
"293580","나우IB","0","4984","4984","0","47333160","47333160"
"095500","미래나노텍","1461","7530","6069","10743500","57551730","46808230"
"053350","이니텍","0","10000","10000","0","46334620","46334620"
"129890","앱코","0","2917","2917","0","45796900","45796900"
"053950","경남제약","17635","29687","12052","74426840","119345505","44918665"
"298870","케이티비네트워크","4464","15128","10664","18733255","63221765","44488510"
"084850","아이티엠반도체","6215","7442","1227","215871000","260179250","44308250"
"086980","쇼박스","4803","13543","8740","23886365","67551390","43665025"
"344050","신영스팩6호","0","20000","20000","0","42150000","42150000"
"084650","랩지노믹스","0","1797","1797","0","40546200","40546200"
"043650","국순당","999","4562","3563","10830850","50672450","39841600"
"214150","클래시스","23929","25933","2004","444303350","483997850","39694500"
"100120","뷰웍스","15","1020","1005","575750","39195050","38619300"
"337930","브랜드엑스코퍼레이션","16","4603","4587","131040","37827930","37696890"
"068930","디지털대성","11","4540","4529","92420","37673370","37580950"
"094360","칩스앤미디어","0","1886","1886","0","37459300","37459300"
"313760","윌링스","274","1974","1700","5897200","43173400","37276200"
"241710","코스메카코리아","49","2373","2324","756600","36319750","35563150"
"117670","알파홀딩스","49","11586","11537","150675","35482270","35331595"
"066130","하츠","0","3782","3782","0","34523190","34523190"
"038110","에코플라스틱","0","13000","13000","0","32678280","32678280"
"036200","유니셈","0","2864","2864","0","32438700","32438700"
"006730","서부T&D","21703","25209","3506","193287390","224945950","31658560"
"128540","에코캡","492","3804","3312","4931600","36561220","31629620"
"005710","대원산업","0","4848","4848","0","29974810","29974810"
"067570","엔브이에이치코리아","0","7894","7894","0","29890840","29890840"
"060240","룽투코리아","371","4968","4597","2416940","32154180","29737240"
"064550","바이오니아","20275","20306","31","740584600","770212600","29628000"
"013120","동원개발","36","5898","5862","175140","28689320","28514180"
"065350","신성델타테크","575","2641","2066","7849700","36287250","28437550"
"104620","노랑풍선","0","1655","1655","0","26372000","26372000"
"004590","한국가구","262","4947","4685","1540660","27574250","26033590"
"043370","피에이치에이","115","3042","2927","1011270","26713090","25701820"
"069140","누리플랜","3126","7407","4281","23291100","48572030","25280930"
"377330","이지트로닉스","0","1700","1700","0","24979900","24979900"
"030350","드래곤플라이","2486","14235","11749","5167205","29733195","24565990"
"049950","미래컴퍼니","0","1000","1000","0","24433300","24433300"
"229000","젠큐릭스","0","1902","1902","0","23605500","23605500"
"099390","브레인즈컴퍼니","0","1000","1000","0","23398950","23398950"
"110790","크리스에프앤씨","47","618","571","1918000","25292250","23374250"
"205470","휴마시스","19376","20906","1530","364840200","388058250","23218050"
"142760","바이오리더스","364","2863","2499","3402080","26441740","23039660"
"277070","린드먼아시아","0","4400","4400","0","22963320","22963320"
"088390","이녹스","0","1096","1096","0","22906400","22906400"
"036640","HRS","0","2588","2588","0","22830590","22830590"
"318020","포인트모바일","132","1250","1118","2528700","24234500","21705800"
"330730","스톤브릿지벤처스","1554","5001","3447","9927200","31532830","21605630"
"251120","바이오에프디엔씨","0","1050","1050","0","20547300","20547300"
"071460","위니아딤채","0","5000","5000","0","20425000","20425000"
"187790","나노","0","12000","12000","0","20160000","20160000"
"137400","피엔티","15567","15982","415","659882200","679981250","20099050"
"045520","크린앤사이언스","3","1001","998","59700","20119900","20060200"
"021320","KCC건설","0","2472","2472","0","19998000","19998000"
"065510","휴비츠","0","2403","2403","0","19992520","19992520"
"053300","한국정보인증","9","3250","3241","55350","20019520","19964170"
"950140","잉글우드랩","0","2266","2266","0","19851220","19851220"
"148140","비디아이","33159","48263","15104","47366130","66858740","19492610"
"060590","씨티씨바이오","0","2000","2000","0","19355000","19355000"
"044340","위닉스","5","1047","1042","92000","19181350","19089350"
"080470","성창오토텍","0","2500","2500","0","18620000","18620000"
"131030","디에이치피코리아","0","2500","2500","0","18613400","18613400"
"355150","교보10호스팩","0","8812","8812","0","18549260","18549260"
"335810","프리시젼바이오","0","2000","2000","0","17636650","17636650"
"017000","신원종합개발","0","2402","2402","0","17610540","17610540"
"214180","민앤지","4","985","981","72000","17448850","17376850"
"039010","현대에이치티","0","1826","1826","0","17091920","17091920"
"263720","디앤씨미디어","1825","2384","559","54667900","71742400","17074500"
"090850","현대이지웰","0","1688","1688","0","17000110","17000110"
"206560","덱스터","1018","1857","839","19417650","36299550","16881900"
"123860","아나패스","12","700","688","285600","16686200","16400600"
"183300","코미코","5679","5853","174","295446100","311607600","16161500"
"189330","씨이랩","49","725","676","1081900","16707450","15625550"
"007680","대원","0","1574","1574","0","14790650","14790650"
"290650","엘앤씨바이오","12370","12765","395","392738300","407361500","14623200"
"203400","에이비온","936","2500","1564","8597580","23019140","14421560"
"222800","심텍","57654","57616","-38","3017273100","3031644500","14371400"
"008290","원풍물산","7795","22980","15185","7426499","21747881","14321382"
"065500","오리엔트정공","0","6614","6614","0","13867300","13867300"
"005990","매일홀딩스","0","1468","1468","0","13734950","13734950"
"347890","엠투아이","0","1500","1500","0","13584900","13584900"
"182360","큐브엔터","192","882","690","3752800","17329650","13576850"
"227950","엔투텍","7513","14449","6936","14115375","27411285","13295910"
"054620","APS홀딩스","0","1162","1162","0","13046600","13046600"
"396770","엔에이치스팩22호","0","6138","6138","0","12920490","12920490"
"137080","나래나노텍","0","1000","1000","0","12800000","12800000"
"066620","국보디자인","0","649","649","0","12016950","12016950"
"184230","SGA솔루션즈","563","8843","8280","768495","12296000","11527505"
"290090","트윔","0","605","605","0","11003950","11003950"
"025550","한국선재","5900","8300","2400","27464895","38383440","10918545"
"225590","패션플랫폼","0","5542","5542","0","10882635","10882635"
"053590","한국테크놀로지","0","12335","12335","0","10775361","10775361"
"036710","심텍홀딩스","2902","4784","1882","17281100","28050990","10769890"
"272110","케이엔제이","0","768","768","0","10441350","10441350"
"049430","코메론","0","1000","1000","0","10175000","10175000"
"900070","글로벌에스엠","0","10449","10449","0","9999693","9999693"
"203650","드림시큐리티","0","2466","2466","0","9999630","9999630"
"008370","원풍","0","2123","2123","0","9999330","9999330"
"246690","TS인베스트먼트","0","4219","4219","0","9999030","9999030"
"010240","흥국","0","1550","1550","0","9997500","9997500"
"049550","잉크테크","0","1408","1408","0","9996800","9996800"
"076610","해성옵틱스","0","11218","11218","0","9869025","9869025"
"253840","수젠텍","0","551","551","0","9506850","9506850"
"038390","레드캡투어","0","396","396","0","9301300","9301300"
"036800","나이스정보통신","3","326","323","85800","9316400","9230600"
"037370","EG","81","830","749","967100","10038850","9071750"
"343510","하나금융16호스팩","0","4211","4211","0","8910415","8910415"
"257720","실리콘투","0","500","500","0","8866250","8866250"
"025770","한국정보통신","0","1000","1000","0","8849850","8849850"
"047820","초록뱀미디어","39","3292","3253","98475","8309035","8210560"
"199800","툴젠","0","155","155","0","7905000","7905000"
"044060","조광ILI","0","935","935","0","7795200","7795200"
"058970","엠로","0","476","476","0","7705200","7705200"
"288620","에스퓨얼셀","4","336","332","92600","7699300","7606700"
"082210","옵트론텍","24","1098","1074","168960","7700580","7531620"
"042110","에스씨디","3292","7069","3777","6466760","13775680","7308920"
"044480","블루베리 NFT","0","1697","1697","0","7070775","7070775"
"059270","해성티피씨","579","1455","876","4571610","11625780","7054170"
"227610","아우딘퓨쳐스","259","4639","4380","391090","7427465","7036375"
"052260","현대바이오랜드","37","463","426","602350","7530200","6927850"
"301300","바이브컴퍼니","5","180","175","197750","7090900","6893150"
"119610","인터로조","5519","5663","144","162105600","168934700","6829100"
"367360","DB금융스팩9호","0","3052","3052","0","6411610","6411610"
"134580","탑코미디어","1050","2000","950","7052950","13460000","6407050"
"048550","SM C&C","22350","23550","1200","91112115","97380160","6268045"
"020710","시공테크","0","1000","1000","0","5955000","5955000"
"010470","오리콤","0","999","999","0","5904090","5904090"
"032280","삼일","2423","4768","2345","6467325","12366490","5899165"
"260930","씨티케이","52","622","570","538600","6424450","5885850"
"085370","루트로닉","10870","11155","285","228651250","234359700","5708450"
"037460","삼지전자","6","516","510","65400","5624500","5559100"
"353590","오토앤","3550","3900","350","48102500","53290000","5187500"
"032860","휴먼엔","1370","2753","1383","5099735","10242010","5142275"
"263860","지니언스","1666","2156","490","16351610","21430380","5078770"
"049630","재영솔루텍","0","5000","5000","0","5064955","5064955"
"214270","FSN","0","649","649","0","4995430","4995430"
"241690","유니테크노","165","708","543","1414460","6207070","4792610"
"115480","씨유메디칼","183","3952","3769","218735","4762160","4543425"
"148150","세경하이테크","0","188","188","0","4524600","4524600"
"220260","켐트로스","4","455","451","40200","4530080","4489880"
"052330","코텍","99","525","426","1010100","5396000","4385900"
"035460","기산텔레콤","12353","13625","1272","43053235","47394070","4340835"
"388790","IBKS제16호스팩","0","2000","2000","0","4300000","4300000"
"340360","다보링크","0","2607","2607","0","4299005","4299005"
"388220","하나금융19호스팩","0","2000","2000","0","4220000","4220000"
"192250","케이사인","1718","3440","1722","4121275","8281050","4159775"
"159580","제로투세븐","32","498","466","284160","4403440","4119280"
"377220","프롬바이오","0","500","500","0","4036630","4036630"
"010170","대한광통신","30","2002","1972","60300","3973995","3913695"
"400560","하나금융20호스팩","0","1735","1735","0","3912425","3912425"
"027050","코리아나","283","1198","915","1138080","4796365","3658285"
"391060","엔에이치스팩20호","0","1688","1688","0","3494160","3494160"
"332710","하나금융14호스팩","0","1555","1555","0","3265500","3265500"
"147830","제룡산업","261","1157","896","930615","4158150","3227535"
"276730","제주맥주","2617","3607","990","7984510","11139560","3155050"
"050890","쏠리드","26","534","508","160940","3291630","3130690"
"091580","상신이디피","2","206","204","29200","3007600","2978400"
"043610","지니뮤직","41","621","580","194510","2943750","2749240"
"365270","큐라클","159","378","219","2013700","4762250","2748550"
"026040","제이에스티나","264","1068","804","873450","3621935","2748485"
"299030","하나기술","89","133","44","5353300","8006200","2652900"
"034950","한국기업평가","11","45","34","859100","3510000","2650900"
"108380","대양전기공업","0","175","175","0","2642200","2642200"
"083790","크리스탈지노믹스","74","495","421","418850","2802090","2383240"
"073490","이노와이어리스","35","93","58","1395700","3712900","2317200"
"036190","금화피에스시","3","72","69","96800","2364750","2267950"
"096640","멜파스","417","2882","2465","368283","2581259","2212976"
"217270","넵튠","188","301","113","3694200","5879150","2184950"
"032580","피델릭스","483","1627","1144","812995","2715500","1902505"
"049470","SGA","0","1829","1829","0","1893015","1893015"
"064800","젬백스링크","9304","10734","1430","14548725","16429555","1880830"
"206640","바디텍메드","19","141","122","289750","2145350","1855600"
"012790","신일제약","596","779","183","6170950","8023500","1852550"
"277880","티에스아이","6","170","164","66900","1895500","1828600"
"376290","씨유테크","0","257","257","0","1828530","1828530"
"226950","올릭스","0","66","66","0","1824900","1824900"
"013720","CBI","9389","9389","0","24782445","26568765","1786320"
"043150","바텍","9","56","47","328050","2033900","1705850"
"105330","케이엔더블유","0","133","133","0","1463000","1463000"
"222980","한국맥널티","0","200","200","0","1352000","1352000"
"053580","웹케시","0","54","54","0","1320500","1320500"
"059100","아이컴포넌트","0","200","200","0","1193000","1193000"
"302430","이노메트리","173","256","83","2421300","3582800","1161500"
"092730","네오팜","150","195","45","3787500","4904950","1117450"
"046310","백금T&A","0","282","282","0","1006740","1006740"
"032540","TJ미디어","8148","8148","0","59049040","60025510","976470"
"205500","액션스퀘어","0","257","257","0","945110","945110"
"221980","케이디켐","0","60","60","0","938000","938000"
"018120","진로발효","0","30","30","0","913500","913500"
"123420","선데이토즈","28","64","36","689450","1583800","894350"
"363250","진시스템","10","100","90","97100","969240","872140"
"189690","포시에스","146","236","90","1342600","2185690","843090"
"122450","KMH","57","164","107","406870","1170620","763750"
"207760","미스터블루","0","91","91","0","736900","736900"
"216080","제테마","59","92","33","1253800","1964800","711000"
"078070","유비쿼스홀딩스","0","44","44","0","689700","689700"
"206400","베노홀딩스","0","138","138","0","641315","641315"
"192440","슈피겐코리아","0","15","15","0","633950","633950"
"048910","대원미디어","14","52","38","232400","863200","630800"
"377480","마인즈랩","0","30","30","0","594000","594000"
"122350","삼기","4","136","132","17915","610370","592455"
"224110","에이텍티앤","1742","1742","0","25039750","25627250","587500"
"321550","티움바이오","71","107","36","1150000","1733350","583350"
"046140","SBS콘텐츠허브","10","91","81","71880","654290","582410"
"067900","와이엔텍","4","46","42","50400","581950","531550"
"115450","HLB테라퓨틱스","54","91","37","804600","1333900","529300"
"052790","액토즈소프트","1","44","43","12300","541200","528900"
"175250","아이큐어","106","146","40","1356800","1883350","526550"
"021650","한국큐빅","0","139","139","0","525760","525760"
"047560","이스트소프트","3","42","39","40350","564900","524550"
"348210","넥스틴","40","49","9","2220000","2719500","499500"
"290720","푸드나무","0","20","20","0","496700","496700"
"099320","쎄트렉아이","0","12","12","0","496250","496250"
"047080","한빛소프트","31","137","106","143065","632230","489165"
"376180","피코그램","0","30","30","0","472000","472000"
"089600","나스미디어","48","64","16","1312500","1753600","441100"
"065060","지엔코","20668","20653","-15","14260381","14694349","433968"
"106520","노블엠앤비","5510","6005","495","28352970","28786585","433615"
"115310","인포바인","17","34","17","397550","810900","413350"
"089140","넥스턴바이오","0","100","100","0","412000","412000"
"050860","아세아텍","141","283","142","397620","800535","402915"
"020400","대동금속","41","84","43","385510","787080","401570"
"053620","태양","46","92","46","402960","802060","399100"
"273640","와이엠텍","2","14","12","65900","464000","398100"
"200230","텔콘RF제약","310","500","190","672700","1066160","393460"
"366330","신한제7호스팩","0","178","178","0","373800","373800"
"334970","프레스티지바이오로직스","150","201","51","1095000","1466760","371760"
"054950","제이브이엠","0","26","26","0","366350","366350"
"950190","미투젠","0","21","21","0","365400","365400"
"109960","에이프로젠 H&G","0","594","594","0","357641","357641"
"214370","케어젠","4","10","6","233800","589200","355400"
"084730","팅크웨어","0","18","18","0","300600","300600"
"348150","고바이오랩","52","70","18","833550","1126950","293400"
"086890","이수앱지스","121","161","40","795980","1057730","261750"
"099750","이지케어텍","0","6","6","0","238800","238800"
"056080","유진로봇","3472","3472","0","17359425","17591795","232370"
"310200","애니플러스","0","48","48","0","231300","231300"
"094170","동운아나텍","0","27","27","0","204470","204470"
"023770","플레이위드","0","19","19","0","183160","183160"
"089010","켐트로닉스","2","8","6","52800","211200","158400"
"303530","이노뎁","0","8","8","0","153900","153900"
"347860","알체라","8","14","6","199200","346100","146900"
"094850","참좋은여행","14352","14479","127","214417600","214555450","137850"
"171090","선익시스템","0","8","8","0","135800","135800"
"080010","이상네트웍스","3000","3000","0","24420000","24540000","120000"
"136480","하림","0","36","36","0","104760","104760"
"340930","유일에너테크","1","6","5","20100","120600","100500"
"227100","에이치앤비디자인","437","437","0","2857420","2935560","78140"
"300120","라온피플","16","22","6","204800","281600","76800"
"311690","CJ 바이오사이언스","0","2","2","0","74500","74500"
"064850","에프앤가이드","0","8","8","0","73360","73360"
"025950","동신건설","116","116","0","2812150","2885500","73350"
"220630","맘스터치","0","11","11","0","72270","72270"
"097780","에스맥","0","22","22","0","72050","72050"
"214870","뉴지랩파마","0","7","7","0","63000","63000"
"217330","싸이토젠","0","1","1","0","58000","58000"
"005160","동국산업","4","21","17","13560","70390","56830"
"012340","뉴인텍","4","20","16","13620","67250","53630"
"036030","케이티알파","0","8","8","0","48960","48960"
"052220","iMBC","0","11","11","0","46695","46695"
"228760","지노믹트리","0","4","4","0","44000","44000"
"048870","시너지이노베이션","0","11","11","0","39490","39490"
"226330","신테카바이오","0","3","3","0","38550","38550"
"032850","비트컴퓨터","0","4","4","0","33960","33960"
"039860","나노엔텍","0","5","5","0","31800","31800"
"104540","코렌텍","0","3","3","0","31200","31200"
"038870","에코바이오","1","6","5","6240","37330","31090"
"305090","마이크로디지탈","0","2","2","0","26900","26900"
"156100","엘앤케이바이오","0","3","3","0","26310","26310"
"109820","진매트릭스","0","4","4","0","26200","26200"
"058110","멕아이씨에스","0","3","3","0","25260","25260"
"068790","DMS","0","4","4","0","25010","25010"
"263700","케어랩스","0","3","3","0","24240","24240"
"317690","퀀타매트릭스","0","3","3","0","24210","24210"
"046210","파나진","0","6","6","0","23280","23280"
"354200","엔젠바이오","0","2","2","0","22500","22500"
"304840","피플바이오","0","2","2","0","22300","22300"
"214610","미코바이오메드","0","3","3","0","21300","21300"
"338220","뷰노","0","2","2","0","19880","19880"
"071200","인피니트헬스케어","0","3","3","0","19410","19410"
"086960","한컴MDS","0","1","1","0","17700","17700"
"049180","셀루메드","0","3","3","0","17500","17500"
"136540","윈스","2","3","1","30200","45250","15050"
"306620","네온테크","988","988","0","3824000","3836725","12725"
"089890","코세스","0","1","1","0","10900","10900"
"138580","비즈니스온","0","1","1","0","10850","10850"
"048770","TPC","225","225","0","1026430","1035600","9170"
"036560","영풍정밀","0","1","1","0","8970","8970"
"035810","이지홀딩스","0","2","2","0","7910","7910"
"053980","오상자이엘","0","1","1","0","7100","7100"
"144960","뉴파워프라즈마","0","1","1","0","5920","5920"
"056090","유앤아이","78","78","0","1961700","1965600","3900"
"037330","인지디스플레","0","1","1","0","2675","2675"
"078150","HB테크놀러지","0","1","1","0","2290","2290"
"041590","젬백스지오","0","1","1","0","2120","2120"
"065650","메디프론","1","2","1","2120","4195","2075"
"036630","세종텔레콤","31","34","3","15593","17102","1509"
"060230","얍엑스","0","1","1","0","1155","1155"
"219750","지티지웰니스","1095","1095","0","1281275","1282185","910"
"042040","케이피엠테크","0","1","1","0","832","832"
"096040","이트론","0","1","1","0","340","340"
"046120","오르비텍","8","8","0","57840","58000","160"
"140520","대창스틸","16","16","0","59280","59360","80"
"083660","CSA 코스믹","0","0","0","0","0","0"
"367340","DB금융스팩8호","0","0","0","0","0","0"
"130500","GH신소재","0","0","0","0","0","0"
"083450","GST","0","0","0","0","0","0"
"335870","IBKS제12호스팩","0","0","0","0","0","0"
"351340","IBKS제13호스팩","0","0","0","0","0","0"
"044180","KD","0","0","0","0","0","0"
"255220","SG","0","0","0","0","0","0"
"337450","SK5호스팩","0","0","0","0","0","0"
"340350","SK6호스팩","0","0","0","0","0","0"
"089230","THE E&M","0","0","0","0","0","0"
"014200","광림","0","0","0","0","0","0"
"204620","글로벌텍스프리","0","0","0","0","0","0"
"397500","대신밸런스제11호스팩","0","0","0","0","0","0"
"332290","대신밸런스제7호스팩","0","0","0","0","0","0"
"032960","동일기연","0","0","0","0","0","0"
"110990","디아이티","0","0","0","0","0","0"
"197140","디지캡","0","0","0","0","0","0"
"187220","디티앤씨","0","0","0","0","0","0"
"228850","레이언스","0","0","0","0","0","0"
"900260","로스웰","0","0","0","0","0","0"
"054180","메디콕스","0","0","0","0","0","0"
"001810","무림SP","0","0","0","0","0","0"
"353490","미래에셋대우스팩 5호","0","0","0","0","0","0"
"086040","바이오톡스텍","0","0","0","0","0","0"
"066410","버킷스튜디오","0","0","0","0","0","0"
"019010","베뉴지","0","0","0","0","0","0"
"318410","비비씨","0","0","0","0","0","0"
"042370","비츠로테크","0","0","0","0","0","0"
"027580","상보","0","0","0","0","0","0"
"329560","상상인이안제2호스팩","0","0","0","0","0","0"
"043260","성호전자","0","0","0","0","0","0"
"011560","세보엠이씨","0","0","0","0","0","0"
"084180","수성이노베이션","0","0","0","0","0","0"
"276040","스코넥","0","0","0","0","0","0"
"269620","시스웍","0","0","0","0","0","0"
"333050","신한제6호스팩","0","0","0","0","0","0"
"393360","신한제8호스팩","0","0","0","0","0","0"
"187270","신화콘텍","0","0","0","0","0","0"
"352700","씨앤투스성진","0","0","0","0","0","0"
"074430","아미노로직스","1","1","0","1945","1945","0"
"246720","아스타","0","0","0","0","0","0"
"068940","아이씨케이","0","0","0","0","0","0"
"260970","에스앤디","0","0","0","0","0","0"
"351320","에스에이티이엔지","0","0","0","0","0","0"
"353070","에이치엠씨제4호스팩","0","0","0","0","0","0"
"353060","에이치엠씨제5호스팩","0","0","0","0","0","0"
"089530","에이티세미콘","0","0","0","0","0","0"
"173940","에프엔씨엔터","0","0","0","0","0","0"
"092870","엑시콘","0","0","0","0","0","0"
"333620","엔시스","0","0","0","0","0","0"
"323230","엠에프엠코리아","0","0","0","0","0","0"
"033160","엠케이전자","0","0","0","0","0","0"
"244460","올리패스","0","0","0","0","0","0"
"193250","와이제이엠게임즈","0","0","0","0","0","0"
"065950","웰크론","0","0","0","0","0","0"
"367480","유안타제8호스팩","0","0","0","0","0","0"
"388800","유진스팩7호","0","0","0","0","0","0"
"349720","이베스트스팩5호","0","0","0","0","0","0"
"900110","이스트아시아홀딩스","0","0","0","0","0","0"
"043910","자연과환경","0","0","0","0","0","0"
"174880","장원테크","0","0","0","0","0","0"
"072520","제넨바이오","0","0","0","0","0","0"
"187420","제노포커스","0","0","0","0","0","0"
"389030","지니너스","0","0","0","0","0","0"
"204840","지엘팜텍","0","0","0","0","0","0"
"071850","캐스텍코리아","0","0","0","0","0","0"
"330990","케이비제19호스팩","0","0","0","0","0","0"
"342550","케이비제20호스팩","0","0","0","0","0","0"
"347140","케이프이에스제4호","0","0","0","0","0","0"
"056360","코위버","0","0","0","0","0","0"
"051360","토비스","0","0","0","0","0","0"
"057680","티사이언티픽","0","0","0","0","0","0"
"094940","푸른기술","0","0","0","0","0","0"
"321260","프로이천","0","0","0","0","0","0"
"341160","하나금융15호스팩","0","0","0","0","0","0"
"372290","하나머스트7호스팩","0","0","0","0","0","0"
"377400","하이제6호스팩","0","0","0","0","0","0"
"400840","하이제7호스팩","0","0","0","0","0","0"
"368770","한국9호스팩","0","0","0","0","0","0"
"017890","한국알콜","0","0","0","0","0","0"
"023760","한국캐피탈","0","0","0","0","0","0"
"256150","한독크린텍","0","0","0","0","0","0"
"189980","흥국에프엔비","0","0","0","0","0","0"
"195990","에이비프로바이오","2","2","0","1472","1451","-21"
"073110","엘엠에스","94","94","0","840610","840300","-310"
"021880","메이슨캐피탈","811","811","0","404355","403878","-477"
"258610","이더블유케이","38","38","0","180840","179360","-1480"
"060260","뉴보텍","368","368","0","402960","401120","-1840"
"318000","한국바이오젠","50","50","0","399500","397000","-2500"
"067290","JW신약","165","165","0","710800","707850","-2950"
"021080","에이티넘인베스트","2","1","-1","9600","4800","-4800"
"027040","서울전자통신","615","615","0","405285","399965","-5320"
"208710","바이오로그디바이스","1944","2004","60","4152850","4144165","-8685"
"331520","교보9호스팩","30000","30000","0","63010250","63000000","-10250"
"093190","빅솔론","2","0","-2","12500","0","-12500"
"225220","제놀루션","3","2","-1","36750","24250","-12500"
"256630","포인트엔지니어링","12","6","-6","35280","17670","-17610"
"051780","큐로홀딩스","1703","1703","0","1379295","1358141","-21154"
"072870","메가스터디","7","5","-2","84700","60600","-24100"
"094480","갤럭시아머니트리","6","3","-3","57600","28820","-28780"
"040910","아이씨디","7","4","-3","70000","40000","-30000"
"160980","싸이맥스","3","1","-2","48750","16250","-32500"
"083930","아바코","6","3","-3","65700","32700","-33000"
"046440","KG모빌리언스","12","8","-4","101680","67800","-33880"
"230980","에이트원","51","30","-21","82875","48750","-34125"
"024950","삼천리자전거","3","0","-3","37800","0","-37800"
"078890","가온미디어","23","20","-3","286350","247100","-39250"
"100590","머큐리","16","10","-6","118240","73850","-44390"
"068050","팬엔터테인먼트","26","16","-10","117130","72080","-45050"
"155650","와이엠씨","7","0","-7","46550","0","-46550"
"130580","나이스디앤비","5","0","-5","46850","0","-46850"
"073540","에프알텍","18","1","-17","53010","2945","-50065"
"049080","기가레인","29","0","-29","59305","0","-59305"
"078940","코드네이처","36","0","-36","71820","0","-71820"
"105740","디케이락","25","18","-7","293750","211500","-82250"
"119850","지엔씨에너지","244","215","-29","1101265","998560","-102705"
"011370","서한","92","21","-71","140130","31925","-108205"
"033130","디지틀조선","41","2","-39","117260","5750","-111510"
"270520","지엔원에너지","93","38","-55","208680","85500","-123180"
"215790","이노인스트루먼트","71","0","-71","127800","0","-127800"
"115440","우리넷","13","0","-13","129350","0","-129350"
"058400","KNN","110","5","-105","136950","6185","-130765"
"217730","강스템바이오텍","46","0","-46","137110","0","-137110"
"007770","한일화학","7","0","-7","137200","0","-137200"
"242040","나무기술","59","1","-58","147205","2495","-144710"
"185490","아이진","128","116","-12","1578700","1432600","-146100"
"102120","어보브반도체","12","0","-12","147050","0","-147050"
"136410","아셈스","14","0","-14","154700","0","-154700"
"095910","에스에너지","152","108","-44","560085","397650","-162435"
"200710","에이디테크놀로지","9","0","-9","163350","0","-163350"
"069410","엔텔스","21","0","-21","171990","0","-171990"
"061040","알에프텍","32","0","-32","174720","0","-174720"
"023900","풍국주정","19","8","-11","324900","136800","-188100"
"039560","다산네트웍스","31","1","-30","200570","6470","-194100"
"078650","지나인제약","78","0","-78","202920","0","-202920"
"041930","동아화성","38","18","-20","395200","187200","-208000"
"064820","케이프","50","5","-45","241555","24595","-216960"
"035890","서희건설","151","0","-151","243245","0","-243245"
"264450","유비쿼스","13","1","-12","264550","20350","-244200"
"290550","디케이티","19","1","-18","263150","13850","-249300"
"215360","우리산업","27","12","-15","476000","211800","-264200"
"126880","제이엔케이히터","91","41","-50","523410","235900","-287510"
"095190","이엠코리아","176","73","-103","608915","252580","-356335"
"025320","시노펙스","266","127","-139","711890","339090","-372800"
"247660","나노씨엠에스","131","131","0","6451800","6063750","-388050"
"065660","안트로젠","84","62","-22","2113050","1559600","-553450"
"019660","글로본","236","0","-236","569810","0","-569810"
"241790","오션브릿지","40","2","-38","609200","30050","-579150"
"018680","서울제약","102","0","-102","653420","0","-653420"
"032300","한국파마","46","26","-20","1580100","894750","-685350"
"373200","하인크코리아","366","0","-366","784995","0","-784995"
"060570","드림어스컴퍼니","207","0","-207","897345","0","-897345"
"121850","코이즈","14989","14989","0","84273120","83287810","-985310"
"245620","EDGC","4287","4288","1","17478305","16387655","-1090650"
"300080","플리토","33","1","-32","1441300","42900","-1398400"
"083650","비에이치아이","301","0","-301","1586210","0","-1586210"
"258830","세종메디칼","374","9","-365","1649340","39540","-1609800"
"016100","리더스코스메틱","741","0","-741","1804845","0","-1804845"
"093920","서원인텍","299","0","-299","1866350","0","-1866350"
"335890","비올","855","0","-855","1984510","0","-1984510"
"011040","경동제약","190","2","-188","2064350","21400","-2042950"
"083310","엘오티베큠","155","5","-150","2186450","71500","-2114950"
"090710","휴림로봇","2328","22","-2306","2304720","21791","-2282929"
"397880","교보11호스팩","1116","0","-1116","2360340","0","-2360340"
"357880","비트나인","159","0","-159","2422600","0","-2422600"
"273060","와이즈버즈","1500","0","-1500","2565000","0","-2565000"
"382840","원준","30","1","-29","2778000","92700","-2685300"
"253590","네오셈","874","0","-874","2738265","0","-2738265"
"053080","원방테크","246","0","-246","2902800","0","-2902800"
"038070","서린바이오","214","0","-214","3503200","0","-3503200"
"261780","차백신연구소","500","0","-500","3767780","0","-3767780"
"069510","에스텍","532","1","-531","4119300","7740","-4111560"
"377450","리파인","1288","972","-316","16949700","12830400","-4119300"
"299170","더블유에스아이","1984","0","-1984","4900410","0","-4900410"
"302550","리메드","236","1","-235","5062200","21600","-5040600"
"033560","블루콤","436","0","-436","5079400","0","-5079400"
"009520","포스코엠텍","716","9","-707","5296910","66240","-5230670"
"187660","에이디엠코리아","1755","755","-1000","9759630","4378040","-5381590"
"170920","엘티씨","517","0","-517","5419600","0","-5419600"
"142280","녹십자엠에스","3749","3250","-499","35787420","30347910","-5439510"
"263600","덕우전자","752","0","-752","5842050","0","-5842050"
"365900","브이씨","432","0","-432","5868350","0","-5868350"
"080000","에스엔유","2000","0","-2000","6400000","0","-6400000"
"211050","인카금융서비스","5000","4425","-575","61954700","55237850","-6716850"
"013030","하이록코리아","401","0","-401","6928050","0","-6928050"
"336060","유안타제5호스팩","2245","0","-2245","6929580","0","-6929580"
"265740","엔에프씨","618","34","-584","8064400","443700","-7620700"
"286750","나노브릭","3000","0","-3000","8171430","0","-8171430"
"290380","대유","1514","0","-1514","8290710","0","-8290710"
"032190","다우데이타","9772","9086","-686","130227550","121838950","-8388600"
"053160","프리엠스","3216","2338","-878","34480600","25812950","-8667650"
"348030","모비릭스","520","13","-507","8898900","221050","-8677850"
"048470","대동스틸","1478","0","-1478","9281270","0","-9281270"
"082660","코스나인","10000","2051","-7949","11700000","2405780","-9294220"
"259630","엠플러스","3690","3197","-493","84313400","74979000","-9334400"
"181340","이즈미디어","1738","10","-1728","10196660","55900","-10140760"
"043220","에이치엘비파워","7000","0","-7000","10790000","0","-10790000"
"409570","한국제10호스팩","8218","2906","-5312","17377260","6146190","-11231070"
"018290","브이티지엠피","1601","0","-1601","11632100","0","-11632100"
"034810","해성산업","1001","1","-1000","12303750","12400","-12291350"
"179530","애드바이오텍","2466","0","-2466","12360980","0","-12360980"
"046110","한일네트웍스","7361","6155","-1206","94588300","81861500","-12726800"
"041920","메디아나","4418","2474","-1944","29528160","16429760","-13098400"
"321820","와이더플래닛","2300","1430","-870","34701400","21527600","-13173800"
"123040","엠에스오토텍","2490","0","-2490","13488700","0","-13488700"
"067920","이글루시큐리티","2224","0","-2224","13949620","0","-13949620"
"101240","씨큐브","2000","0","-2000","14200000","0","-14200000"
"123410","코리아에프티","4925","0","-4925","14968655","0","-14968655"
"138690","엘아이에스","24218","20270","-3948","72381700","57212155","-15169545"
"037070","파세코","888","3","-885","15455700","57750","-15397950"
"065680","우주일렉트로","4115","3497","-618","110079250","94340850","-15738400"
"121440","골프존뉴딘홀딩스","3325","1385","-1940","27173700","11260610","-15913090"
"113810","디젠스","18706","22","-18684","16815857","20232","-16795625"
"404950","DB금융스팩10호","8681","0","-8681","18219990","0","-18219990"
"087010","펩트론","2000","0","-2000","18655440","0","-18655440"
"294090","이오플로우","1083","160","-923","22075400","3272200","-18803200"
"096240","청담러닝","1171","546","-625","37904000","17698750","-20205250"
"082920","비츠로셀","1510","0","-1510","21105650","0","-21105650"
"095340","ISC","12875","12135","-740","396889450","375652000","-21237450"
"367000","플래티어","1275","0","-1275","21674700","0","-21674700"
"148250","알엔투테크놀로지","2015","1","-2014","22810050","11500","-22798550"
"005290","동진쎄미켐","57945","57063","-882","2033051400","2009752450","-23298950"
"096350","대창솔루션","82690","31812","-50878","38196853","14792676","-23404177"
"317530","캐리소프트","3896","1000","-2896","32987310","8664910","-24322400"
"340570","티앤엘","4260","3642","-618","170051500","145514900","-24536600"
"347740","피엔케이피부임상연구센타","1400","0","-1400","24609050","0","-24609050"
"314130","지놈앤컴퍼니","1045","74","-971","27151300","1928750","-25222550"
"090360","로보스타","1109","0","-1109","25704200","0","-25704200"
"079190","EMW","20356","1037","-19319","28293515","1428460","-26865055"
"033170","시그네틱스","17051","5000","-12051","40312170","11950000","-28362170"
"282880","코윈테크","1228","193","-1035","33756400","5389250","-28367150"
"317830","에스피시스템스","4297","1020","-3277","38215770","9458690","-28757080"
"067280","멀티캠퍼스","701","0","-701","29613000","0","-29613000"
"267980","매일유업","2732","2257","-475","184078800","152577500","-31501300"
"352910","오비고","2500","0","-2500","34797500","0","-34797500"
"357550","석경에이티","2493","0","-2493","36194600","0","-36194600"
"318010","팜스빌","2838","0","-2838","37126250","0","-37126250"
"066310","큐에스아이","2101","0","-2101","37167150","0","-37167150"
"090150","아이윈","16222","0","-16222","38697755","0","-38697755"
"126340","비나텍","1119","40","-1079","40403700","1475000","-38928700"
"122310","제노레이","4000","3","-3997","39220320","29370","-39190950"
"054450","텔레칩스","2246","0","-2246","39373150","0","-39373150"
"032620","유비케어","6346","196","-6150","41604500","1284210","-40320290"
"199820","제일전기공업","2873","0","-2873","40543300","0","-40543300"
"211270","AP위성","4775","1626","-3149","62981100","21525650","-41455450"
"356890","싸이버원","3155","0","-3155","42371550","0","-42371550"
"268600","셀리버리","11198","9812","-1386","340626650","296789750","-43836900"
"361570","알비더블유","2338","0","-2338","43879600","0","-43879600"
"333430","일승","15577","0","-15577","44233285","0","-44233285"
"047920","HLB제약","4483","0","-4483","48409550","0","-48409550"
"357230","에이치피오","3986","0","-3986","48954700","0","-48954700"
"059120","아진엑스텍","4071","0","-4071","49849300","0","-49849300"
"311320","지오엘리먼트","2440","0","-2440","51240000","0","-51240000"
"230360","에코마케팅","12415","9404","-3011","217144650","164984950","-52159700"
"045100","한양이엔지","3425","5","-3420","52281650","76300","-52205350"
"201490","미투온","9617","211","-9406","53584210","1179530","-52404680"
"150900","파수","5914","0","-5914","53748840","0","-53748840"
"074600","원익QnC","17671","15401","-2270","447809300","391826900","-55982400"
"104460","디와이피엔에프","1640","1","-1639","58288450","36500","-58251950"
"080160","모두투어","18957","16405","-2552","458606650","399182500","-59424150"
"332570","와이팜","7982","459","-7523","65444290","3755670","-61688620"
"138610","나이벡","3165","2","-3163","62673450","39700","-62633750"
"019990","에너토크","4562","375","-4187","69217700","5456250","-63761450"
"089970","에이피티씨","3462","113","-3349","66029900","2151250","-63878650"
"222160","바이옵트로","7879","0","-7879","64677440","0","-64677440"
"016790","현대사료","3987","0","-3987","66815550","0","-66815550"
"072990","에이치시티","5012","1","-5011","67581500","13550","-67567950"
"097870","효성오앤비","7253","0","-7253","68118230","0","-68118230"
"045660","에이텍","4232","0","-4232","69093500","0","-69093500"
"085670","뉴프렉스","13585","1185","-12400","76702550","6672370","-70030180"
"078020","이베스트투자증권","11196","1680","-9516","82497170","12411180","-70085990"
"241820","피씨엘","1556","47","-1509","73545000","2179700","-71365300"
"204270","제이앤티씨","12903","1638","-11265","83502860","10664080","-72838780"
"119860","다나와","5114","1772","-3342","115025950","39890100","-75135850"
"118990","모트렉스","13092","0","-13092","77491160","0","-77491160"
"037440","희림","10149","1859","-8290","95231630","17592690","-77638940"
"353190","휴럼","51805","0","-51805","77826525","0","-77826525"
"306040","에스제이그룹","6624","3304","-3320","155493900","77620050","-77873850"
"216050","인크로스","1931","7","-1924","81487050","296450","-81190600"
"041140","넥슨지티","8516","3661","-4855","144302200","62960050","-81342150"
"066430","와이오엠","26422","1006","-25416","86033435","3290085","-82743350"
"128660","피제이메탈","13911","0","-13911","82805900","0","-82805900"
"263050","유틸렉스","4852","65","-4787","84992350","1137500","-83854850"
"013810","스페코","12782","0","-12782","84479100","0","-84479100"
"137950","제이씨케미칼","10459","582","-9877","91578300","5118030","-86460270"
"036830","솔브레인홀딩스","3869","596","-3273","110149200","17081250","-93067950"
"005860","한일사료","41213","1000","-40213","97378055","2215000","-95163055"
"092190","서울바이오시스","10747","1418","-9329","112070100","14867000","-97203100"
"014620","성광벤드","12489","204","-12285","101983460","1667090","-100316370"
"377030","맥스트","3723","1272","-2451","158595850","54301950","-104293900"
"033310","엠투엔","20548","2685","-17863","120198360","15710230","-104488130"
"294630","서남","34832","0","-34832","106428080","0","-106428080"
"356860","티엘비","4000","500","-3500","127223500","16254450","-110969050"
"290510","코리아센터","21840","2927","-18913","131620460","17729850","-113890610"
"220100","퓨쳐켐","8162","531","-7631","122730800","8069900","-114660900"
"027360","아주IB투자","36878","5154","-31724","134262900","18816380","-115446520"
"151910","나노스","36167","5244","-30923","135877000","19832110","-116044890"
"272290","이녹스첨단소재","20906","17898","-3008","862017800","744605100","-117412700"
"131370","알서포트","23142","3190","-19952","139394900","19372380","-120022520"
"052300","초록뱀컴퍼니","120197","0","-120197","120449510","0","-120449510"
"194480","데브시스터즈","6539","4410","-2129","371706500","251186300","-120520200"
"290670","대보마그네틱","2954","586","-2368","152377100","29482200","-122894900"
"215100","로보로보","17710","6057","-11653","188761500","64915500","-123846000"
"174900","앱클론","9818","1","-9817","125378800","12750","-125366050"
"124500","아이티센","25309","1345","-23964","136649000","7436330","-129212670"
"029960","코엔텍","19989","2954","-17035","154583290","22911450","-131671840"
"950130","엑세스바이오","8362","20","-8342","136260600","329500","-135931100"
"194700","노바렉스","3621","86","-3535","139979950","3329850","-136650100"
"058610","에스피지","13611","2002","-11609","163157650","24302650","-138855000"
"138080","오이솔루션","6008","843","-5165","164750050","23138150","-141611900"
"089980","상아프론테크","7554","4142","-3412","312425300","170365900","-142059400"
"030530","원익홀딩스","36169","4636","-31533","163985395","21067725","-142917670"
"078160","메디포스트","8017","121","-7896","152420850","2336550","-150084300"
"086900","메디톡스","5275","3962","-1313","630588000","479445800","-151142200"
"102370","케이옥션","7906","1223","-6683","179995250","27962250","-152033000"
"018000","유니슨","85549","27791","-57758","225300520","73148875","-152151645"
"091700","파트론","48827","35373","-13454","562768950","408757350","-154011600"
"035600","KG이니시스","12968","3760","-9208","226275650","65801250","-160474400"
"299660","셀리드","5809","770","-5039","186738600","25134200","-161604400"
"025900","동화기업","3533","1213","-2320","247986900","85377400","-162609500"
"045390","대아티아이","50306","15206","-35100","236029845","71586150","-164443695"
"215000","골프존","3914","2787","-1127","583952700","417794300","-166158400"
"023410","유진기업","44853","8892","-35961","207700440","41172380","-166528060"
"022100","포스코 ICT","44566","15145","-29421","253973420","86713420","-167260000"
"015750","성우하이텍","50689","15414","-35275","243346220","74063190","-169283030"
"347770","핌스","11641","4526","-7115","280052850","109528300","-170524550"
"016920","카스","56035","0","-56035","173161470","0","-173161470"
"036810","에프에스티","10298","1680","-8618","212140000","34793050","-177346950"
"042000","카페24","14907","5913","-8994","294871000","116147300","-178723700"
"053610","프로텍","7784","1673","-6111","228592400","49270200","-179322200"
"038500","삼표시멘트","42368","4079","-38289","199981845","19182835","-180799010"
"024060","흥구석유","17285","0","-17285","182131850","0","-182131850"
"030520","한글과컴퓨터","11935","2621","-9314","237449150","52499050","-184950100"
"265520","AP시스템","9770","1336","-8434","215718000","29753350","-185964650"
"052020","에스티큐브","31053","1","-31052","188373560","6080","-188367480"
"060150","인선이엔티","20749","2566","-18183","216287550","26749600","-189537950"
"088800","에이스테크","27700","9194","-18506","292220800","97916700","-194304100"
"108230","톱텍","27332","2408","-24924","220317430","19494920","-200822510"
"291230","엔피","22552","0","-22552","202767540","0","-202767540"
"086450","동국제약","21104","11141","-9963","437337250","233470700","-203866550"
"225570","넷게임즈","12543","185","-12358","208507500","3088000","-205419500"
"136510","에디슨EV","12002","4039","-7963","321158250","108908350","-212249900"
"053030","바이넥스","23057","6683","-16374","301147900","88340150","-212807750"
"061970","엘비세미콘","22513","2856","-19657","249749850","31817200","-217932650"
"078130","국일제지","69364","9623","-59741","255967405","35729380","-220238025"
"308080","바이젠셀","8808","0","-8808","221510850","0","-221510850"
"003380","하림지주","32836","10959","-21877","337738200","112539400","-225198800"
"041960","코미팜","32418","4191","-28227","264680640","34560150","-230120490"
"299900","위지윅스튜디오","10867","4242","-6625","384192600","150243450","-233949150"
"323990","박셀바이오","9072","2072","-7000","309483150","70834100","-238649050"
"330860","네패스아크","5728","82","-5646","245889250","3517250","-242372000"
"084110","휴온스글로벌","11819","3710","-8109","354482750","112060100","-242422650"
"038540","상상인","31821","5328","-26493","298243320","49914930","-248328390"
"025980","아난티","46589","19524","-27065","428590990","180154140","-248436850"
"293780","압타바이오","12144","1595","-10549","289331050","38367400","-250963650"
"150840","인트로메딕","41494","544","-40950","256501980","3378820","-253123160"
"024740","한일단조","75738","1775","-73963","273123075","6014625","-267108450"
"065450","빅텍","37675","1213","-36462","275917170","8430350","-267486820"
"237880","클리오","16761","5466","-11295","402908250","131547800","-271360450"
"218410","RFHIC","15669","5795","-9874","440600750","163603250","-276997500"
"058820","CMG제약","98416","12129","-86287","316446395","39256220","-277190175"
"357780","솔브레인","4671","3342","-1329","1046160300","757416200","-288744100"
"117730","티로보틱스","34521","2725","-31796","314814180","24923530","-289890650"
"046890","서울반도체","36412","13580","-22832","480940850","180174700","-300766150"
"049070","인탑스","13583","4104","-9479","441703900","134723200","-306980700"
"023160","태광","30393","307","-30086","316476500","3226600","-313249900"
"101160","월덱스","13151","40","-13111","314361400","949500","-313411900"
"101360","이엔드디","14564","191","-14373","323054650","4286400","-318768250"
"027710","팜스토리","141575","21106","-120469","380727775","59130300","-321597475"
"057880","피에이치씨","296934","133888","-163046","601538865","272108030","-329430835"
"095610","테스","14949","1858","-13091","378776000","47159400","-331616600"
"235980","메드팩토","11459","1504","-9955","387415600","51784650","-335630950"
"041190","우리기술투자","54137","14256","-39881","457788190","121097700","-336690490"
"036890","진성티이씨","53377","15771","-37606","487657420","144101750","-343555670"
"228670","레이","27401","11255","-16146","596678850","245541100","-351137750"
"000440","중앙에너비스","9110","0","-9110","353861100","0","-353861100"
"082270","젬백스","27305","3753","-23552","413111700","57143750","-355967950"
"000250","삼천당제약","13663","3467","-10196","492936750","125469750","-367467000"
"033640","네패스","20598","7295","-13303","579604900","205826600","-373778300"
"060720","KH바텍","19219","1847","-17372","415432700","40216250","-375216450"
"319660","피에스케이","26456","18305","-8151","1246417750","866119800","-380297950"
"039440","에스티아이","22191","32","-22159","382882300","553550","-382328750"
"095700","제넥신","21467","12859","-8608","977089800","590061000","-387028800"
"298540","더네이쳐홀딩스","16379","5542","-10837","602379850","207651200","-394728650"
"104480","티케이케미칼","83258","7936","-75322","451331620","42971770","-408359850"
"317330","덕산테코피아","15793","940","-14853","436127800","26044000","-410083800"
"189300","인텔리안테크","10076","4989","-5087","826520800","412117000","-414403800"
"183490","엔지켐생명과학","21932","8480","-13452","705453600","275580350","-429873250"
"104830","원익머트리얼즈","13387","1031","-12356","476921850","36799900","-440121950"
"030190","NICE평가정보","26984","3118","-23866","501580200","57839550","-443740650"
"036540","SFA반도체","83320","13476","-69844","540948590","87630090","-453318500"
"383310","에코프로에이치엔","10102","1355","-8747","526987200","70768700","-456218500"
"222080","씨아이에스","40901","6231","-34670","552086950","84835450","-467251500"
"094820","일진파워","65032","40859","-24173","1288075250","812353650","-475721600"
"131290","티에스이","8237","576","-7661","515037900","36261800","-478776100"
"048530","인트론바이오","29756","3013","-26743","536950150","54889400","-482060750"
"085660","차바이오텍","34101","4873","-29228","579968650","83609000","-496359650"
"035080","인터파크","138857","53382","-85475","815754560","315810260","-499944300"
"256840","한국비엔씨","38341","4904","-33437","585732100","75931300","-509800800"
"084990","헬릭스미스","30518","3970","-26548","600260550","79174800","-521085750"
"101490","에스앤에스텍","20474","1680","-18794","571822350","46980750","-524841600"
"007390","네이처셀","39922","5141","-34781","620577950","81732350","-538845600"
"084370","유진테크","25567","13055","-12512","1106650750","566746850","-539903900"
"182400","엔케이맥스","37543","2202","-35341","584583850","34829400","-549754450"
"060250","NHN한국사이버결제","28069","4032","-24037","659110250","95164200","-563946050"
"099430","바이오플러스","22296","0","-22296","581627550","0","-581627550"
"206650","유바이오로직스","27925","3641","-24284","669118000","87214400","-581903600"
"297890","HB솔루션","34938","0","-34938","591469200","0","-591469200"
"078600","대주전자재료","11963","5236","-6727","1058553800","466179100","-592374700"
"067630","HLB생명과학","65335","8296","-57039","692862950","88558500","-604304450"
"035760","CJ ENM","11210","6500","-4710","1454403800","843434700","-610969100"
"032500","케이엠더블유","23423","3166","-20257","721760950","97876650","-623884300"
"298380","에이비엘바이오","53613","29718","-23895","1406112000","781487650","-624624350"
"090460","비에이치","50573","16014","-34559","976133700","309779100","-666354600"
"064760","티씨케이","7959","1839","-6120","911353400","211734700","-699618700"
"140410","메지온","5635","1126","-4509","920288100","182886100","-737402000"
"145020","휴젤","6062","927","-5135","873215400","134638600","-738576800"
"092040","아미코젠","31529","1697","-29832","792386850","42806050","-749580800"
"178320","서진시스템","25007","1847","-23160","841204250","62415950","-778788300"
"048410","현대바이오","32062","6135","-25927","1013632700","195415700","-818217000"
"108320","LX세미콘","11041","3577","-7464","1245181200","406904300","-838276900"
"039200","오스코텍","39397","11039","-28358","1171835150","329702400","-842132750"
"052400","코나아이","35040","3076","-31964","925718900","82883700","-842835200"
"098460","고영","54162","6474","-47688","1020982000","122603300","-898378700"
"104200","NHN벅스","61634","6693","-54941","1053737350","107976050","-945761300"
"102710","이엔에프테크놀로지","35793","1233","-34560","993055900","34529800","-958526100"
"322310","오로스테크놀로지","50144","1149","-48995","1058584700","24526050","-1034058650"
"195940","HK이노엔","27424","2965","-24459","1167628100","126621400","-1041006700"
"068760","셀트리온제약","14801","1977","-12824","1269947800","171785400","-1098162400"
"196170","알테오젠","27972","6300","-21672","1453485000","328642700","-1124842300"
"114810","아이원스","212895","100152","-112743","2151349480","1016608550","-1134740930"
"240810","원익IPS","43101","9511","-33590","1526744900","338346000","-1188398900"
"091990","셀트리온헬스케어","93869","74055","-19814","5809362700","4617156300","-1192206400"
"066970","엘앤에프","36619","30321","-6298","7070809800","5867692300","-1203117500"
"213420","덕산네오룩스","42896","11386","-31510","1650806550","439426750","-1211379800"
"058470","리노공업","15012","7781","-7231","2630762000","1373473300","-1257288700"
"056190","에스에프에이","83224","49575","-33649","3174713400","1891384300","-1283329100"
"144510","지씨셀","22296","2016","-20280","1496149700","135674500","-1360475200"
"039030","이오테크닉스","24399","10301","-14098","2406739300","1026021500","-1380717800"
"069080","웹젠","78436","16463","-61973","1775036150","374696000","-1400340150"
"028300","HLB","79601","24801","-54800","2453626650","770463250","-1683163400"
"064290","인텍플러스","103464","33837","-69627","2574420800","843573200","-1730847600"
"253450","스튜디오드래곤","37434","15859","-21575","3179768400","1351163600","-1828604800"
"243840","신흥에스이씨","37237","220","-37017","1974110200","11785900","-1962324300"
"096530","씨젠","63395","23326","-40069","3196594200","1178678700","-2017915500"
"086520","에코프로","48391","24068","-24323","4104093600","2055174000","-2048919600"
"068240","다원시스","74687","3006","-71681","2158988650","86861250","-2072127400"
"294570","쿠콘","44566","1564","-43002","2186705700","77517900","-2109187800"
"078340","컴투스","27334","6176","-21158","2998086700","678465500","-2319621200"
"278280","천보","10757","1911","-8846","3031048600","540270700","-2490777900"
"263750","펄어비스","66572","37584","-28988","6303416200","3560270500","-2743145700"
"376300","디어유","78387","2527","-75860","3408354250","111423150","-3296931100"
"131970","테스나","85805","1675","-84130","3779328750","73782900","-3705545850"
"348370","엔켐","61947","5448","-56499","5275152500","462150100","-4813002400"
"371950","풍원정밀","1201235","88485","-1112750","25189796750","1954980350","-23234816400"