종목코드,종목명,거래량_매도,거래량_매수,거래량_순매수,거래대금_매도,거래대금_매수,거래대금_순매수
"222800","심텍","175704","425774","250070","8037885850","19474221900","11436336050"
"028300","HLB","310154","504838","194684","12906307550","20802065500","7895757950"
"112040","위메이드","56305","131801","75496","4466110000","10426737200","5960627200"
"293490","카카오게임즈","62688","139604","76916","3832047700","8527790100","4695742400"
"121600","나노신소재","42161","88646","46485","3785996000","7947515900","4161519900"
"090460","비에이치","78744","209180","130436","2128924650","5661496250","3532571600"
"067630","HLB생명과학","339518","591968","252450","4755452800","8258360300","3502907500"
"263750","펄어비스","72710","121834","49124","4445784900","7447762800","3001977900"
"041510","에스엠","72911","116104","43193","4855496500","7652479200","2796982700"
"137400","피엔티","24125","63876","39751","1496977100","3960950800","2463973700"
"074600","원익QnC","22148","97517","75369","723546350","3182740350","2459194000"
"035900","JYP Ent.","53149","95177","42028","2955954600","5296216200","2340261600"
"091990","셀트리온헬스케어","106532","140417","33885","6430312200","8461522000","2031209800"
"096530","씨젠","72800","118197","45397","3070399100","4995853400","1925454300"
"237690","에스티팜","7823","23969","16146","787368000","2406527800","1619159800"
"053800","안랩","24818","39235","14417","2482512300","3965936500","1483424200"
"049070","인탑스","18850","57091","38241","708947100","2149955100","1441008000"
"085370","루트로닉","51884","119015","67131","1080988750","2477060700","1396071950"
"121800","비덴트","207788","322364","114576","2318007400","3576074300","1258066900"
"034230","파라다이스","64630","131887","67257","1071961250","2189419400","1117458150"
"024740","한일단조","1179546","1425370","245824","4454988705","5413132005","958143300"
"290670","대보마그네틱","7139","22211","15072","375144200","1153106800","777962600"
"053050","지에스이","1556404","1683317","126913","10492391570","11262934520","770542950"
"078340","컴투스","10298","18757","8459","895978100","1631899700","735921600"
"272290","이녹스첨단소재","24684","41434","16750","1078758650","1800558650","721800000"
"046890","서울반도체","27538","81134","53596","347764150","1024275400","676511250"
"182400","엔케이맥스","45224","78232","33008","902289450","1563021950","660732500"
"039440","에스티아이","75806","104415","28609","1544673250","2174589150","629915900"
"218150","미래생명자원","106359","180365","74006","883367680","1506681040","623313360"
"053260","금강철강","197184","260595","63411","1924523570","2546636500","622112930"
"179290","엠아이텍","141256","198241","56985","1523737950","2131802450","608064500"
"141080","레고켐바이오","7844","22944","15100","316876700","921686450","604809750"
"214450","파마리서치","17240","25029","7789","1349317600","1950549000","601231400"
"024880","케이피에프","38496","126702","88206","262171340","858932560","596761220"
"357780","솔브레인","7574","9770","2196","1970562000","2542038800","571476800"
"298380","에이비엘바이오","52779","76976","24197","1262260200","1833433950","571173750"
"063080","컴투스홀딩스","23947","32530","8583","1606843100","2174079400","567236300"
"362320","청담글로벌","0","56640","56640","0","562435200","562435200"
"019770","서연탑메탈","1326095","1404572","78477","11085106390","11639232730","554126340"
"109820","진매트릭스","52394","124171","71777","408566370","962638800","554072430"
"041190","우리기술투자","62267","145857","83590","415914460","969685080","553770620"
"297090","씨에스베어링","25940","55836","29896","487386800","1040640800","553254000"
"348210","넥스틴","4957","12887","7930","345928100","898855900","552927800"
"348370","엔켐","13118","20179","7061","1005363900","1548658100","543294200"
"095910","에스에너지","587045","673468","86423","3382227185","3924784490","542557305"
"263860","지니언스","11025","66000","54975","109425300","650662990","541237690"
"089010","켐트로닉스","1553","22985","21432","37953950","561820800","523866850"
"170030","현대공업","24367","85686","61319","207627780","726197940","518570160"
"095340","ISC","68255","82133","13878","2612095200","3123691700","511596500"
"098120","마이크로컨텍솔","14725","77396","62671","120869240","627236440","506367200"
"189300","인텔리안테크","11488","17275","5787","1011737400","1514326600","502589200"
"215200","메가스터디교육","18617","23921","5304","1747792200","2245824300","498032100"
"000440","중앙에너비스","54365","69312","14947","1722998400","2194839250","471840850"
"317830","에스피시스템스","29089","67291","38202","367834800","839612500","471777700"
"306040","에스제이그룹","12806","31069","18263","328838050","796893050","468055000"
"218410","RFHIC","10239","25096","14857","315712150","773645400","457933250"
"057540","옴니시스템","206727","378932","172205","544734875","1000758965","456024090"
"060240","룽투코리아","54977","136044","81067","304230230","753074130","448843900"
"388720","유일로보틱스","20992","39415","18423","504610100","948159950","443549850"
"131290","티에스이","5601","10797","5196","475599700","914761800","439162100"
"017000","신원종합개발","16375","66318","49943","144024330","580793960","436769630"
"267320","나인테크","2792508","2910263","117755","11966548145","12391160260","424612115"
"399720","가온칩스","21310","37867","16557","549750700","966193950","416443250"
"036010","아비코전자","13392","47415","34023","162301900","573796300","411494400"
"389260","대명에너지","68910","88546","19636","1369606850","1763180750","393573900"
"137950","제이씨케미칼","13659","52217","38558","137188620","525555490","388366870"
"183300","코미코","7970","14462","6492","477875000","865926300","388051300"
"039840","디오","17367","28595","11228","583621750","962357200","378735450"
"140860","파크시스템스","5015","8535","3520","528376300","894152200","365775900"
"225570","넥슨게임즈","104755","118772","14017","2658694950","3019485050","360790100"
"003100","선광","1626","5787","4161","128745600","457615000","328869400"
"173130","오파스넷","34256","91541","57285","196304750","521632640","325327890"
"247540","에코프로비엠","25952","26670","718","12611732900","12931538500","319805600"
"194480","데브시스터즈","7555","13732","6177","375933200","680853150","304919950"
"290650","엘앤씨바이오","17348","25466","8118","647605250","947135550","299530300"
"140410","메지온","44917","61542","16625","819768750","1118865500","299096750"
"185490","아이진","18683","45283","26600","208659600","500658200","291998600"
"340440","세림B&G","1141788","1225212","83424","3814474705","4104931535","290456830"
"064760","티씨케이","4623","6760","2137","618238600","899606900","281368300"
"190510","나무가","8255","31379","23124","100526000","379350400","278824400"
"021880","메이슨캐피탈","3370605","3766799","396194","2463226218","2741370983","278144765"
"058630","엠게임","10554","42326","31772","91141750","366177160","275035410"
"056190","에스에프에이","14590","21334","6744","611215450","885066350","273850900"
"090410","덕신하우징","35232","138975","103743","90476040","354805555","264329515"
"151910","SBW생명과학","78248","131127","52879","381732425","641768370","260035945"
"208710","바이오로그디바이스","65761","217557","151796","112469390","368746375","256276985"
"051380","피씨디렉트","11849","22426","10577","283217600","538548550","255330950"
"027710","팜스토리","1207989","1266470","58481","4851088430","5104485780","253397350"
"060590","씨티씨바이오","16799","41971","25172","169410770","422492220","253081450"
"166090","하나머티리얼즈","20946","25009","4063","1316237000","1567974200","251737200"
"060720","KH바텍","46425","57683","11258","1029635150","1278122000","248486850"
"086450","동국제약","5465","17114","11649","115427600","361253750","245826150"
"064290","인텍플러스","3676","12790","9114","98729800","342405350","243675550"
"138690","엘아이에스","280498","419036","138538","514556470","756659200","242102730"
"303030","지니틱스","288324","367588","79264","867156155","1108719985","241563830"
"277810","레인보우로보틱스","22609","32385","9776","549961900","789556550","239594650"
"086040","바이오톡스텍","4469","30753","26284","39983330","275639490","235656160"
"090360","로보스타","11134","20946","9812","257101250","483367150","226265900"
"287410","제이시스메디칼","65449","92599","27150","539848020","763640110","223792090"
"115450","HLB테라퓨틱스","29453","50402","20949","320036700","543280400","223243700"
"013310","아진산업","57979","123280","65301","196397805","413967125","217569320"
"256840","한국비엔씨","288884","310897","22013","2732703460","2948567580","215864120"
"079370","제우스","8455","16473","8018","228144750","442642900","214498150"
"084850","아이티엠반도체","4521","10420","5899","160808700","373962650","213153950"
"278280","천보","16005","16804","799","4142483700","4355568700","213085000"
"014470","부방","51124","128472","77348","140281885","352322710","212040825"
"029480","광무","68539","127230","58691","252326520","461919075","209592555"
"217820","엔에스","10915","31082","20167","111398350","316783750","205385400"
"051360","토비스","10150","30208","20058","105061950","310090450","205028500"
"089970","에이피티씨","8161","18286","10125","162171050","361706750","199535700"
"179900","유티아이","12279","24277","11998","211065050","410025450","198960400"
"371950","풍원정밀","3851","14456","10605","71835450","267512400","195676950"
"361390","제노코","24949","30704","5755","863714650","1059278750","195564100"
"221840","하이즈항공","22840","58295","35455","124105010","318316090","194211080"
"143240","사람인에이치알","4128","8449","4321","184154300","376557600","192403300"
"019210","와이지-원","2475","25334","22859","20775360","211486470","190711110"
"317240","TS트릴리온","9210","190494","181284","9524270","196114865","186590595"
"137080","나래나노텍","50019","67009","16990","553091650","737804150","184712500"
"032820","우리기술","120615","201676","81061","280067050","464749405","184682355"
"333430","일승","314943","373455","58512","1284758055","1468747445","183989390"
"196170","알테오젠","41126","44709","3583","2234785400","2416841700","182056300"
"042940","상지카일룸","114963","270649","155686","133144050","313440100","180296050"
"289080","SV인베스트먼트","11184","64748","53564","37540300","215736675","178196375"
"118990","모트렉스","22546","37241","14695","268422300","445491750","177069450"
"013720","CBI","268259","351182","82923","589009665","765146040","176136375"
"308080","바이젠셀","6530","13561","7031","161968100","333123250","171155150"
"019990","에너토크","6022","19607","13585","77417350","246182200","168764850"
"108490","로보티즈","52273","60274","8001","1158122750","1326605450","168482700"
"054950","제이브이엠","1790","10825","9035","32524750","196364850","163840100"
"205470","휴마시스","66854","78259","11405","936546150","1097566300","161020150"
"024810","이화전기","55256","184546","129290","69583785","228205440","158621655"
"032580","피델릭스","34230","122038","87808","62111785","220184080","158072295"
"050860","아세아텍","160452","202569","42117","624018980","781848780","157829800"
"033540","파라텍","52804","125979","73175","109545085","261300190","151755105"
"060560","홈센타홀딩스","24745","126358","101613","36633210","184684635","148051425"
"377450","리파인","939","12129","11190","12189750","157632600","145442850"
"056080","유진로봇","71880","93704","21824","465873080","609904540","144031460"
"054050","농우바이오","3155","14588","11433","38432400","179139450","140707050"
"274090","켄코아에어로스페이스","17782","26483","8701","286975000","427180000","140205000"
"146320","비씨엔씨","9371","16603","7232","182373650","321861700","139488050"
"033640","네패스","19693","24566","4873","562889550","701915900","139026350"
"264850","이랜시스","34758","73192","38434","125625750","264385650","138759900"
"136480","하림","281728","314905","33177","1057289335","1195013405","137724070"
"234100","폴라리스세원","33608","78937","45329","100323085","236262170","135939085"
"006910","보성파워텍","33439","54139","20700","210875850","341584110","130708260"
"031860","엔에스엔","84251","161605","77354","136155105","263269440","127114335"
"088910","동우팜투테이블","47561","84243","36682","165696790","291774760","126077970"
"186230","그린플러스","19085","26784","7699","309329000","431478100","122149100"
"259630","엠플러스","10723","17465","6742","194079050","316174600","122095550"
"048770","TPC","90873","108942","18069","585311240","704691100","119379860"
"065500","오리엔트정공","6157","65928","59771","12327795","131694855","119367060"
"114630","폴라리스우노","5921","30088","24167","29334520","147608925","118274405"
"036630","세종텔레콤","63700","195594","131894","59458731","177098855","117640124"
"365270","큐라클","72999","77892","4893","1942969950","2060035850","117065900"
"227610","아우딘퓨쳐스","45761","117399","71638","73461670","188461580","114999910"
"049950","미래컴퍼니","3234","7632","4398","82261800","192804950","110543150"
"021080","에이티넘인베스트","12101","40453","28352","47174325","157067130","109892805"
"227100","에이치앤비디자인","25910","43207","17297","166672590","276448940","109776350"
"058610","에스피지","21773","27668","5895","400562750","509221950","108659200"
"044490","태웅","5130","15552","10422","52023950","159136750","107112800"
"332370","아이디피","3111","14937","11826","27963780","133622450","105658670"
"042600","새로닉스","8205","12244","4039","215489800","317849350","102359550"
"047820","초록뱀미디어","1244","6245","5001","26109700","124865450","98755750"
"079810","디이엔티","47106","59779","12673","373928910","472046260","98117350"
"900290","GRT","125","80391","80266","152350","97690645","97538295"
"131390","원익피앤이","3855","7193","3338","109119450","203381500","94262050"
"267790","배럴","5899","16583","10684","51485160","144805310","93320150"
"037400","우리엔터프라이즈","11559","41314","29755","36201295","129340675","93139380"
"060540","에스에이티","52534","82888","30354","162194395","253026190","90831795"
"105550","트루윈","38613","64311","25698","132808395","222759475","89951080"
"066670","디스플레이텍","15052","27120","12068","113016590","202030890","89014300"
"050120","ES큐브","31532","51429","19897","143199910","231439695","88239785"
"299030","하나기술","5552","7163","1611","321490900","408584700","87093800"
"046390","삼화네트웍스","15363","36864","21501","62140455","148719585","86579130"
"095660","네오위즈","32084","36043","3959","734862250","819835100","84972850"
"063170","서울옥션","33567","37382","3815","767635800","851783250","84147450"
"377630","삼성스팩4호","544531","562714","18183","4556371130","4639888540","83517410"
"101730","위메이드맥스","11643","15769","4126","250752950","334061400","83308450"
"086670","비엠티","1801","8307","6506","23266400","106548800","83282400"
"015750","성우하이텍","50472","65844","15372","273212710","355641800","82429090"
"025950","동신건설","7174","10862","3688","160704650","242683300","81978650"
"020710","시공테크","1545","13883","12338","10311170","91935160","81623990"
"122870","와이지엔터테인먼트","21552","23120","1568","1199583000","1280966000","81383000"
"235980","메드팩토","17344","20106","2762","510662650","590047200","79384550"
"206560","덱스터","28104","32705","4601","471015500","548362200","77346700"
"045100","한양이엔지","9082","13642","4560","156008950","233299200","77290250"
"211050","인카금융서비스","2231","6625","4394","38988050","115576150","76588100"
"017510","세명전기","20851","37064","16213","97667745","172883275","75215530"
"017480","삼현철강","2347","13155","10808","16176320","90491770","74315450"
"067390","아스트","4440","15936","11496","27982260","100749130","72766870"
"071280","로체시스템즈","28302","38861","10559","194548860","266170780","71621920"
"208640","썸에이지","85100","133421","48321","128366765","199066365","70699600"
"144510","지씨셀","13136","14323","1187","801740900","872173900","70433000"
"044060","조광ILI","7186","14854","7668","66648130","136627390","69979260"
"330860","네패스아크","1216","2933","1717","48781000","117196300","68415300"
"052900","KMH하이텍","19894","58072","38178","35488810","103489850","68001040"
"082800","비보존 헬스케어","8105","71865","63760","8613465","76604360","67990895"
"035600","KG이니시스","45054","49561","4507","704755550","771794600","67039050"
"217500","러셀","93628","108593","14965","427059985","493838095","66778110"
"035080","그래디언트","26645","29697","3052","639929950","706079950","66150000"
"170920","엘티씨","2857","8998","6141","30646850","96544050","65897200"
"413600","키움제6호스팩","27967","53793","25826","71226410","136414250","65187840"
"122640","예스티","11433","20765","9332","82862440","147195080","64332640"
"040350","큐로컴","56953","107189","50236","73535660","137725615","64189955"
"217620","디딤","17515","62309","44794","25023255","88761680","63738425"
"290740","액트로","17471","24588","7117","157677670","220227940","62550270"
"256630","포인트엔지니어링","11988","31589","19601","39216320","101604585","62388265"
"051780","큐로홀딩스","41699","141494","99795","25935327","87873428","61938101"
"035290","골드앤에스","10321","35685","25364","25033315","86601355","61568040"
"013030","하이록코리아","10569","13857","3288","197156850","258687950","61531100"
"145020","휴젤","10287","10805","518","1262545700","1323645300","61099600"
"192250","케이사인","28307","57472","29165","60330685","121197150","60866465"
"000250","삼천당제약","19746","21198","1452","853196700","914001800","60805100"
"050110","캠시스","46320","78339","32019","88598205","149265075","60666870"
"053270","구영테크","37096","52845","15749","145081340","205047915","59966575"
"037460","삼지전자","1234","6320","5086","14509500","74338800","59829300"
"101400","엔시트론","201985","263430","61445","197102309","256535530","59433221"
"261780","차백신연구소","140233","146798","6565","1261404460","1320755840","59351380"
"048470","대동스틸","4719","13905","9186","30732190","89669040","58936850"
"216050","인크로스","5321","7014","1693","186621400","245189200","58567800"
"117670","알파홀딩스","109999","128781","18782","334936760","393191360","58254600"
"204270","제이앤티씨","12801","23076","10275","73561200","131586020","58024820"
"039200","오스코텍","34320","36501","2181","962286400","1019926600","57640200"
"125210","아모그린텍","32311","36750","4439","445468750","502269250","56800500"
"277880","티에스아이","22285","26561","4276","270128200","324857450","54729250"
"206640","바디텍메드","4602","8513","3911","65398200","119718750","54320550"
"114810","아이원스","13747","19633","5886","128028620","182246600","54217980"
"078130","국일제지","59021","77182","18161","179650165","233333835","53683670"
"030350","드래곤플라이","25641","49934","24293","57391660","110777510","53385850"
"220260","켐트로스","11844","17646","5802","108144780","161385610","53240830"
"004650","창해에탄올","6248","9994","3746","90028500","142962200","52933700"
"900110","이스트아시아홀딩스","889274","1083560","194286","267538662","320246404","52707742"
"254120","자비스","19625","43446","23821","42342915","94342675","51999760"
"014190","원익큐브","48648","63961","15313","163852810","215408500","51555690"
"177350","베셀","31623","37668","6045","272047350","323544730","51497380"
"203400","에이비온","6469","11213","4744","71008250","121911100","50902850"
"065350","신성델타테크","3724","7690","3966","48002050","98679850","50677800"
"122350","삼기","14199","26390","12191","58734190","109319590","50585400"
"123420","위메이드플레이","13204","15012","1808","368833050","418999200","50166150"
"241520","DSC인베스트먼트","4027","13851","9824","20128845","69787660","49658815"
"208370","셀바스헬스케어","19474","35776","16302","60416225","110037040","49620815"
"352910","오비고","963","4595","3632","13511700","63060800","49549100"
"015710","코콤","11445","19067","7622","73831450","123362450","49531000"
"032680","소프트센","23298","44276","20978","55360925","104573830","49212905"
"147760","마이크로프랜드","3425","12677","9252","18070710","66446040","48375330"
"294630","서남","240758","260916","20158","810797175","857484175","46687000"
"215480","토박스코리아","462","8173","7711","2798480","49407550","46609070"
"065370","위세아이텍","4673","8375","3702","59473450","105517350","46043900"
"158430","아톤","2063","3506","1443","66160700","112021000","45860300"
"084730","팅크웨어","1570","4266","2696","26546550","71336900","44790350"
"950170","JTC","7570","19388","11818","28255100","72612420","44357320"
"310200","애니플러스","10265","23023","12758","36280300","80400515","44120215"
"037030","파워넷","27502","36212","8710","139435490","183418180","43982690"
"052600","한네트","14155","18868","4713","129476480","173166930","43690450"
"045300","성우테크론","44724","52885","8161","269366800","312027270","42660470"
"227950","엔투텍","9334","37119","27785","14148610","56316210","42167600"
"094820","일진파워","17407","19351","1944","358127150","399508350","41381200"
"353590","오토앤","2619","5401","2782","39271200","80471200","41200000"
"123410","코리아에프티","15121","27862","12741","48775105","89758855","40983750"
"065650","메디프론","33568","52749","19181","71256565","110315135","39058570"
"400560","하나금융20호스팩","67486","84119","16633","170129275","208951210","38821935"
"293580","나우IB","1363","5203","3840","13442540","51345430","37902890"
"068930","디지털대성","2501","7256","4755","19941980","57687370","37745390"
"043370","피에이치에이","3677","7801","4124","32937820","69943480","37005660"
"056700","신화인터텍","37983","50760","12777","114535370","151036315","36500945"
"013990","아가방컴퍼니","10596","19839","9243","40983815","76747035","35763220"
"238120","얼라인드","7995","11349","3354","87298850","122510050","35211200"
"314130","지놈앤컴퍼니","3783","5479","1696","82524200","117304850","34780650"
"215100","로보로보","65267","69125","3858","599064960","633684420","34619460"
"297570","알로이스","18829","34499","15670","41533365","76006475","34473110"
"080000","에스엔유","13093","22526","9433","48151590","82383175","34231585"
"041830","인바디","9134","10410","1276","251592700","285732800","34140100"
"246720","아스타","4837","11408","6571","25229280","59285800","34056520"
"092300","현우산업","22513","29174","6661","115596980","149257080","33660100"
"357580","아모센스","27379","29383","2004","502121800","535470850","33349050"
"225220","제놀루션","8536","10978","2442","113346250","145915250","32569000"
"226400","오스테오닉","9143","20016","10873","28773395","61289350","32515955"
"237750","피앤씨테크","57055","60402","3347","486004770","517755050","31750280"
"106520","노블엠앤비","21633","29618","7985","86979110","118659310","31680200"
"036180","지더블유바이텍","109073","144184","35111","95649624","126958467","31308843"
"220100","퓨쳐켐","6355","8172","1817","112460700","143053750","30593050"
"340930","유일에너테크","2231","3945","1714","39119750","69623050","30503300"
"008830","대동기어","7737","10967","3230","72607330","102912520","30305190"
"241840","에이스토리","7043","8302","1259","171638150","201481950","29843800"
"128660","피제이메탈","5827","11465","5638","30916230","60691670","29775440"
"008470","부스타","1503","6022","4519","9155210","36674970","27519760"
"023440","제이스코홀딩스","16165","27843","11678","37510460","64521895","27011435"
"131220","대한과학","6588","9525","2937","58671080","84230770","25559690"
"119860","다나와","10659","11997","1338","204057100","229478400","25421300"
"373340","유진스팩6호","15121","25692","10571","37648485","62824430","25175945"
"182360","큐브엔터","5651","7349","1698","87676350","112723450","25047100"
"072770","율호","34523","49693","15170","56080490","80357435","24276945"
"065420","에스아이리소스","57922","88478","30556","45293997","68560121","23266124"
"206400","베노홀딩스","15025","21017","5992","59353715","82446790","23093075"
"079950","인베니아","10000","19117","9117","25517995","48479420","22961425"
"044180","KD","9533","27255","17722","12186290","34752100","22565810"
"113810","디젠스","181123","200473","19350","205055550","227580795","22525245"
"196700","웹스","90515","96348","5833","389885190","412302770","22417580"
"089150","케이씨티","19895","22830","2935","138998070","160970900","21972830"
"357880","비트나인","7225","8800","1575","101353200","123257500","21904300"
"340570","티앤엘","1483","2137","654","51376750","73178250","21801500"
"036710","심텍홀딩스","31514","35749","4235","156886430","178520710","21634280"
"389030","지니너스","1905","3976","2071","20010150","41369800","21359650"
"051980","중앙디앤엠","14525","38841","24316","12547341","33784381","21237040"
"110790","크리스에프앤씨","5776","6313","537","221604150","242435200","20831050"
"030960","양지사","900","3086","2186","8494350","29027870","20533520"
"045660","에이텍","5787","7488","1701","69821300","90251000","20429700"
"200350","래몽래인","1869","2984","1115","33696450","53777850","20081400"
"123860","아나패스","1071","1897","826","26042300","46051250","20008950"
"140070","서플러스글로벌","1364","5670","4306","6298220","26151230","19853010"
"086060","진바이오텍","38592","42029","3437","226345960","245549410","19203450"
"017890","한국알콜","64","1673","1609","764600","19933700","19169100"
"010470","오리콤","14172","17205","3033","90336450","109128900","18792450"
"068790","DMS","11218","14186","2968","70443200","89182900","18739700"
"025870","신라에스지","2518","4000","1482","31364400","49788400","18424000"
"115160","휴맥스","18277","22585","4308","79947475","97893415","17945940"
"130740","티피씨글로벌","20554","25385","4831","77930795","95804940","17874145"
"286750","나노브릭","32265","39210","6945","83915225","101313685","17398460"
"038290","마크로젠","957","1567","610","27255050","44569500","17314450"
"900120","씨케이에이치","111721","178530","66809","30667795","47587883","16920088"
"192440","슈피겐코리아","1168","1572","404","48954500","65828950","16874450"
"034950","한국기업평가","40","254","214","3103900","19664100","16560200"
"214270","FSN","47905","50884","2979","268262240","284294800","16032560"
"083500","에프엔에스테크","15301","16916","1615","169717450","185749500","16032050"
"099410","동방선기","10964","15101","4137","42081540","57870035","15788495"
"195500","마니커에프앤지","29495","32312","2817","156566510","172054570","15488060"
"070300","엑스큐어","1657","6384","4727","5352375","20770925","15418550"
"161580","필옵틱스","1799","3644","1845","14965810","30209810","15244000"
"140520","대창스틸","17720","21742","4022","68224080","82975495","14751415"
"234690","녹십자웰빙","12593","14254","1661","118595420","133179370","14583950"
"064480","브리지텍","11423","14078","2655","59681870","74034120","14352250"
"096870","엘디티","3686","6809","3123","16965905","31154745","14188840"
"217330","싸이토젠","175","421","246","10114100","24207000","14092900"
"204020","그리티","12558","16907","4349","40390020","54280110","13890090"
"096240","크레버스","334","842","508","9121350","22973800","13852450"
"154030","아시아종묘","26241","28915","2674","133665780","147388550","13722770"
"039830","오로라","1487","2958","1471","13858500","27571610","13713110"
"353190","휴럼","23043","31118","8075","38525800","52220410","13694610"
"051500","CJ프레시웨이","5412","5741","329","212826250","226072450","13246200"
"219130","타이거일렉","1358","2038","680","25157200","37665200","12508000"
"094940","푸른기술","5728","7040","1312","57822910","70205200","12382290"
"006620","동구바이오제약","21575","23273","1698","164394700","176652400","12257700"
"262260","에이프로","2602","3465","863","38273900","50355950","12082050"
"122450","KMH","519","2012","1493","4175710","16198180","12022470"
"100590","머큐리","942","2492","1550","7237100","19097990","11860890"
"054180","메디콕스","88918","105430","16512","61352517","72890266","11537749"
"092070","디엔에프","2289","2851","562","46115550","57272850","11157300"
"115480","씨유메디칼","28110","36649","8539","34646560","44923510","10276950"
"023410","유진기업","31226","33458","2232","144148485","154254235","10105750"
"072990","에이치시티","4471","5337","866","55455400","65474500","10019100"
"089530","에이티세미콘","34320","42489","8169","40021950","50026685","10004735"
"082660","코스나인","29802","39896","10094","30636150","40458850","9822700"
"251370","와이엠티","1940","2457","517","38396700","48176700","9780000"
"023600","삼보판지","5946","6822","876","67977550","77667900","9690350"
"234300","에스트래픽","12117","14238","2121","56214445","65904465","9690020"
"418170","하나금융22호스팩","1428","5608","4180","3093790","12186160","9092370"
"052790","액토즈소프트","7024","7946","922","80924400","89967900","9043500"
"079170","한창산업","1886","2755","869","17961220","26334030","8372810"
"060480","국일신동","3003","5199","2196","11442370","19624725","8182355"
"108380","대양전기공업","4908","5611","703","65370600","73222800","7852200"
"191420","테고사이언스","1927","2315","388","37053150","44527150","7474000"
"031510","오스템","9995","13200","3205","21787745","28751300","6963555"
"034810","해성산업","706","1248","542","8986600","15898150","6911550"
"101240","씨큐브","720","1638","918","5220060","11795360","6575300"
"071850","캐스텍코리아","2087","4723","2636","4780695","10772085","5991390"
"019660","글로본","19318","21657","2339","46209185","52026940","5817755"
"053950","경남제약","19457","21366","1909","57153755","62541275","5387520"
"115440","우리넷","2999","3505","506","30114200","35114650","5000450"
"250060","모비스","2948","5266","2318","6214275","11086115","4871840"
"052020","에스티큐브","7694","8468","774","46092420","50831160","4738740"
"078070","유비쿼스홀딩스","461","721","260","8198550","12809850","4611300"
"005160","동국산업","9374","10700","1326","32796335","37316175","4519840"
"322780","코퍼스코리아","20234","21952","1718","58476495","62952275","4475780"
"005860","한일사료","457308","460704","3396","4219635580","4224071740","4436160"
"049630","재영솔루텍","27178","31718","4540","24927685","29193246","4265561"
"037070","파세코","3325","3557","232","60672850","64604900","3932050"
"255220","SG","11911","14036","2125","22375565","26135490","3759925"
"053620","태양","1307","1690","383","12392320","16027170","3634850"
"091440","텔레필드","44637","45184","547","182630675","186012380","3381705"
"187870","디바이스이엔지","1421","1588","167","30264900","33626950","3362050"
"049470","SGA","25372","28566","3194","26834080","30133310","3299230"
"016100","리더스코스메틱","2108","3157","1049","6603590","9795100","3191510"
"179530","애드바이오텍","9066","9655","589","47803960","50686740","2882780"
"032540","TJ미디어","16185","16654","469","106595530","109390820","2795290"
"211270","AP위성","49137","49401","264","899635500","902377550","2742050"
"100790","미래에셋벤처투자","4456","4828","372","33458630","36150950","2692320"
"021650","한국큐빅","2202","2906","704","8412300","11051575","2639275"
"066900","디에이피","9266","9948","682","37233320","39819425","2586105"
"109080","옵티시스","3677","3834","157","57241400","59598850","2357450"
"311690","CJ 바이오사이언스","317","381","64","11016800","13199600","2182800"
"290120","대유에이피","5335","5633","298","35244510","37252050","2007540"
"018290","브이티지엠피","8956","9296","340","56828770","58667030","1838260"
"019590","엠벤처투자","64826","65930","1104","79998865","81819905","1821040"
"354200","엔젠바이오","188","364","176","1919110","3675550","1756440"
"900250","크리스탈신소재","19819","21390","1571","23238815","24952305","1713490"
"038620","위즈코프","270723","268952","-1771","416116400","417828590","1712190"
"031980","피에스케이홀딩스","11124","11421","297","128902050","130544650","1642600"
"192390","윈하이텍","16539","16932","393","69092450","70399385","1306935"
"073190","듀오백","142","553","411","393615","1560060","1166445"
"017250","인터엠","700","1464","764","952000","1985990","1033990"
"201490","미투온","10991","11137","146","59164160","60132120","967960"
"049830","승일","869","932","63","10870900","11631900","761000"
"036620","감성코퍼레이션","27404","28102","698","45006330","45618285","611955"
"239610","에이치엘사이언스","59","74","15","2234550","2799250","564700"
"413630","유진스팩8호","29","266","237","63440","578295","514855"
"397880","교보11호스팩","0","167","167","0","371575","371575"
"323280","신영스팩5호","19","122","103","56280","361730","305450"
"391060","엔에이치스팩20호","1","109","108","2160","234650","232490"
"226360","KH 건설","0","139","139","0","211975","211975"
"222110","팬젠","54","81","27","426680","634330","207650"
"049520","유아이엘","1","34","33","2335","79430","77095"
"012790","신일제약","1785","1806","21","18474700","18546800","72100"
"366330","신한제7호스팩","0","14","14","0","30590","30590"
"340350","SK6호스팩","0","5","5","0","10725","10725"
"409570","한국제10호스팩","0","3","3","0","6630","6630"
"347140","케이프이에스제4호","0","2","2","0","4260","4260"
"250930","예선테크","2","4","2","3420","6820","3400"
"355150","교보10호스팩","0","1","1","0","2285","2285"
"343510","하나금융16호스팩","0","1","1","0","2200","2200"
"406760","하나금융21호스팩","4","1","-3","8760","2190","-6570"
"140670","알에스오토메이션","94393","94358","-35","1760515550","1760495250","-20300"
"349720","이베스트스팩5호","10","0","-10","21800","0","-21800"
"003800","에이스침대","269","267","-2","10878500","10838950","-39550"
"387310","대신밸런스제10호스팩","24","5","-19","58920","12175","-46745"
"264660","씨앤지하이테크","4","0","-4","51400","0","-51400"
"038540","상상인","69356","69481","125","740647200","740581450","-65750"
"386580","한화플러스제2호스팩","37","0","-37","85805","0","-85805"
"054800","아이디스홀딩스","35","28","-7","455000","360200","-94800"
"024940","PN풍년","20110","20135","25","98552645","98453335","-99310"
"069510","에스텍","25","12","-13","199340","95280","-104060"
"344050","신영스팩6호","57","1","-56","131320","2280","-129040"
"388790","IBKS제16호스팩","56","0","-56","136080","0","-136080"
"025770","한국정보통신","26","0","-26","208690","0","-208690"
"067170","오텍","5241","5205","-36","47727160","47459760","-267400"
"002230","피에스텍","154","76","-78","702465","343190","-359275"
"214260","라파스","10979","10930","-49","514106900","513715400","-391500"
"047770","코데즈컴바인","5084","4939","-145","11791190","11360810","-430380"
"405640","신한제9호스팩","241","0","-241","527790","0","-527790"
"263600","덕우전자","4231","4164","-67","33427500","32806090","-621410"
"110020","전진바이오팜","896","735","-161","3973915","3240835","-733080"
"002800","신신제약","134","0","-134","780220","0","-780220"
"041520","이라이콤","211","72","-139","1466740","499250","-967490"
"238490","힘스","122","0","-122","981960","0","-981960"
"009780","엠에스씨","2757","2634","-123","18472440","17477850","-994590"
"023460","CNH","4257","3774","-483","8951130","7936345","-1014785"
"175140","인포마크","389","262","-127","3123540","2098650","-1024890"
"950110","SBI핀테크솔루션즈","214","0","-214","1112850","0","-1112850"
"130580","나이스디앤비","150","2","-148","1339400","17720","-1321680"
"171120","라이온켐텍","167","0","-167","1365750","0","-1365750"
"093320","케이아이엔엑스","923","893","-30","48775300","47234500","-1540800"
"359090","씨엔알리서치","835","0","-835","1580235","0","-1580235"
"067730","로지시스","4214","3971","-243","27817550","26227350","-1590200"
"234920","자이글","1246","728","-518","4092690","2382610","-1710080"
"273060","와이즈버즈","1091","0","-1091","1726490","0","-1726490"
"060900","대한그린파워","72919","70775","-2144","64129111","62305133","-1823978"
"246960","이노테라피","551","396","-155","6271450","4432600","-1838850"
"043220","티에스넥스젠","62000","60640","-1360","82809980","80923190","-1886790"
"363250","진시스템","1949","1775","-174","21053100","19006000","-2047100"
"388800","유진스팩7호","954","0","-954","2102090","0","-2102090"
"123840","한일진공","2926","1","-2925","2108721","710","-2108011"
"347000","센코","387","214","-173","5462350","3014250","-2448100"
"365590","하이딥","9373","7857","-1516","15489160","13007240","-2481920"
"082920","비츠로셀","1729","1528","-201","21381800","18868300","-2513500"
"049550","잉크테크","360","0","-360","2539790","0","-2539790"
"412930","미래에셋비전스팩1호","1161","0","-1161","2548395","0","-2548395"
"027040","서울전자통신","3209","0","-3209","2579309","0","-2579309"
"025550","한국선재","35102","34718","-384","190199070","187577260","-2621810"
"220180","핸디소프트","790","38","-752","2917270","138135","-2779135"
"051390","YW","738","0","-738","3051120","0","-3051120"
"204840","지엘팜텍","19517","16484","-3033","19549337","16469528","-3079809"
"064850","에프앤가이드","386","10","-376","3172100","81900","-3090200"
"241770","메카로","3160","2935","-225","40206850","37086050","-3120800"
"042420","네오위즈홀딩스","6573","6504","-69","228346400","225155050","-3191350"
"214430","아이쓰리시스템","817","647","-170","16278450","12907650","-3370800"
"047310","파워로직스","8480","8030","-450","60217800","56836330","-3381470"
"217480","에스디생명공학","4707","3040","-1667","9573695","6150400","-3423295"
"006140","피제이전자","3678","3281","-397","28708700","25250030","-3458670"
"262840","아이퀘스트","405","1","-404","3475230","8500","-3466730"
"065060","지엔코","37079","32370","-4709","26881756","23353300","-3528456"
"046210","파나진","1278","260","-1018","4416060","883285","-3532775"
"101000","상상인인더스트리","4697","292","-4405","3782185","233600","-3548585"
"026040","제이에스티나","21222","20263","-959","82149550","78530545","-3619005"
"081150","티플랙스","45369","44280","-1089","245419230","241769130","-3650100"
"054620","APS홀딩스","427","114","-313","5040700","1337300","-3703400"
"065150","엠피대산","5741","495","-5246","4228856","364523","-3864333"
"041910","에스텍파마","613","186","-427","5574590","1687140","-3887450"
"044340","위닉스","1109","866","-243","17326250","13385500","-3940750"
"053290","NE능률","14173","13515","-658","97876360","93922200","-3954160"
"040300","YTN","1102","5","-1097","3978145","17825","-3960320"
"950200","소마젠","954","297","-657","5751480","1765200","-3986280"
"328380","미래에셋대우스팩3호","1627","0","-1627","3989575","0","-3989575"
"053590","한국테크놀로지","40317","34935","-5382","29584054","25541484","-4042570"
"023790","동일철강","6310","4886","-1424","18240860","14122650","-4118210"
"006920","모헨즈","5921","5136","-785","31193170","27063870","-4129300"
"109960","에이프로젠 H&G","16289","9345","-6944","9756766","5601881","-4154885"
"001000","신라섬유","3270","1399","-1871","7209970","3053510","-4156460"
"071200","인피니트헬스케어","2995","2385","-610","19613350","15452380","-4160970"
"277070","린드먼아시아","1266","476","-790","6677710","2491000","-4186710"
"361670","삼영에스앤씨","551","60","-491","4779730","518470","-4261260"
"191410","육일씨엔에쓰","3617","2440","-1177","13447825","8926180","-4521645"
"323230","엠에프엠코리아","3882","65","-3817","4632005","76700","-4555305"
"198080","엔피디","3828","2315","-1513","11761220","7128240","-4632980"
"228850","레이언스","1490","1068","-422","16847550","12012800","-4834750"
"052860","아이앤씨","3728","2410","-1318","13724995","8845660","-4879335"
"396770","엔에이치스팩22호","3693","1329","-2364","8197865","2932645","-5265220"
"171090","선익시스템","8981","8716","-265","174403500","169072000","-5331500"
"114450","KPX생명과학","11256","10306","-950","63795590","58296940","-5498650"
"131030","디에이치피코리아","829","44","-785","5882070","312400","-5569670"
"039610","화성밸브","10478","9635","-843","71120140","65364460","-5755680"
"279600","미디어젠","666","127","-539","7149250","1346200","-5803050"
"109860","동일금속","355","0","-355","6046950","0","-6046950"
"098660","에스티오","18137","16172","-1965","55269405","49105525","-6163880"
"246690","TS인베스트먼트","3970","1403","-2567","9578145","3388240","-6189905"
"215380","우정바이오","1335","81","-1254","6615530","398320","-6217210"
"405350","IBKS제17호스팩","2615","0","-2615","6304255","0","-6304255"
"083660","CSA 코스믹","3781","131","-3650","6619145","230100","-6389045"
"950190","미투젠","2523","2163","-360","44125650","37633750","-6491900"
"318410","비비씨","532","0","-532","6523700","0","-6523700"
"032750","삼진","1053","184","-869","7897240","1367850","-6529390"
"131100","스카이이앤엠","2276","154","-2122","7106540","474755","-6631785"
"007720","대명소노시즌","17277","11379","-5898","19505485","12856775","-6648710"
"388220","하나금융19호스팩","3305","347","-2958","7418165","757830","-6660335"
"190650","코리아에셋투자증권","640","0","-640","6802300","0","-6802300"
"054630","에이디칩스","71099","53823","-17276","27624940","20817654","-6807286"
"111710","남화산업","806","4","-802","6940710","34480","-6906230"
"225430","케이엠제약","24079","21313","-2766","50985595","44064585","-6921010"
"018120","진로발효","260","0","-260","7019900","0","-7019900"
"008290","원풍물산","14779","7613","-7166","14339263","7308709","-7030554"
"058450","일야","15458","6106","-9352","12393222","4908653","-7484569"
"207760","미스터블루","3182","2170","-1012","23541920","16013320","-7528600"
"005710","대원산업","1259","0","-1259","7529200","0","-7529200"
"149950","아바텍","784","354","-430","13932650","6230400","-7702250"
"300080","플리토","303","84","-219","10794100","2960000","-7834100"
"053700","삼보모터스","3275","1722","-1553","16549560","8681110","-7868450"
"049960","쎌바이오텍","4033","3500","-533","60624600","52682100","-7942500"
"069540","라이트론","35449","33607","-1842","158528265","150559055","-7969210"
"200780","비씨월드제약","2028","1368","-660","24670550","16646200","-8024350"
"027580","상보","29140","24950","-4190","55881385","47855240","-8026145"
"037330","인지디스플레","5753","2327","-3426","13594670","5455000","-8139670"
"046140","SBS콘텐츠허브","1140","0","-1140","8276220","0","-8276220"
"199800","툴젠","1266","1146","-120","81445400","73065600","-8379800"
"263700","케어랩스","6590","5527","-1063","52309970","43930050","-8379920"
"036560","영풍정밀","965","100","-865","9374450","971420","-8403030"
"067920","이글루","5240","3878","-1362","32324520","23872200","-8452320"
"093920","서원인텍","1357","17","-1340","8732270","108970","-8623300"
"200130","콜마비앤에이치","14293","14060","-233","439351150","430713800","-8637350"
"091590","남화토건","2529","1536","-993","21684280","13033020","-8651260"
"322180","티라유텍","811","38","-773","9109250","424950","-8684300"
"101330","모베이스","4468","2037","-2431","16032700","7282410","-8750290"
"290660","네오펙트","9030","5561","-3469","22940675","14042835","-8897840"
"083550","케이엠","1181","0","-1181","8947110","0","-8947110"
"054920","한컴위드","9541","8419","-1122","72033370","62984130","-9049240"
"062970","피피아이","3689","1163","-2526","13225805","4134390","-9091415"
"196300","애니젠","1120","309","-811","12606800","3471200","-9135600"
"131180","딜리","11876","7133","-4743","23099660","13868985","-9230675"
"263770","유에스티","3308","933","-2375","12879945","3620120","-9259825"
"092130","이크레더블","4142","3634","-508","76057450","66753600","-9303850"
"288330","브릿지바이오테라퓨틱스","3020","2176","-844","33001200","23693450","-9307750"
"382800","지앤비에스엔지니어링","4296","3617","-679","61466150","51773050","-9693100"
"263690","디알젬","1032","33","-999","10151850","324720","-9827130"
"025440","대성엘텍","463735","451883","-11852","437427112","427236255","-10190857"
"091340","S&K폴리텍","3183","1191","-1992","16441500","6136640","-10304860"
"352480","씨앤씨인터내셔널","1126","632","-494","23879500","13471500","-10408000"
"049120","파인디앤씨","4809","0","-4809","10414855","0","-10414855"
"317770","슈프리마아이디","734","124","-610","12528500","2096800","-10431700"
"036030","케이티알파","4041","2367","-1674","25417400","14880320","-10537080"
"337930","브랜드엑스코퍼레이션","2839","1596","-1243","24239730","13683110","-10556620"
"038950","파인디지털","6151","4433","-1718","38066830","27363780","-10703050"
"348350","위드텍","699","0","-699","10754900","0","-10754900"
"212560","네오오토","12087","10666","-1421","94676880","83873010","-10803870"
"066360","체리부로","8253","484","-7769","11611980","682600","-10929380"
"161570","THE MIDONG","8537","556","-7981","11731435","760495","-10970940"
"060570","드림어스컴퍼니","2726","107","-2619","11467605","451610","-11015995"
"307870","비투엔","4513","229","-4284","11631965","587090","-11044875"
"067280","멀티캠퍼스","370","119","-251","16293300","5227450","-11065850"
"092730","네오팜","837","362","-475","19397500","8326200","-11071300"
"023760","한국캐피탈","16549","3426","-13123","14130493","2918615","-11211878"
"251970","펌텍코리아","638","0","-638","11527800","0","-11527800"
"079650","서산","4886","104","-4782","11819665","250195","-11569470"
"352940","인바이오","5100","3377","-1723","34447040","22741940","-11705100"
"080010","이상네트웍스","4848","3081","-1767","32303520","20560370","-11743150"
"095270","웨이브일렉트로","3456","946","-2510","16289290","4473155","-11816135"
"039340","한국경제TV","2297","377","-1920","14142800","2314520","-11828280"
"019010","베뉴지","7151","2197","-4954","17123695","5254605","-11869090"
"256940","케이피에스","1619","0","-1619","12101160","0","-12101160"
"073010","케이에스피","9539","3760","-5779","20022760","7882960","-12139800"
"027830","대성창투","9005","4589","-4416","24718285","12562890","-12155395"
"310870","디와이씨","10725","4262","-6463","20519395","8138405","-12380990"
"041020","폴라리스오피스","14628","7822","-6806","26746130","14250055","-12496075"
"331380","포커스에이치엔에스","10098","5734","-4364","29271520","16703600","-12567920"
"307280","원바이오젠","19436","13097","-6339","38923320","26255245","-12668075"
"203450","유니온커뮤니티","4372","716","-3656","15395440","2472755","-12922685"
"318000","KBG","2122","392","-1730","15852930","2904400","-12948530"
"351320","에스에이티이엔지","9057","5350","-3707","32166185","19196500","-12969685"
"072520","제넨바이오","11184","5069","-6115","23886440","10820170","-13066270"
"014100","메디앙스","6751","4131","-2620","33798870","20670850","-13128020"
"066790","씨씨에스","20819","1755","-19064","14458518","1188135","-13270383"
"048430","유라테크","1440","5","-1435","13362720","46150","-13316570"
"050090","비케이홀딩스","37701","19367","-18334","27252847","13855943","-13396904"
"314930","바이오다인","831","313","-518","21437950","8021850","-13416100"
"208350","지란지교시큐리티","2867","14","-2853","13646315","66410","-13579905"
"255440","야스","1085","7","-1078","13698950","88200","-13610750"
"336570","대신밸런스제8호스팩","3649","58","-3591","13863715","215470","-13648245"
"038460","바이오스마트","8867","6045","-2822","42355010","28699170","-13655840"
"159580","제로투세븐","3310","1781","-1529","29381570","15679030","-13702540"
"045060","오공","3853","434","-3419","15541680","1750295","-13791385"
"114190","강원에너지","5397","2159","-3238","23339495","9344130","-13995365"
"203690","프로스테믹스","14607","8839","-5768","35089370","21086340","-14003030"
"110990","디아이티","2706","885","-1821","20972220","6929230","-14042990"
"03481K","해성산업1우","923","104","-819","15864800","1780550","-14084250"
"229000","젠큐릭스","1246","109","-1137","15417050","1311150","-14105900"
"039010","현대에이치티","1601","40","-1561","14736250","370000","-14366250"
"045970","코아시아","8500","6721","-1779","68898190","54510210","-14387980"
"217730","강스템바이오텍","7506","3168","-4338","25084155","10656700","-14427455"
"123330","제닉","3029","354","-2675","16389070","1914460","-14474610"
"086710","선진뷰티사이언스","2115","207","-1908","16076940","1549720","-14527220"
"066910","손오공","86386","80723","-5663","215484985","200907265","-14577720"
"307930","컴퍼니케이","2660","851","-1809","21458300","6860800","-14597500"
"024120","KB오토시스","18427","16416","-2011","131193810","116536470","-14657340"
"042040","케이피엠테크","57049","38743","-18306","44643140","29951250","-14691890"
"335810","프리시젼바이오","2201","395","-1806","17933730","3194550","-14739180"
"320000","윈텍","5623","0","-5623","14739275","0","-14739275"
"369370","블리츠웨이","6097","2482","-3615","24979615","10088790","-14890825"
"289010","아이스크림에듀","2630","69","-2561","15337490","405030","-14932460"
"007530","영신금속","7116","2337","-4779","22107005","7160945","-14946060"
"080530","코디","9347","0","-9347","14965925","0","-14965925"
"089230","THE E&M","48310","21522","-26788","27151482","12078933","-15072549"
"009300","삼아제약","2016","1140","-876","35192150","19926200","-15265950"
"264450","유비쿼스","974","247","-727","20469850","5181000","-15288850"
"090470","제이스텍","2621","365","-2256","17782860","2473130","-15309730"
"290720","푸드나무","791","177","-614","19941250","4439700","-15501550"
"258830","세종메디칼","44656","40690","-3966","173471535","157832050","-15639485"
"222040","코스맥스엔비티","3540","744","-2796","20269570","4246900","-16022670"
"322510","제이엘케이","5287","2542","-2745","30815210","14773060","-16042150"
"102940","코오롱생명과학","2299","1824","-475","77988050","61893950","-16094100"
"046440","KG모빌리언스","64084","62131","-1953","566788510","550564940","-16223570"
"079970","투비소프트","136359","121904","-14455","166987505","150674550","-16312955"
"065710","서호전기","843","0","-843","16355650","0","-16355650"
"036190","금화피에스시","589","40","-549","17867950","1210000","-16657950"
"251630","브이원텍","4525","2738","-1787","42318650","25576940","-16741710"
"020180","대신정보통신","59018","47388","-11630","82612105","65720790","-16891315"
"265740","엔에프씨","1785","375","-1410","21384900","4491950","-16892950"
"078940","코드네이처","13217","3258","-9959","22348145","5422210","-16925935"
"007680","대원","1807","26","-1781","17204460","248560","-16955900"
"196490","디에이테크놀로지","30362","27052","-3310","148734350","131732160","-17002190"
"040910","아이씨디","2049","370","-1679","20877550","3772700","-17104850"
"014940","오리엔탈정공","9371","4193","-5178","30914465","13792360","-17122105"
"376190","엘비루셈","1821","0","-1821","17487120","0","-17487120"
"090150","아이윈","10838","3189","-7649","24726360","7238760","-17487600"
"008370","원풍","8215","4966","-3249","44332030","26781590","-17550440"
"038880","아이에이","50353","32026","-18327","48249712","30676218","-17573494"
"100030","모바일리더","952","99","-853","19698700","2044550","-17654150"
"021040","대호특수강","26669","3833","-22836","20638120","2961262","-17676858"
"275630","에스에스알","3452","85","-3367","18650000","460310","-18189690"
"033200","모아텍","2836","53","-2783","18879770","348050","-18531720"
"033130","디지틀조선","7080","500","-6580","20040435","1422500","-18617935"
"347740","피엔케이피부임상연구센타","1389","296","-1093","23640850","5012100","-18628750"
"333620","엔시스","1490","420","-1070","26150950","7433100","-18717850"
"032940","원익","4210","50","-4160","19087160","225750","-18861410"
"376930","노을","3627","712","-2915","23642760","4620920","-19021840"
"021320","KCC건설","2320","91","-2229","19815290","775700","-19039590"
"241710","코스메카코리아","2025","568","-1457","26587950","7415250","-19172700"
"005990","매일홀딩스","2672","746","-1926","26522170","7295260","-19226910"
"228340","동양파일","5022","241","-4781","20262770","981575","-19281195"
"103840","우양","5579","1636","-3943","27376810","8028010","-19348800"
"237820","플레이디","3247","368","-2879","21890320","2469280","-19421040"
"045510","정원엔시스","10524","198","-10326","19828910","371855","-19457055"
"046070","코다코","15335","2060","-13275","22476975","2990130","-19486845"
"032980","바이온","31243","17902","-13341","46032850","26463975","-19568875"
"159010","아스플로","21481","21062","-419","492972350","473230300","-19742050"
"126600","코프라","22773","19979","-2794","163319400","143509870","-19809530"
"073540","에프알텍","16762","11861","-4901","67370435","47365780","-20004655"
"066620","국보디자인","1197","106","-1091","22030000","1945100","-20084900"
"340360","다보링크","13303","1013","-12290","21723135","1635240","-20087895"
"261200","덴티스","4851","2577","-2274","42961350","22814890","-20146460"
"192410","THQ","19538","16718","-2820","117814560","97663590","-20150970"
"060850","영림원소프트랩","1967","0","-1967","20231400","0","-20231400"
"291650","압타머사이언스","2435","482","-1953","25181800","4940250","-20241550"
"200470","에이팩트","8486","4923","-3563","49190970","28720350","-20470620"
"356890","싸이버원","1802","0","-1802","20609450","0","-20609450"
"230980","에이트원","17193","0","-17193","20633295","0","-20633295"
"215360","우리산업","1939","697","-1242","32745450","11812600","-20932850"
"018620","우진비앤지","58469","49267","-9202","129026315","107953470","-21072845"
"035610","솔본","5312","723","-4589","24701250","3347070","-21354180"
"002680","한탑","74739","68679","-6060","274975315","253344880","-21630435"
"033230","인성정보","27692","19440","-8252","73204550","51536200","-21668350"
"066430","와이오엠","20786","12594","-8192","55528725","33758800","-21769925"
"065130","탑엔지니어링","6116","2928","-3188","40918690","19092510","-21826180"
"317530","캐리소프트","3382","805","-2577","28548250","6676620","-21871630"
"150900","파수","20792","18524","-2268","206746040","184771570","-21974470"
"347700","라이프시맨틱스","4536","1407","-3129","32039180","10020850","-22018330"
"045520","크린앤사이언스","2972","1280","-1692","39116350","16938250","-22178100"
"121440","골프존뉴딘홀딩스","3478","782","-2696","28760200","6477000","-22283200"
"299170","더블유에스아이","12398","3203","-9195","30035180","7675880","-22359300"
"168330","내츄럴엔도텍","4685","354","-4331","24202030","1830020","-22372010"
"036480","대성미생물","1587","74","-1513","23556350","1099250","-22457100"
"033290","코웰패션","26361","23171","-3190","182824710","160358510","-22466200"
"065530","와이어블","57670","51852","-5818","209654320","187154765","-22499555"
"032960","동일기연","2283","505","-1778","28968000","6403900","-22564100"
"038060","루멘스","34409","17784","-16625","47330705","24494965","-22835740"
"065170","비엘팜텍","19599","1","-19598","22937445","1165","-22936280"
"059100","아이컴포넌트","5870","2780","-3090","43391700","20450560","-22941140"
"065690","파커스","8648","750","-7898","25209520","2194075","-23015445"
"087600","픽셀플러스","4722","2281","-2441","44575050","21438440","-23136610"
"054300","팬스타엔터프라이즈","29198","2372","-26826","25198994","2059977","-23139017"
"043710","서울리거","24372","6924","-17448","32569790","9300380","-23269410"
"134060","이퓨쳐","4105","957","-3148","30335990","7038830","-23297160"
"099750","이지케어텍","1695","1081","-614","64270650","40850000","-23420650"
"018680","서울제약","4248","509","-3739","26640770","3199820","-23440950"
"204630","스튜디오산타클로스","5536","3239","-2297","56196980","32636100","-23560880"
"288980","모아데이타","2396","501","-1895","29808700","6239200","-23569500"
"052260","현대바이오랜드","2390","905","-1485","38026150","14386200","-23639950"
"079960","동양이엔피","1496","44","-1452","24362700","715000","-23647700"
"317120","라닉스","3256","44","-3212","24044960","328130","-23716830"
"046940","우원개발","12822","7716","-5106","60237935","36378580","-23859355"
"187420","제노포커스","14389","10579","-3810","83592960","59698590","-23894370"
"093520","매커스","15046","12875","-2171","154065280","130133000","-23932280"
"317870","엔바이오니아","2831","995","-1836","37081400","13047000","-24034400"
"332290","누보","34048","25545","-8503","96233925","71937145","-24296780"
"174880","장원테크","53480","40846","-12634","99987755","75124350","-24863405"
"052670","제일바이오","36084","25498","-10586","86441985","61482565","-24959420"
"197140","디지캡","8245","2111","-6134","33610445","8596855","-25013590"
"047560","이스트소프트","6041","3917","-2124","70666500","45578900","-25087600"
"067010","이씨에스","14532","8912","-5620","65497370","40258905","-25238465"
"298870","다올인베스트먼트","9583","3316","-6267","38561250","13249965","-25311285"
"064820","케이프","12883","7565","-5318","61035720","35660000","-25375720"
"312610","에이에프더블류","9735","3664","-6071","40817080","15345630","-25471450"
"066590","우수AMS","47614","42294","-5320","221189360","195645275","-25544085"
"066130","하츠","3160","220","-2940","27483390","1903430","-25579960"
"042520","한스바이오메드","2431","0","-2431","25717750","0","-25717750"
"032280","삼일","369339","365165","-4174","1067336950","1041601225","-25735725"
"260660","알리코제약","3624","53","-3571","26269230","382660","-25886570"
"224110","에이텍티앤","4872","2694","-2178","57238050","31293800","-25944250"
"246710","티앤알바이오팹","7705","6428","-1277","163040650","136975500","-26065150"
"256150","한독크린텍","2708","381","-2327","30513400","4256050","-26257350"
"059210","메타바이오메드","15242","5717","-9525","42148860","15823490","-26325370"
"408920","에스케이증권7호스팩","12770","801","-11969","28118835","1778110","-26340725"
"225530","보광산업","6863","3122","-3741","48398630","22015630","-26383000"
"063440","SM Life Design","28897","18974","-9923","77034060","50593300","-26440760"
"308100","까스텔바작","3147","107","-3040","27473390","944810","-26528580"
"115530","씨엔플러스","44652","4689","-39963","29737563","3124134","-26613429"
"236200","슈프리마","1419","251","-1168","32436350","5750750","-26685600"
"214180","민앤지","3527","1915","-1612","58670000","31945750","-26724250"
"104460","디와이피엔에프","733","18","-715","27560250","673200","-26887050"
"012620","원일특강","2185","11","-2174","27207600","136750","-27070850"
"101930","인화정공","3100","1296","-1804","46327550","19245150","-27082400"
"054090","삼진엘앤디","36783","27512","-9271","107815975","80686260","-27129715"
"067900","와이엔텍","4925","2357","-2568","51862700","24636000","-27226700"
"221980","케이디켐","1986","137","-1849","29332950","2013900","-27319050"
"036170","클라우드에어","26315","4335","-21980","32950425","5431910","-27518515"
"022220","TKG애강","17115","3281","-13834","34050940","6507370","-27543570"
"087010","펩트론","6205","3484","-2721","62853100","35250600","-27602500"
"096630","에스코넥","23481","3689","-19792","33047410","5182495","-27864915"
"024800","유성티엔에스","11313","2309","-9004","35122705","7179590","-27943115"
"196450","코아시아옵틱스","16672","5553","-11119","42090180","13935035","-28155145"
"353810","이지바이오","174937","170441","-4496","1067585800","1039420870","-28164930"
"081580","성우전자","21541","13920","-7621","79761890","51536590","-28225300"
"043100","솔고바이오","51486","11626","-39860","36498257","8181954","-28316303"
"054040","한국컴퓨터","7010","886","-6124","32557640","4127970","-28429670"
"072870","메가스터디","5355","2918","-2437","62626700","34167350","-28459350"
"080520","오디텍","6670","2450","-4220","44982800","16520220","-28462580"
"155650","와이엠씨","15735","11844","-3891","113294270","84650550","-28643720"
"352770","클리노믹스","6002","2954","-3048","55602390","26926890","-28675500"
"101390","아이엠","5182","611","-4571","32561200","3858880","-28702320"
"040420","정상제이엘에스","5177","1466","-3711","40203380","11374830","-28828550"
"327260","RF머트리얼즈","11530","9458","-2072","157704850","128763450","-28941400"
"052220","iMBC","12872","5717","-7155","52361865","23236310","-29125555"
"200710","에이디테크놀로지","7433","5910","-1523","141520150","112207400","-29312750"
"039310","세중","10256","1938","-8318","36109890","6770295","-29339595"
"215790","이노인스트루먼트","16848","1460","-15388","32189190","2784995","-29404195"
"068050","팬엔터테인먼트","12091","4928","-7163","49329355","19861365","-29467990"
"357550","석경에이티","2703","838","-1865","42571150","13076200","-29494950"
"036670","KCI","3465","302","-3163","32365330","2808610","-29556720"
"097800","윈팩","18340","822","-17518","31003785","1372740","-29631045"
"019540","일지테크","9533","133","-9400","30139085","425390","-29713695"
"072470","우리산업홀딩스","7109","555","-6554","32211355","2497035","-29714320"
"900260","로스웰","216042","143544","-72498","86539950","56823847","-29716103"
"083930","아바코","7574","5206","-2368","95197450","65467000","-29730450"
"080720","한국유니온제약","5052","1427","-3625","41597010","11749680","-29847330"
"252990","샘씨엔에스","12278","7346","-4932","75740390","45340540","-30399850"
"263810","상신전자","11463","3911","-7552","46275005","15839370","-30435635"
"105740","디케이락","4790","2005","-2785","52285150","21776150","-30509000"
"033560","블루콤","3511","500","-3011","35649450","5125000","-30524450"
"039420","케이엘넷","11300","2650","-8650","39838910","9312930","-30525980"
"096350","대창솔루션","144593","82810","-61783","72063821","41517131","-30546690"
"038390","레드캡투어","1527","118","-1409","33327450","2550100","-30777350"
"205500","액션스퀘어","15001","6484","-8517","54268955","23483775","-30785180"
"065770","CS","17073","5340","-11733","45090705","14140160","-30950545"
"127120","디엔에이링크","8832","1460","-7372","37086340","6107930","-30978410"
"066980","이엔코퍼레이션","11319","2020","-9299","38150175","6811530","-31338645"
"195990","에이비프로바이오","97470","59391","-38079","80501655","49126346","-31375309"
"031310","아이즈비전","8719","170","-8549","32001895","621120","-31380775"
"199820","제일전기공업","2409","197","-2212","34224350","2805450","-31418900"
"094170","동운아나텍","17267","12265","-5002","105968240","74340510","-31627730"
"072020","중앙백신","2853","566","-2287","39531500","7844600","-31686900"
"053300","한국정보인증","7247","2154","-5093","44901230","13208530","-31692700"
"010280","쌍용정보통신","59026","27987","-31039","60607165","28895130","-31712035"
"154040","솔루에타","10431","475","-9956","33290040","1512195","-31777845"
"139050","시티랩스","126232","87250","-38982","102169489","70203125","-31966364"
"040610","SG&G","59314","46973","-12341","150765680","118711270","-32054410"
"037370","EG","4620","1927","-2693","54797200","22701750","-32095450"
"198440","고려시멘트","62751","54737","-8014","248201190","216010855","-32190335"
"049720","고려신용정보","5011","1428","-3583","44964560","12751240","-32213320"
"033320","제이씨현시스템","13965","9000","-4965","90772670","58446060","-32326610"
"094840","슈프리마에이치큐","5395","873","-4522","38610380","6257490","-32352890"
"305090","마이크로디지탈","6510","1997","-4513","46706590","14290100","-32416490"
"032800","판타지오","45029","32","-44997","32487830","22968","-32464862"
"124500","아이티센","7810","1058","-6752","37955675","5120050","-32835625"
"047080","한빛소프트","11317","3615","-7702","48908410","15731220","-33177190"
"082850","우리바이오","46433","38315","-8118","187281255","154080810","-33200445"
"058970","엠로","2810","847","-1963","47683300","14307250","-33376050"
"223250","드림씨아이에스","3053","556","-2497","40633900","7243450","-33390450"
"187790","나노","37294","12336","-24958","50088240","16632635","-33455605"
"214310","에스엘바이오닉스","9240","1306","-7934","39327725","5535680","-33792045"
"042500","링네트","7195","1332","-5863","41445080","7592320","-33852760"
"144960","뉴파워프라즈마","17339","10689","-6650","87775310","53880800","-33894510"
"092460","한라IMS","7638","1621","-6017","43155360","9184340","-33971020"
"104620","노랑풍선","4278","1381","-2897","50366450","16364850","-34001600"
"106190","하이텍팜","3050","0","-3050","34073350","0","-34073350"
"011080","형지I&C","38009","4874","-33135","39377940","5119970","-34257970"
"014570","고려제약","5771","1819","-3952","50669010","16105040","-34563970"
"189980","흥국에프엔비","24033","14891","-9142","91392470","56737315","-34655155"
"111870","KH 전자","65425","6805","-58620","39274033","4085514","-35188519"
"272110","케이엔제이","4138","1614","-2524","57713600","22372200","-35341400"
"035200","프럼파스트","27446","20981","-6465","141418110","105918610","-35499500"
"032080","아즈텍WB","23051","9907","-13144","62146490","26411935","-35734555"
"347890","엠투아이","4237","156","-4081","37111360","1350740","-35760620"
"302430","이노메트리","3144","298","-2846","39749800","3762600","-35987200"
"348030","모비릭스","2554","75","-2479","37157700","1083750","-36073950"
"142210","유니트론텍","15772","9387","-6385","88666040","52589320","-36076720"
"232140","와이아이케이","9771","2680","-7091","49689550","13572670","-36116880"
"053280","예스24","16817","12157","-4660","130801130","94536700","-36264430"
"217190","제너셈","6080","1472","-4608","47771970","11486050","-36285920"
"069330","유아이디","18536","4559","-13977","48118115","11783005","-36335110"
"079000","와토스코리아","6580","1063","-5517","43669220","7047800","-36621420"
"184230","SGA솔루션즈","49214","13796","-35418","51318965","14376790","-36942175"
"258610","케일럼","8976","296","-8680","38375020","1266315","-37108705"
"023770","플레이위드","84659","81557","-3102","1127039400","1089926100","-37113300"
"035620","바른손이앤에이","39927","11398","-28529","52531785","15096665","-37435120"
"028080","휴맥스홀딩스","17625","8913","-8712","75932905","38388050","-37544855"
"042110","에스씨디","123061","109231","-13830","322028525","284462025","-37566500"
"053060","세동","106619","85049","-21570","180285945","142696220","-37589725"
"331920","셀레믹스","5104","948","-4156","46103140","8503420","-37599720"
"012860","모베이스전자","21626","1153","-20473","39769990","2128580","-37641410"
"950140","잉글우드랩","7229","1264","-5965","45677180","7944500","-37732680"
"043340","에쎈테크","56785","29399","-27386","78181935","40219135","-37962800"
"171010","램테크놀러지","16634","11475","-5159","122169180","84179430","-37989750"
"039980","리노스","36972","2009","-34963","40445105","2179765","-38265340"
"053350","이니텍","8934","374","-8560","40096100","1668220","-38427880"
"109740","디에스케이","6240","163","-6077","39674380","1034600","-38639780"
"038680","에스넷","13371","7921","-5450","94468730","55762620","-38706110"
"153490","우리이앤엘","26806","2468","-24338","42819765","3954235","-38865530"
"170790","파이오링크","5682","2738","-2944","74525350","35610550","-38914800"
"060280","큐렉소","9113","4103","-5010","71351440","32099090","-39252350"
"066310","큐에스아이","10159","7035","-3124","127164750","87223900","-39940850"
"105330","케이엔더블유","10687","6664","-4023","107422930","66987050","-40435880"
"377220","프롬바이오","5584","796","-4788","47220060","6732000","-40488060"
"330350","위더스제약","4468","265","-4203","43055230","2525360","-40529870"
"037230","한국팩키지","12087","1925","-10162","48264930","7704970","-40559960"
"290270","휴네시온","10997","3234","-7763","57665730","16932530","-40733200"
"031330","에스에이엠티","12112","2895","-9217","53598155","12832550","-40765605"
"001540","안국약품","4088","0","-4088","40895060","0","-40895060"
"086820","바이오솔루션","3081","275","-2806","45567250","4015000","-41552250"
"093640","다믈멀티미디어","11533","1186","-10347","46392620","4744410","-41648210"
"143160","아이디스","2152","596","-1556","57821050","16001900","-41819150"
"063570","한국전자금융","10154","3167","-6987","60814640","18987650","-41826990"
"302550","리메드","2365","115","-2250","44132950","2137000","-41995950"
"239890","피엔에이치테크","2340","644","-1696","57901350","15842950","-42058400"
"339950","아이비김영","20013","4859","-15154","55517235","13411325","-42105910"
"222160","바이옵트로","7893","2859","-5034","65971190","23759370","-42211820"
"122990","와이솔","7119","3051","-4068","74007800","31534600","-42473200"
"900300","오가닉티코스메틱","143919","51003","-92916","65777700","23240912","-42536788"
"143540","영우디에스피","51455","29094","-22361","98088090","55450220","-42637870"
"900270","헝셩그룹","880137","797144","-82993","466782795","424057870","-42724925"
"092600","앤씨앤","13942","3471","-10471","56844905","14068055","-42776850"
"250000","보라티알","7114","3990","-3124","98167100","55064000","-43103100"
"348150","고바이오랩","3278","535","-2743","51673000","8464400","-43208600"
"073110","엘엠에스","11461","7063","-4398","111997620","68773520","-43224100"
"036000","예림당","20065","1844","-18221","47855270","4371445","-43483825"
"007330","푸른저축은행","4392","348","-4044","47247400","3758400","-43489000"
"067770","세진티에스","14251","4315","-9936","62846750","18945210","-43901540"
"224060","코디엠","228119","1279","-226840","44166791","245559","-43921232"
"054410","케이피티유","7572","1202","-6370","52234200","8293590","-43940610"
"041590","플래스크","50987","26386","-24601","90477615","46388660","-44088955"
"037760","쎄니트","20643","211","-20432","44629780","454705","-44175075"
"079940","가비아","3380","0","-3380","44198050","0","-44198050"
"052330","코텍","7522","3270","-4252","78182100","33914900","-44267200"
"060380","동양에스텍","15687","1662","-14025","49628500","5260230","-44368270"
"263050","유틸렉스","3702","178","-3524","47008250","2273900","-44734350"
"309930","오하임아이엔티","12354","775","-11579","48117570","3025175","-45092395"
"042510","라온시큐어","25154","11734","-13420","84744640","39567845","-45176795"
"226340","본느","20712","7","-20705","45314180","15330","-45298850"
"365900","브이씨","7127","2977","-4150","77742600","32238200","-45504400"
"052300","초록뱀컴퍼니","88458","44751","-43707","92279720","46570375","-45709345"
"014970","삼륭물산","49903","44366","-5537","368285950","322209710","-46076240"
"066700","테라젠이텍스","11099","1980","-9119","56334360","10048920","-46285440"
"230240","에치에프알","16395","14956","-1439","524239450","477657900","-46581550"
"078860","아이오케이","112411","59477","-52934","100550183","53066277","-47483906"
"123040","엠에스오토텍","11508","2533","-8975","61022270","13459010","-47563260"
"900070","글로벌에스엠","190181","139932","-50249","178115378","130169960","-47945418"
"088130","동아엘텍","5512","0","-5512","47993330","0","-47993330"
"290690","소룩스","5074","361","-4713","51706700","3677850","-48028850"
"332570","와이팜","9187","50","-9137","48313140","258100","-48055040"
"065570","삼영이엔씨","24429","17043","-7386","157155950","109073000","-48082950"
"032850","비트컴퓨터","6477","695","-5782","54132020","5787850","-48344170"
"263800","데이타솔루션","8709","1052","-7657","55132330","6646260","-48486070"
"236810","엔비티","8350","2962","-5388","75113310","26453350","-48659960"
"070590","한솔인티큐브","21561","819","-20742","51001315","1942710","-49058605"
"119610","인터로조","2391","806","-1585","74261450","25064000","-49197450"
"330730","스톤브릿지벤처스","9209","1813","-7396","61636570","12100440","-49536130"
"046110","한일네트웍스","4175","0","-4175","49682500","0","-49682500"
"075130","플랜티넷","29011","14271","-14740","98151835","48120830","-50031005"
"950130","엑세스바이오","17370","14558","-2812","292146800","242079900","-50066900"
"054780","키이스트","5482","410","-5072","54121270","4007320","-50113950"
"017650","대림제지","5585","331","-5254","53549840","3155090","-50394750"
"078140","대봉엘에스","8039","2727","-5312","76137640","25401190","-50736450"
"054940","엑사이엔씨","63765","26979","-36786","88189520","37382880","-50806640"
"260970","에스앤디","2782","320","-2462","57390900","6560100","-50830800"
"321550","티움바이오","6265","3194","-3071","103439350","52547500","-50891850"
"130500","GH신소재","13682","3443","-10239","68280380","17152745","-51127635"
"067080","대화제약","6375","16","-6359","51331820","129440","-51202380"
"290520","신도기연","8349","398","-7951","54034580","2550660","-51483920"
"391710","엔에이치스팩21호","94479","78233","-16246","277650625","225573940","-52076685"
"321820","와이더플래닛","10541","5600","-4941","109309900","57232300","-52077600"
"122690","서진오토모티브","20345","6758","-13587","77825490","25728625","-52096865"
"092190","서울바이오시스","24710","18542","-6168","208671110","156430010","-52241100"
"304100","솔트룩스","4562","174","-4388","54437300","2096700","-52340600"
"134580","탑코미디어","6970","615","-6355","57487770","5066370","-52421400"
"166480","코아스템","17619","13797","-3822","236227750","183350250","-52877500"
"104540","코렌텍","8548","4249","-4299","106252500","53155300","-53097200"
"263020","디케이앤디","16033","1834","-14199","60070875","6839620","-53231255"
"304840","피플바이오","5098","1","-5097","53246500","10350","-53236150"
"033170","시그네틱스","80857","57016","-23841","173355995","119600030","-53755965"
"238090","앤디포스","7104","410","-6694","57130900","3285530","-53845370"
"115610","이미지스","72734","53876","-18858","208279730","154278995","-54000735"
"376290","씨유테크","9947","1159","-8788","61285530","7164370","-54121160"
"026910","광진실업","10544","38","-10506","54407410","195750","-54211660"
"065680","우주일렉트로","3471","1644","-1827","102767150","48480450","-54286700"
"291230","엔피","17411","11744","-5667","168466780","114168380","-54298400"
"038530","골드퍼시픽","71009","2180","-68829","56056645","1721770","-54334875"
"064800","젬백스링크","36698","0","-36698","54740150","0","-54740150"
"043360","디지아이","19034","5034","-14000","74363175","19601255","-54761920"
"123570","이엠넷","11146","1788","-9358","65144240","10371330","-54772910"
"032620","유비케어","9307","897","-8410","60691150","5793870","-54897280"
"298540","더네이쳐홀딩스","3820","2056","-1764","118781600","63751400","-55030200"
"024840","KBI메탈","39585","14951","-24634","88554535","33335100","-55219435"
"301300","바이브컴퍼니","2224","781","-1443","85553000","29978650","-55574350"
"041920","메디아나","13648","3766","-9882","76527810","20876360","-55651450"
"102120","어보브반도체","14734","10450","-4284","189825400","133186400","-56639000"
"177830","파버나인","17444","5074","-12370","79899430","23146440","-56752990"
"173940","에프엔씨엔터","9659","1190","-8469","64689210","7883990","-56805220"
"089600","나스미디어","2271","150","-2121","60878000","4029100","-56848900"
"057030","YBM넷","11535","71","-11464","57296600","354930","-56941670"
"043090","한창바이오텍","31000","751","-30249","58378440","1411545","-56966895"
"099430","바이오플러스","8799","6694","-2105","236207100","178965450","-57241650"
"242040","나무기술","28764","2950","-25814","63931740","6533115","-57398625"
"019550","SBI인베스트먼트","87676","52437","-35239","142797665","85392635","-57405030"
"297890","HB솔루션","3580","32","-3548","58358150","517800","-57840350"
"260930","씨티케이","26278","20049","-6229","247581410","189679180","-57902230"
"095190","이엠코리아","19797","3095","-16702","69001305","10825405","-58175900"
"363260","하나금융17호스팩","169579","148303","-21276","455283125","397030380","-58252745"
"043590","크로바하이텍","26679","2376","-24303","64295355","5794615","-58500740"
"007770","한일화학","4337","882","-3455","73801250","15041350","-58759900"
"127710","아시아경제","25726","3492","-22234","69032035","9360735","-59671300"
"131760","파인텍","49674","3551","-46123","64479010","4603765","-59875245"
"265520","AP시스템","8818","6061","-2757","191935600","132042100","-59893500"
"027050","코리아나","20029","4547","-15482","77504725","17543880","-59960845"
"094480","갤럭시아머니트리","25028","17181","-7847","191752940","131488160","-60264780"
"351330","이삭엔지니어링","5324","250","-5074","63765300","2988300","-60777000"
"101160","월덱스","7275","4724","-2551","172596500","111778050","-60818450"
"036120","SCI평가정보","21170","2236","-18934","68382850","7184005","-61198845"
"311390","네오크레마","9437","6058","-3379","170050100","108291650","-61758450"
"075970","동국알앤에스","68805","57128","-11677","336455185","274258635","-62196550"
"005670","푸드웰","9489","172","-9317","63544300","1148960","-62395340"
"141000","비아트론","6569","300","-6269","65636110","3000000","-62636110"
"044780","에이치케이","42634","13485","-29149","91535690","28809630","-62726060"
"147830","제룡산업","20524","2191","-18333","70211865","7465860","-62746005"
"285490","노바텍","3251","1484","-1767","115927000","52959900","-62967100"
"204620","글로벌텍스프리","36572","15816","-20756","110621745","47637245","-62984500"
"039740","한국정보공학","23375","9613","-13762","107124675","44096200","-63028475"
"025880","케이씨피드","101656","88456","-13200","489152450","425721115","-63431335"
"037950","엘컴텍","63696","16907","-46789","86338930","22892180","-63446750"
"046310","백금T&A","24398","6206","-18192","85009740","21556300","-63453440"
"382480","지아이텍","49487","32528","-16959","186073920","122599490","-63474430"
"307180","아이엘사이언스","55701","41852","-13849","263331160","199713725","-63617435"
"104830","원익머트리얼즈","21765","20183","-1582","815378300","750423300","-64955000"
"294140","레몬","16123","438","-15685","67059355","1793460","-65265895"
"102370","케이옥션","4807","1902","-2905","109182050","43528450","-65653600"
"241790","오션브릿지","4588","188","-4400","68497700","2782400","-65715300"
"303530","이노뎁","3747","171","-3576","68868300","3143150","-65725150"
"043150","바텍","3252","1482","-1770","120127000","54259950","-65867050"
"099220","SDN","48975","27526","-21449","149128875","82716550","-66412325"
"372800","아이티아이즈","5366","10","-5356","66608950","125000","-66483950"
"219550","디와이디","62934","46664","-16270","253837715","187153625","-66684090"
"238200","비피도","11635","4500","-7135","109498590","42465570","-67033020"
"024910","경창산업","25521","1149","-24372","70800625","3168935","-67631690"
"239340","줌인터넷","23818","9972","-13846","116696185","48963085","-67733100"
"263720","디앤씨미디어","3591","908","-2683","90662250","22636700","-68025550"
"067570","엔브이에이치코리아","31945","16046","-15899","137986835","69943780","-68043055"
"322310","오로스테크놀로지","4052","616","-3436","80534650","12235600","-68299050"
"050960","수산아이앤티","7555","1716","-5839","88255600","19860850","-68394750"
"053610","프로텍","6687","4355","-2332","192295050","123844850","-68450200"
"065950","웰크론","52661","35808","-16853","215003840","146334830","-68669010"
"072950","빛샘전자","13436","4542","-8894","104780430","35557380","-69223050"
"133750","메가엠디","21226","262","-20964","70146565","858135","-69288430"
"078150","HB테크놀러지","37950","7923","-30027","87604285","18155495","-69448790"
"036800","나이스정보통신","2558","148","-2410","73813150","4282450","-69530700"
"089850","유비벨록스","7655","2821","-4834","109863950","40196200","-69667750"
"004780","대륙제관","14495","1101","-13394","75560370","5741970","-69818400"
"137940","넥스트아이","81823","9438","-72385","79194334","9158968","-70035366"
"241690","유니테크노","10560","2192","-8368","88647910","18434790","-70213120"
"153710","옵티팜","7727","247","-7480","72677050","2332250","-70344800"
"016250","SGC이테크건설","2246","825","-1421","111477600","40812750","-70664850"
"257720","실리콘투","5117","617","-4500","80357650","9554650","-70803000"
"357230","에이치피오","7842","1382","-6460","85967600","15049050","-70918550"
"016920","카스","41350","15125","-26225","112298550","41273550","-71025000"
"153460","네이블","14701","4502","-10199","102777550","31499920","-71277630"
"178320","서진시스템","34480","30501","-3979","595222750","523872150","-71350600"
"094360","칩스앤미디어","8700","5085","-3615","169347600","97645900","-71701700"
"273640","와이엠텍","4882","710","-4172","84276600","12254850","-72021750"
"039560","다산네트웍스","20828","10912","-9916","151128200","78999850","-72128350"
"023160","태광","12710","7221","-5489","168366700","95841850","-72524850"
"046970","우리로","101751","67006","-34745","211075760","138497210","-72578550"
"041930","동아화성","7873","987","-6886","82977000","10324800","-72652200"
"228760","지노믹트리","9621","3889","-5732","122171550","49132200","-73039350"
"067290","JW신약","50276","33600","-16676","220206280","147062485","-73143795"
"187220","디티앤씨","12891","699","-12192","77763100","4206340","-73556760"
"059090","미코","7997","1061","-6936","85762000","11388500","-74373500"
"270660","에브리봇","6686","4678","-2008","245855450","171462200","-74393250"
"252500","세화피앤씨","56521","11773","-44748","93794920","19286260","-74508660"
"169330","엠브레인","26832","8694","-18138","110621385","36055320","-74566065"
"086890","이수앱지스","13545","3482","-10063","100419310","25809050","-74610260"
"222810","마이더스AI","112740","82038","-30702","270705035","196064815","-74640220"
"219420","링크제니시스","11184","926","-10258","82913520","6823270","-76090250"
"049180","셀루메드","19249","4432","-14817","98840700","22580230","-76260470"
"043910","자연과환경","573919","537073","-36846","1054888990","978438005","-76450985"
"088290","이원컴포텍","12203","3200","-9003","103926860","27086320","-76840540"
"136540","윈스","8585","4243","-4342","151823550","74578100","-77245450"
"208140","정다운","144096","117293","-26803","424707965","347107395","-77600570"
"108230","톱텍","25685","15869","-9816","203282970","125677180","-77605790"
"377480","마인즈랩","8023","4069","-3954","158164450","80558450","-77606000"
"138610","나이벡","6263","3210","-3053","156958200","79303550","-77654650"
"126640","화신정공","44331","5805","-38526","89976360","11688425","-78287935"
"063760","이엘피","14909","3456","-11453","102510070","23780420","-78729650"
"189690","포시에스","10525","143","-10382","79811590","1075810","-78735780"
"290550","디케이티","13434","6495","-6939","152425650","73630350","-78795300"
"096690","에이루트","175192","15411","-159781","86585068","7680881","-78904187"
"037440","희림","35531","24629","-10902","258859310","179901800","-78957510"
"102710","이엔에프테크놀로지","19998","17643","-2355","674920550","595636600","-79283950"
"099190","아이센스","4558","2058","-2500","144829900","65100500","-79729400"
"033050","제이엠아이","66245","3374","-62871","84516850","4325655","-80191195"
"011370","서한","59658","7511","-52147","91851495","11651105","-80200390"
"053980","오상자이엘","13092","1095","-11997","87661760","7292630","-80369130"
"029960","코엔텍","19716","9990","-9726","163883630","82934760","-80948870"
"048870","시너지이노베이션","31118","11328","-19790","128577095","47070435","-81506660"
"265560","영화테크","6292","795","-5497","94359250","12007200","-82352050"
"131090","시큐브","67137","803","-66334","83618450","1001130","-82617320"
"253840","수젠텍","11078","4125","-6953","131868650","49142450","-82726200"
"078600","대주전자재료","34269","33548","-721","2910977400","2828211600","-82765800"
"232680","라온테크","10651","5867","-4784","185640650","102860650","-82780000"
"050890","쏠리드","26568","13779","-12789","173007100","89372550","-83634550"
"298060","에스씨엠생명과학","7452","167","-7285","85580350","1912150","-83668200"
"335890","비올","44191","8912","-35279","105046590","21295945","-83750645"
"093190","빅솔론","13118","820","-12298","89736310","5591100","-84145210"
"023910","대한약품","3311","338","-2973","93991700","9550550","-84441150"
"085810","알티캐스트","41935","5993","-35942","99048310","14087990","-84960320"
"092040","아미코젠","18700","15842","-2858","533763250","448802450","-84960800"
"035890","서희건설","88156","38504","-49652","151401555","65837095","-85564460"
"009620","삼보산업","89493","33888","-55605","137397870","51498350","-85899520"
"122310","제노레이","9239","545","-8694","91469140","5393210","-86075930"
"300120","라온피플","7693","268","-7425","89381150","3127650","-86253500"
"092870","엑시콘","14437","7892","-6545","188446350","102074300","-86372050"
"099390","브레인즈컴퍼니","9760","1921","-7839","107755200","21085000","-86670200"
"068940","아이씨케이","41798","13933","-27865","131038605","43984130","-87054475"
"050760","에스폴리텍","673139","658076","-15063","3220578355","3133455115","-87123240"
"078020","이베스트투자증권","17723","5291","-12432","124378930","37167450","-87211480"
"085910","네오티스","45878","31736","-14142","280337520","193102040","-87235480"
"115960","연우","4318","220","-4098","92370300","4689200","-87681100"
"049480","오픈베이스","44901","18841","-26060","151856880","64043195","-87813685"
"159910","스킨앤스킨","288908","28572","-260336","97595625","9680577","-87915048"
"039020","이건홀딩스","20682","912","-19770","92372975","4076710","-88296265"
"245620","EDGC","39982","15079","-24903","141827955","53257515","-88570440"
"020400","대동금속","8167","239","-7928","91643000","2653800","-88989200"
"049080","기가레인","54000","10496","-43504","110633885","21472460","-89161425"
"123010","아이윈플러스","86638","3744","-82894","93306580","4079085","-89227495"
"069410","엔텔스","11884","213","-11671","90999840","1624830","-89375010"
"100120","뷰웍스","2764","432","-2332","106590500","16607150","-89983350"
"270870","뉴트리","6193","546","-5647","99033000","8743400","-90289600"
"225590","패션플랫폼","59613","11480","-48133","112623940","21606560","-91017380"
"001810","무림SP","39756","12177","-27579","131696970","40641045","-91055925"
"064090","에프앤리퍼블릭","34085","5667","-28418","109318990","18196485","-91122505"
"044960","이글벳","22289","9730","-12559","162649470","71150400","-91499070"
"317690","퀀타매트릭스","15747","3649","-12098","119032340","27407300","-91625040"
"114840","아이패밀리에스씨","8827","2340","-6487","124722500","33064600","-91657900"
"214610","미코바이오메드","7626","0","-7626","91893300","0","-91893300"
"025980","아난티","75606","64043","-11563","596368100","504189410","-92178690"
"205100","엑셈","22057","920","-21137","96489800","4026000","-92463800"
"091580","상신이디피","11169","5127","-6042","172405050","79221400","-93183650"
"290380","대유","46741","30131","-16610","264644300","170787510","-93856790"
"034940","조아제약","43317","14314","-29003","140894245","46578290","-94315955"
"194700","노바렉스","3051","304","-2747","105534150","10447200","-95086950"
"085660","차바이오텍","30935","25577","-5358","540310800","444977550","-95333250"
"094860","네오리진","355059","261895","-93164","340768025","244904780","-95863245"
"048550","SM C&C","39088","17445","-21643","174509560","78036880","-96472680"
"228670","레이","17950","12607","-5343","325583600","228937550","-96646050"
"380320","삼성머스트스팩5호","176891","161960","-14931","988666660","891767450","-96899210"
"222980","한국맥널티","36517","24710","-11807","297445380","200368950","-97076430"
"033500","동성화인텍","14512","5817","-8695","162009200","64877650","-97131550"
"225190","삼양옵틱스","7596","225","-7371","100202450","2948850","-97253600"
"019570","리더스 기술투자","269051","70540","-198511","132311062","34860984","-97450078"
"043200","파루","309404","236224","-73180","417334990","319624930","-97710060"
"024850","피에스엠씨","87245","7474","-79771","107819730","9057110","-98762620"
"033160","엠케이전자","9676","2696","-6980","137288050","38459900","-98828150"
"115500","케이씨에스","77267","66075","-11192","680228330","581191100","-99037230"
"085670","뉴프렉스","52876","36481","-16395","319438100","220051320","-99386780"
"160980","싸이맥스","12949","7249","-5700","225886750","125648750","-100238000"
"089890","코세스","18838","10467","-8371","222469000","121980850","-100488150"
"006730","서부T&D","45153","34299","-10854","415557250","314800410","-100756840"
"234340","세틀뱅크","4250","105","-4145","103549150","2564450","-100984700"
"044480","블루베리 NFT","589968","557284","-32684","1795286955","1694173040","-101113915"
"080470","성창오토텍","15315","3203","-12112","128276020","26533250","-101742770"
"148250","알엔투테크놀로지","10217","0","-10217","101809480","0","-101809480"
"036690","코맥스","42839","20878","-21961","197391840","94224210","-103167630"
"039860","나노엔텍","21611","4864","-16747","133963360","29838440","-104124920"
"082210","옵트론텍","19286","2028","-17258","116508280","12353260","-104155020"
"226330","신테카바이오","8699","0","-8699","105079100","0","-105079100"
"054540","삼영엠텍","89656","69923","-19733","473848390","368413590","-105434800"
"247660","나노씨엠에스","10556","7517","-3039","362007850","255460650","-106547200"
"001840","이화공영","23005","7173","-15832","155294210","48454950","-106839260"
"040160","누리플렉스","20273","7331","-12942","168110100","61124610","-106985490"
"193250","와이제이엠게임즈","93243","57226","-36017","278029595","169411340","-108618255"
"290090","트윔","5991","42","-5949","109391300","767050","-108624250"
"018000","유니슨","230440","188559","-41881","608682125","499841280","-108840845"
"282880","코윈테크","10572","6937","-3635","320510950","211511450","-108999500"
"131400","이브이첨단소재","264700","211489","-53211","546015145","435897230","-110117915"
"071460","위니아","41881","12766","-29115","158416230","48112655","-110303575"
"064240","홈캐스트","66388","39599","-26789","265742075","155401720","-110340355"
"115570","스타플렉스","24244","1995","-22249","120311935","9914230","-110397705"
"002290","삼일기업공사","28185","3799","-24386","128731715","17372095","-111359620"
"084180","EV수성","84352","4838","-79514","118567785","6780720","-111787065"
"307750","국전약품","54317","42257","-12060","493573680","381406420","-112167260"
"126340","비나텍","6385","4014","-2371","298816850","186493400","-112323450"
"009520","포스코엠텍","77214","62133","-15081","570310750","457785920","-112524830"
"099440","스맥","921208","876327","-44881","2338627950","2225651990","-112975960"
"258790","소프트캠프","58751","3523","-55228","121180110","7281465","-113898645"
"038070","서린바이오","9376","1717","-7659","139438600","25478800","-113959800"
"243070","휴온스","4211","1282","-2929","163894500","49731500","-114163000"
"011040","경동제약","11752","387","-11365","119267700","3938300","-115329400"
"054670","대한뉴팜","22822","13686","-9136","288477450","172573150","-115904300"
"294090","이오플로우","12454","7314","-5140","279306650","163017650","-116289000"
"089140","넥스턴바이오","41520","8736","-32784","147589620","30976615","-116613005"
"123750","알톤스포츠","100024","71806","-28218","411308840","293925645","-117383195"
"129890","앱코","9582","1837","-7745","145454300","27857000","-117597300"
"367000","플래티어","9652","1840","-7812","146529050","27920650","-118608400"
"018700","바른손","47273","12491","-34782","162817915","43230060","-119587855"
"039240","경남스틸","42892","15172","-27720","184966165","65147530","-119818635"
"090850","현대이지웰","16517","2760","-13757","144816420","24218100","-120598320"
"237880","클리오","8062","1273","-6789","145194000","22814150","-122379850"
"361570","알비더블유","11076","4190","-6886","195484050","73021000","-122463050"
"101360","이엔드디","12534","8611","-3923","389643450","266944300","-122699150"
"023900","풍국주정","10861","3754","-7107","187294150","64494550","-122799600"
"318010","팜스빌","11252","2696","-8556","164384000","39333400","-125050600"
"142760","비엘","58780","42352","-16428","445671230","319518740","-126152490"
"033100","제룡전기","52445","32993","-19452","337760140","211523460","-126236680"
"101670","코리아에스이","80468","16274","-64194","158442990","31722555","-126720435"
"026150","특수건설","13040","479","-12561","132336650","4885800","-127450850"
"041960","코미팜","24376","8413","-15963","194725950","66983460","-127742490"
"060370","KT서브마린","27434","6454","-20980","166745270","38967020","-127778250"
"087260","모바일어플라이언스","33409","1400","-32009","133544825","5582820","-127962005"
"078160","메디포스트","8426","3157","-5269","204678650","76394200","-128284450"
"138080","오이솔루션","10301","5772","-4529","291696400","163284950","-128411450"
"076610","해성옵틱스","311620","189659","-121961","325728645","196980480","-128748165"
"054450","텔레칩스","21403","14179","-7224","384850650","255916100","-128934550"
"189330","씨이랩","7504","132","-7372","131480100","2304850","-129175250"
"094970","제이엠티","376800","358936","-17864","1680080065","1550540405","-129539660"
"208340","파멥신","24018","1018","-23000","135483300","5746230","-129737070"
"056360","코위버","21696","6191","-15505","183311390","52504920","-130806470"
"041460","한국전자인증","18900","973","-17927","139573530","7177010","-132396520"
"049430","코메론","16136","2991","-13145","163507910","30371780","-133136130"
"336060","웨이버스","85203","25227","-59976","189669755","56311200","-133358555"
"376980","원티드랩","7935","3295","-4640","227049250","93565900","-133483350"
"038870","에코바이오","34536","17948","-16588","278286480","144278000","-134008480"
"048910","대원미디어","10527","2025","-8502","166370350","32150350","-134220000"
"244460","올리패스","20405","2086","-18319","149805070","15349780","-134455290"
"139670","키네마스터","11415","820","-10595","145870800","10418050","-135452750"
"007370","진양제약","24804","4873","-19931","168463980","32675720","-135788260"
"377330","이지트로닉스","9876","1221","-8655","156573800","19417950","-137155850"
"175250","아이큐어","16792","4888","-11904","197985800","57121450","-140864350"
"083640","인콘","114429","5834","-108595","148577805","7520275","-141057530"
"370090","퓨런티어","20820","14441","-6379","453945050","312488350","-141456700"
"200230","텔콘RF제약","75180","3141","-72039","147607845","6088100","-141519745"
"061040","알에프텍","26517","2611","-23906","157905330","15679760","-142225570"
"097870","효성오앤비","18713","6247","-12466","214396000","71754000","-142642000"
"352700","씨앤투스성진","61727","36446","-25281","356008900","213019590","-142989310"
"270520","지엔원에너지","102432","56486","-45946","318615645","175141045","-143474600"
"004590","한국가구","25847","4400","-21447","172996900","29272310","-143724590"
"052710","아모텍","15218","10437","-4781","459174800","314439350","-144735450"
"066410","버킷스튜디오","177212","125139","-52073","494811850","349618300","-145193550"
"334970","프레스티지바이오로직스","40058","10916","-29142","202585345","55301430","-147283915"
"163730","핑거","10866","816","-10050","162901000","12195450","-150705550"
"100700","세운메디칼","44085","5190","-38895","171011630","20072065","-150939565"
"080580","오킨스전자","11967","5116","-6851","269193650","114903850","-154289800"
"096610","알에프세미","47578","8450","-39128","188607960","33458440","-155149520"
"053080","원방테크","20073","7837","-12236","254916900","98915500","-156001400"
"086960","한컴MDS","17417","6606","-10811","253184700","95307850","-157876850"
"289220","자이언트스텝","14365","9038","-5327","423163800","265001450","-158162350"
"095500","미래나노텍","116694","97335","-19359","977366620","818129750","-159236870"
"096040","이트론","932823","335559","-597264","254136843","90307542","-163829301"
"025320","시노펙스","83017","26395","-56622","241798350","77094580","-164703770"
"216080","제테마","9532","11","-9521","165643600","192400","-165451200"
"376180","피코그램","63230","56811","-6419","1360088100","1194011400","-166076700"
"094850","참좋은여행","18717","6105","-12612","252127700","81986550","-170141150"
"018310","삼목에스폼","8790","1600","-7190","208972650","38194950","-170777700"
"136410","아셈스","15151","3340","-11811","218672800","47799100","-170873700"
"089790","제이티","28404","8456","-19948","245452070","72854230","-172597840"
"277410","인산가","110168","37333","-72835","262142840","88779850","-173362990"
"078350","한양디지텍","27654","15565","-12089","410455050","230481350","-179973700"
"313760","윌링스","154920","143757","-11163","2412200600","2230930150","-181270450"
"013120","동원개발","39484","1505","-37979","189344355","7210655","-182133700"
"080420","모다이노칩","293220","249266","-43954","1149776245","966605855","-183170390"
"088800","에이스테크","22650","4787","-17863","232622650","49066750","-183555900"
"051160","지어소프트","22712","10662","-12050","350772050","167043950","-183728100"
"241820","피씨엘","11801","4021","-7780","277810250","94075100","-183735150"
"189860","서전기전","105701","90227","-15474","1287104800","1102176950","-184927850"
"311320","지오엘리먼트","9266","278","-8988","190648050","5704450","-184943600"
"051490","나라엠앤디","87484","66732","-20752","760105750","574826310","-185279440"
"007820","에스엠코어","31876","6594","-25282","234719790","48598990","-186120800"
"226950","올릭스","9832","1600","-8232","222886100","36384150","-186501950"
"042370","비츠로테크","37143","19326","-17817","384578650","197849050","-186729600"
"083650","비에이치아이","89949","58295","-31654","533152840","345849750","-187303090"
"108860","셀바스AI","36657","12555","-24102","284619910","97104340","-187515570"
"368770","파이버프로","56852","22751","-34101","314990010","127250680","-187739330"
"200670","휴메딕스","10198","1428","-8770","218846300","30536350","-188309950"
"043610","지니뮤직","124498","89912","-34586","651617155","461456785","-190160370"
"131370","알서포트","71480","36753","-34727","390295790","199861400","-190434390"
"083310","엘오티베큠","18837","4849","-13988","258091450","66268350","-191823100"
"294570","쿠콘","12702","7556","-5146","474056850","281816000","-192240850"
"036930","주성엔지니어링","191696","180958","-10738","4007403700","3815062000","-192341700"
"214680","디알텍","358102","245485","-112617","612426765","419655885","-192770880"
"126880","제이엔케이히터","41135","10602","-30533","259990210","67076700","-192913510"
"032190","다우데이타","16229","1220","-15009","208660550","15681500","-192979050"
"033310","엠투엔","45447","14031","-31416","279159190","86147400","-193011790"
"036090","위지트","193789","12173","-181616","209787665","13099370","-196688295"
"217270","넵튠","17007","4864","-12143","275314100","78525750","-196788350"
"276730","제주맥주","184793","118832","-65961","525716300","328251050","-197465250"
"032300","한국파마","6711","259","-6452","206551400","7953800","-198597600"
"036830","솔브레인홀딩스","15002","7339","-7663","386380250","187734850","-198645400"
"053580","웹케시","13143","2745","-10398","255654800","53364500","-202290300"
"067000","조이시티","75207","39006","-36201","423251870","219715480","-203536390"
"036640","HRS","52822","25401","-27421","390144810","186405790","-203739020"
"080220","제주반도체","68226","31610","-36616","381280910","175393320","-205887590"
"045340","토탈소프트","31908","311","-31597","209121160","2035270","-207085890"
"061250","화일약품","231539","164398","-67141","719884845","512478790","-207406055"
"058110","멕아이씨에스","37527","1977","-35550","223345800","11657760","-211688040"
"104200","NHN벅스","64526","46620","-17906","774196650","561646500","-212550150"
"027360","아주IB투자","80239","16045","-64194","265721690","52733685","-212988005"
"080160","모두투어","17161","7204","-9957","367645100","153282800","-214362300"
"051370","인터플렉스","18688","4550","-14138","283807600","69220850","-214586750"
"187660","에이디엠코리아","59205","5355","-53850","238669985","21620855","-217049130"
"038500","삼표시멘트","54924","7950","-46974","254059430","36849600","-217209830"
"048410","현대바이오","28133","20572","-7561","800667350","582218000","-218449350"
"315640","딥노이드","22698","1154","-21544","233368350","11601150","-221767200"
"064260","다날","108183","83781","-24402","993631420","770532310","-223099110"
"120240","대정화금","16441","5578","-10863","339479250","115385950","-224093300"
"069920","아이에스이커머스","46868","16391","-30477","347474340","121099920","-226374420"
"284620","카이노스메드","135378","41994","-93384","330516925","103686610","-226830315"
"356860","티엘비","27296","22131","-5165","1203743000","974778200","-228964800"
"065440","이루온","137520","45850","-91670","343878030","113507790","-230370240"
"089030","테크윙","15937","4076","-11861","309943500","78744200","-231199300"
"052460","아이크래프트","63962","12779","-51183","291522935","58792105","-232730830"
"057680","티사이언티픽","86404","3334","-83070","244329740","9350185","-234979555"
"083790","크리스탈지노믹스","173665","129745","-43920","907251985","669652060","-237599925"
"243840","신흥에스이씨","6064","2020","-4044","353815400","115855300","-237960100"
"046120","오르비텍","62859","27778","-35081","431791420","192402190","-239389230"
"174900","앱클론","20102","2436","-17666","277951200","33959950","-243991250"
"073640","테라사이언스","225145","123199","-101946","546890505","301359385","-245531120"
"011320","유니크","54133","22319","-31814","420040110","172646380","-247393730"
"376300","디어유","24847","18474","-6373","958882250","708242100","-250640150"
"058820","CMG제약","99060","17357","-81703","306922785","53641685","-253281100"
"030530","원익홀딩스","62384","9047","-53337","297293740","43038860","-254254880"
"276040","스코넥","19012","866","-18146","266620950","12118300","-254502650"
"317850","대모","83162","62066","-21096","972349850","717328650","-255021200"
"060310","3S","87927","10105","-77822","289750985","33000415","-256750570"
"138580","비즈니스온","35559","8558","-27001","341079380","82524840","-258554540"
"347860","알체라","14706","862","-13844","274786900","16079250","-258707650"
"203650","드림시큐리티","105117","43332","-61785","440540115","180293170","-260246945"
"338220","뷰노","27627","1373","-26254","278788950","13907450","-264881500"
"060230","소니드","49376","1555","-47821","274807380","8582560","-266224820"
"061970","엘비세미콘","42665","17970","-24695","461710200","193724100","-267986100"
"043650","국순당","34269","9401","-24868","374465950","102698050","-271767900"
"060260","뉴보텍","466597","269941","-196656","634091790","359739970","-274351820"
"032500","케이엠더블유","29774","20839","-8935","916762350","640105950","-276656400"
"071670","에이테크솔루션","48389","28403","-19986","665862300","388858350","-277003950"
"148150","세경하이테크","15206","2395","-12811","329839550","52362050","-277477500"
"060150","인선이엔티","28743","1078","-27665","289398350","10864850","-278533500"
"187270","신화콘텍","863677","826640","-37037","6179245410","5894902830","-284342580"
"101170","우림피티에스","443325","413606","-29719","4200105630","3913545820","-286559810"
"038110","에코플라스틱","1416597","1335610","-80987","4842564210","4551135650","-291428560"
"065510","휴비츠","29852","4364","-25488","354223150","51367900","-302855250"
"053160","프리엠스","77677","49255","-28422","842971650","536818800","-306152850"
"073560","우리손에프앤지","301908","183567","-118341","778808970","472637160","-306171810"
"138070","신진에스엠","42827","4520","-38307","353758790","37455370","-316303420"
"222420","쎄노텍","253838","134937","-118901","661931740","343901455","-318030285"
"317330","덕산테코피아","17634","1852","-15782","356351550","37208350","-319143200"
"067990","도이치모터스","34138","4808","-29330","372003550","51997700","-320005850"
"281740","레이크머티리얼즈","106777","44356","-62421","547838830","226576900","-321261930"
"014200","광림","642029","477614","-164415","1268042925","944210890","-323832035"
"124560","태웅로직스","266356","227069","-39287","2023364260","1699396070","-323968190"
"059120","아진엑스텍","52099","27539","-24560","685221050","360601150","-324619900"
"062860","티엘아이","111852","79806","-32046","1204039190","879053890","-324985300"
"396300","세아메카닉스","326825","283984","-42841","2576367270","2245836270","-330531000"
"039290","인포뱅크","24637","4530","-20107","408961650","75500050","-333461600"
"217600","켐온","264301","155827","-108474","819145910","477159680","-341986230"
"030520","한글과컴퓨터","22170","5943","-16227","465663950","123222100","-342441850"
"347770","핌스","21285","3010","-18275","405029200","57638100","-347391100"
"293780","압타바이오","50030","30256","-19774","876592100","527820600","-348771500"
"076080","웰크론한텍","108273","23958","-84315","454420835","99938665","-354482170"
"041440","현대에버다임","148550","111100","-37450","1410217360","1054509370","-355707990"
"053450","세코닉스","45071","6913","-38158","421326030","64340110","-356985920"
"109610","에스와이","364596","262551","-102045","1284758155","927273830","-357484325"
"126700","하이비젼시스템","23409","4773","-18636","451969450","92308400","-359661050"
"012700","리드코프","40922","1238","-39684","373156120","11308770","-361847350"
"043260","성호전자","488964","269584","-219380","815754945","448602030","-367152915"
"214370","케어젠","22104","18352","-3752","2316790900","1945064300","-371726600"
"073490","이노와이어리스","14337","4236","-10101","531705550","157645850","-374059700"
"036200","유니셈","50803","12085","-38718","503962100","120034220","-383927880"
"222080","씨아이에스","100161","73473","-26688","1451962050","1067478350","-384483700"
"117730","티로보틱스","705827","664191","-41636","6444166410","6059435470","-384730940"
"299660","셀리드","33025","14189","-18836","702501500","301875250","-400626250"
"104480","티케이케미칼","96138","14414","-81724","471013045","70276205","-400736840"
"036810","에프에스티","25508","5325","-20183","508070400","105702800","-402367600"
"038010","제일테크노스","129048","78450","-50598","1030710980","624544510","-406166470"
"024950","삼천리자전거","159492","118745","-40747","1602303770","1195638400","-406665370"
"214870","뉴지랩파마","51702","11522","-40180","524309100","116846190","-407462910"
"025900","동화기업","13193","8161","-5032","1064323900","654884500","-409439400"
"082270","젬백스","39285","10731","-28554","561777200","152203100","-409574100"
"253590","네오셈","128862","32774","-96088","550132570","138521330","-411611240"
"156100","엘앤케이바이오","36281","7702","-28579","523706450","111077450","-412629000"
"056090","에디슨INNO","75724","36791","-38933","829304350","408412350","-420892000"
"119830","아이텍","44474","4884","-39590","472345650","51204900","-421140750"
"078890","가온미디어","46864","8083","-38781","513733000","88146600","-425586400"
"052400","코나아이","29673","9835","-19838","637356300","210700550","-426655750"
"012340","뉴인텍","309125","195756","-113369","1176081320","748900230","-427181090"
"024060","흥구석유","186413","133611","-52802","1509477910","1081068610","-428409300"
"383310","에코프로에이치엔","17407","7918","-9489","795304100","361537800","-433766300"
"022100","포스코 ICT","81309","9392","-71917","499242020","57518820","-441723200"
"054930","유신","66745","47644","-19101","1595792100","1153489850","-442302250"
"288620","에스퓨얼셀","28360","13080","-15280","836208550","386840250","-449368300"
"251120","바이오에프디엔씨","26964","9301","-17663","689049550","239366750","-449682800"
"059270","해성티피씨","147396","102623","-44773","1474577120","1024323960","-450253160"
"084650","랩지노믹스","75176","11144","-64032","532143080","78598270","-453544810"
"069140","누리플랜","92710","32359","-60351","698015080","241813580","-456201500"
"048830","엔피케이","249917","67446","-182471","624751160","168389435","-456361725"
"389140","포바이포","32948","13437","-19511","775147850","318667500","-456480350"
"006050","국영지앤엠","494137","266035","-228102","986530690","524678410","-461852280"
"073570","WI","681765","346693","-335072","938198705","473339070","-464859635"
"030190","NICE평가정보","65373","36559","-28814","1056122750","590699400","-465423350"
"069080","웹젠","59753","36342","-23411","1214477300","738184950","-476292350"
"010240","흥국","83334","31586","-51748","769201900","292797740","-476404160"
"164060","이루다","114240","38800","-75440","735294100","247434440","-487859660"
"093380","풍강","137613","36351","-101262","661130305","173029645","-488100660"
"366030","공구우먼","25971","14032","-11939","1079545850","583475300","-496070550"
"104040","대성파인텍","559514","343390","-216124","1267913550","771336440","-496577110"
"160550","NEW","66128","12075","-54053","611411160","110495320","-500915840"
"319400","현대무벡스","223899","93210","-130689","872010585","362449030","-509561555"
"101490","에스앤에스텍","21444","1776","-19668","556845000","45860600","-510984400"
"079190","케스피온","469717","153762","-315955","773547765","247111515","-526436250"
"037350","성도이엔지","103160","28426","-74734","726298230","198644770","-527653460"
"083450","GST","25856","6379","-19477","710991250","175765150","-535226100"
"119850","지엔씨에너지","440638","350825","-89813","2494693830","1957183550","-537510280"
"095610","테스","29623","7937","-21686","740427600","197775200","-542652400"
"035760","CJ ENM","16255","11496","-4759","1857592000","1308194600","-549397400"
"100130","동국S&C","220627","128622","-92005","1353292070","789394110","-563897960"
"100090","삼강엠앤티","126716","101844","-24872","2889661000","2321789350","-567871650"
"088390","이녹스","30488","10288","-20200","857825250","287735150","-570090100"
"016600","큐캐피탈","953716","118206","-835510","653110710","81266765","-571843945"
"183490","엔지켐생명과학","62241","32805","-29436","1218303100","638709350","-579593750"
"121850","코이즈","306019","184003","-122016","1564571030","965651830","-598919200"
"047920","HLB제약","88115","49686","-38429","1399567600","786382200","-613185400"
"045390","대아티아이","206973","54054","-152919","830274790","216777260","-613497530"
"048530","인트론바이오","57852","21568","-36284","982634650","366703250","-615931400"
"035810","이지홀딩스","403028","275310","-127718","1950114385","1325958725","-624155660"
"042000","카페24","57351","18175","-39176","926419950","292505900","-633914050"
"900280","골든센츄리","2634944","1382142","-1252802","1296460802","660571135","-635889667"
"149980","하이로닉","212604","152469","-60135","2171581200","1532012470","-639568730"
"068760","셀트리온제약","24584","16572","-8012","1959155200","1316355700","-642799500"
"267980","매일유업","11866","1737","-10129","768814800","112469600","-656345200"
"005290","동진쎄미켐","152998","137988","-15010","6191062600","5531324950","-659737650"
"290510","코리아센터","111782","763","-111019","672700330","4606950","-668093380"
"373200","하인크코리아","173308","135185","-38123","2959997450","2290597500","-669399950"
"099320","쎄트렉아이","20220","6770","-13450","1056974300","353496800","-703477500"
"084990","헬릭스미스","55621","23270","-32351","1239602950","515289900","-724313050"
"086980","쇼박스","291411","174115","-117296","1810699880","1078417840","-732282040"
"077360","덕산하이메탈","97329","14905","-82424","867008640","132977980","-734030660"
"014620","성광벤드","101603","33423","-68180","1093131900","357736000","-735395900"
"053030","바이넥스","67242","14864","-52378","949391050","208510450","-740880600"
"100660","서암기계공업","389615","324731","-64884","3888900550","3124460420","-764440130"
"036890","진성티이씨","79329","14414","-64915","964787900","175218050","-789569850"
"213420","덕산네오룩스","32113","11939","-20174","1287891550","478413450","-809478100"
"095700","제넥신","44621","21164","-23457","1629853450","771693050","-858160400"
"900340","윙입푸드","638836","127627","-511209","1070984870","210623265","-860361605"
"299900","위지윅스튜디오","48039","19834","-28205","1493754400","616900850","-876853550"
"268600","셀리버리","41642","8597","-33045","1132013650","232195300","-899818350"
"089980","상아프론테크","29217","6523","-22694","1158754400","257239100","-901515300"
"106240","파인테크닉스","110636","46437","-64199","1558898300","650628900","-908269400"
"382840","원준","14644","6677","-7967","1671086300","761346800","-909739500"
"253450","스튜디오드래곤","30261","18752","-11509","2381091900","1469307700","-911784200"
"230360","에코마케팅","85671","28123","-57548","1379271450","451974050","-927297400"
"091700","파트론","198222","112391","-85831","2219056500","1258105050","-960951450"
"010170","대한광통신","834944","470408","-364536","2238494310","1237571705","-1000922605"
"215000","골프존","14655","8469","-6186","2415689700","1396681000","-1019008700"
"039030","이오테크닉스","15626","5395","-10231","1595060000","547608700","-1047451300"
"900310","컬러레이","889138","60826","-828312","1128958455","77994880","-1050963575"
"119500","포메탈","287338","111403","-175935","1733363160","673722060","-1059641100"
"074430","아미노로직스","561815","148825","-412990","1446100055","381665275","-1064434780"
"084110","휴온스글로벌","50928","7597","-43331","1259646250","188148550","-1071497700"
"003380","하림지주","205929","97610","-108319","2069251460","984162350","-1085089110"
"058470","리노공업","59363","52209","-7154","8893956400","7802584700","-1091371700"
"142280","녹십자엠에스","296185","192799","-103386","3384308650","2221720450","-1162588200"
"128540","에코캡","138358","34091","-104267","1556066200","384171450","-1171894750"
"036540","SFA반도체","309402","125811","-183591","2023464010","814782030","-1208681980"
"086900","메디톡스","13284","3259","-10025","1637088300","402382500","-1234705800"
"060250","NHN한국사이버결제","175686","93454","-82232","2780629750","1477066600","-1303563150"
"011560","세보엠이씨","154800","28798","-126002","1612236870","301330350","-1310906520"
"098460","고영","104704","22959","-81745","1704047300","373314350","-1330732950"
"084370","유진테크","56016","22297","-33719","2214440250","879157200","-1335283050"
"064550","바이오니아","61412","15140","-46272","1808278900","442707950","-1365570950"
"388050","지투파워","79662","30793","-48869","2251804150","861135300","-1390668850"
"195940","HK이노엔","98548","65664","-32884","4279892150","2843103500","-1436788650"
"131970","두산테스나","54547","18395","-36152","2176189800","733776050","-1442413750"
"065660","안트로젠","100287","47561","-52726","2773561400","1292537300","-1481024100"
"068240","다원시스","63059","9616","-53443","1759807500","267741000","-1492066500"
"090710","휴림로봇","4774870","4449702","-325168","21334880235","19821700425","-1513179810"
"306620","네온테크","973012","667691","-305321","5911575630","4039004200","-1872571430"
"108320","LX세미콘","66750","51074","-15676","8363836600","6399170500","-1964666100"
"007390","네이처셀","128858","12724","-116134","2288304750","224856450","-2063448300"
"240810","원익IPS","82812","24866","-57946","3171655500","942099300","-2229556200"
"319660","피에스케이","76692","24873","-51819","3325427300","1071457100","-2253970200"
"151860","KG ETS","601226","465470","-135756","10057106250","7756406150","-2300700100"
"067310","하나마이크론","200948","70387","-130561","3653053750","1280114750","-2372939000"
"214150","클래시스","144685","5688","-138997","2477676300","97186600","-2380489700"
"003310","대주산업","2040859","1577754","-463105","10611118080","8194130490","-2416987590"
"206650","유바이오로직스","174199","28564","-145635","2928766400","476012950","-2452753450"
"048260","오스템임플란트","39925","17871","-22054","4465781700","1996846800","-2468934900"
"013810","스페코","742794","463015","-279779","6548653550","4045993460","-2502660090"
"321260","프로이천","1043714","42512","-1001202","2830309880","113684950","-2716624930"
"377030","맥스트","167091","44683","-122408","3749178600","1006383650","-2742794950"
"323990","박셀바이오","231669","176208","-55461","11471416000","8715952450","-2755463550"
"065450","빅텍","1003923","604245","-399678","7327449710","4424852040","-2902597670"
"091120","이엠텍","508057","393513","-114544","15484843700","11773081800","-3711761900"
"086390","유니테스트","191886","50340","-141546","5113704400","1347485700","-3766218700"
"950220","네오이뮨텍","735586","53286","-682300","4267287140","303999700","-3963287440"
"067160","아프리카TV","61035","19782","-41253","6617697000","2143345600","-4474351400"
"054210","이랜텍","436842","235426","-201416","9970644650","5312786250","-4657858400"
"278650","노터스","560235","300423","-259812","11327060400","6099574500","-5227485900"
"086520","에코프로","86129","14525","-71604","6827428100","1147154600","-5680273500"
"066970","엘앤에프","193853","156878","-36975","47089865200","38046912300","-9042952900"