종목코드,종목명,거래량_매도,거래량_매수,거래량_순매수,거래대금_매도,거래대금_매수,거래대금_순매수
"000660","SK하이닉스","1362588","1639285","276697","167261598500","201419220500","34157622000"
"005490","POSCO","130640","242089","111449","36940788500","68229136500","31288348000"
"051910","LG화학","203799","252663","48864","114320347500","141721250500","27400903000"
"015760","한국전력","1008630","2117219","1108589","23367413850","48972857850","25605444000"
"035420","NAVER","259112","338182","79070","82025883500","106993112000","24967228500"
"006400","삼성SDI","109766","151296","41530","59839333000","82469030000","22629697000"
"011200","HMM","1465518","2107701","642183","42746374100","61368489150","18622115050"
"402340","SK스퀘어","7171539","7494601","323062","400515701500","418569425500","18053724000"
"105560","KB금융","1301800","1597283","295483","77178573368","94693216668","17514643300"
"012450","한화에어로스페이스","366248","685123","318875","19203834300","36045636200","16841801900"
"068270","셀트리온","92586","197311","104725","14598001500","31141334500","16543333000"
"047810","한국항공우주","339371","767871","428500","12495697300","28313016700","15817319400"
"000270","기아","746623","947608","200985","54643427100","69314884000","14671456900"
"259960","크래프톤","52388","96874","44486","15126047500","28074045000","12947997500"
"302440","SK바이오사이언스","82201","165045","82844","11909983500","23898784500","11988801000"
"377300","카카오페이","93831","160398","66567","13969894500","23885809000","9915914500"
"137310","에스디바이오센서","174225","353333","179108","9382016300","19053727300","9671711000"
"006360","GS건설","140617","368746","228129","6014287800","15494674250","9480386450"
"010130","고려아연","29848","44966","15118","16131188000","24313101000","8181913000"
"207940","삼성바이오로직스","18376","28520","10144","14123365000","22016402000","7893037000"
"030200","KT","68092","301917","233825","2170439300","9624351500","7453912200"
"011070","LG이노텍","109017","130372","21355","35414609000","42396891000","6982282000"
"028260","삼성물산","104493","164416","59923","11474028500","18028641500","6554613000"
"000100","유한양행","50451","155749","105298","2918972200","8939859500","6020887300"
"017670","SK텔레콤","389282","492555","103273","21205605100","26825020300","5619415200"
"316140","우리금융지주","3771288","4161075","389787","53735364600","59296565400","5561200800"
"028670","팬오션","1293769","2134952","841183","8410623320","13730560280","5319936960"
"352820","하이브","71506","89764","18258","20578883500","25839173000","5260289500"
"036460","한국가스공사","339893","467546","127653","13641710200","18811718750","5170008550"
"272210","한화시스템","186544","514322","327778","2909811750","8043381400","5133569650"
"028050","삼성엔지니어링","365426","575620","210194","8423383700","13267151050","4843767350"
"005935","삼성전자우","960536","1029038","68502","63444326100","67978929700","4534603600"
"020150","일진머티리얼즈","63965","114030","50065","5765702300","10274912500","4509210200"
"001440","대한전선","3610124","6273173","2663049","5696700675","9866309275","4169608600"
"086280","현대글로비스","32959","55656","22697","5754443000","9696575500","3942132500"
"004020","현대제철","227022","326594","99572","8967582800","12894587100","3927004300"
"011780","금호석유","31614","54947","23333","5027297000","8741119000","3713822000"
"383220","F&F","6548","10660","4112","5707303000","9363576000","3656273000"
"047050","포스코인터내셔널","111752","291080","179328","2270514700","5925301600","3654786900"
"097950","CJ제일제당","34132","43457","9325","12820297000","16284831500","3464534500"
"105840","우진","1457844","1817480","359636","14115946670","17506271320","3390324650"
"086790","하나금융지주","1256108","1322759","66651","60963667300","64204682650","3241015350"
"066570","LG전자","277481","302135","24654","34076100000","37177295000","3101195000"
"336260","두산퓨얼셀","195112","275192","80080","7534809900","10599720350","3064910450"
"194370","제이에스코퍼레이션","55512","171339","115827","1469954200","4513147550","3043193350"
"128940","한미약품","10595","21897","11302","2761661000","5718011000","2956350000"
"011000","진원생명과학","27366","232116","204750","394967450","3340399850","2945432400"
"003000","부광약품","591536","824406","232870","7313091150","10157711850","2844620700"
"010950","S-Oil","195131","228811","33680","16433534200","19272095100","2838560900"
"000810","삼성화재","51506","66051","14545","9787283500","12555912500","2768629000"
"055550","신한지주","1516049","1581563","65514","58868123300","61447025350","2578902050"
"001060","JW중외제약","136263","239755","103492","3415903350","5927964400","2512061050"
"005830","DB손해보험","213881","253395","39514","13145434000","15569587200","2424153200"
"285130","SK케미칼","25769","45322","19553","3200102000","5621758000","2421656000"
"021240","코웨이","139113","172741","33628","9869385100","12268226600","2398841500"
"375500","DL이앤씨","53660","71664","18004","6908550000","9187812000","2279262000"
"000720","현대건설","187742","240106","52364","8096861150","10344744000","2247882850"
"009150","삼성전기","115387","128485","13098","18962615000","21192642000","2230027000"
"011170","롯데케미칼","34719","44215","9496","7595861000","9678509500","2082648500"
"010140","삼성중공업","2833303","3189903","356600","16445075730","18489959660","2044883930"
"326030","SK바이오팜","65699","89826","24127","5506390000","7530604200","2024214200"
"003550","LG","164207","191148","26941","12306604700","14311375800","2004771100"
"003490","대한항공","313529","381453","67924","9133558600","11123917150","1990358550"
"088980","맥쿼리인프라","83403","224764","141361","1141395050","3073363850","1931968800"
"004370","농심","7462","13728","6266","2292400000","4210440000","1918040000"
"024110","기업은행","777531","953345","175814","8277944050","10136922150","1858978100"
"192820","코스맥스","19345","40366","21021","1652786800","3451958400","1799171600"
"001230","동국제강","251098","358793","107695","4108317400","5875039550","1766722150"
"071050","한국금융지주","48717","71031","22314","3828722500","5585842800","1757120300"
"012330","현대모비스","149151","156539","7388","33108234500","34804557500","1696323000"
"005387","현대차2우B","71192","90592","19400","6221908600","7915345900","1693437300"
"161390","한국타이어앤테크놀로지","506440","545143","38703","17718484250","19071708400","1353224150"
"018260","삼성에스디에스","36198","45808","9610","5054024500","6396513500","1342489000"
"039490","키움증권","18297","31561","13264","1827347100","3165101000","1337753900"
"017800","현대엘리베이","13880","49241","35361","521572950","1845929550","1324356600"
"002790","아모레G","118551","145587","27036","5743614200","7065764000","1322149800"
"069620","대웅제약","11881","19720","7839","1981129000","3289895500","1308766500"
"036570","엔씨소프트","304442","306487","2045","134421505500","135491132000","1069626500"
"005090","SGC에너지","12466","31019","18553","688814100","1721640400","1032826300"
"004170","신세계","20006","24008","4002","5216208000","6247750500","1031542500"
"016360","삼성증권","274812","299204","24392","11602706650","12633085300","1030378650"
"000490","대동","53719","133353","79634","643877700","1601921350","958043650"
"092220","KEC","169039","495579","326540","493169485","1449296970","956127485"
"039130","하나투어","12744","24500","11756","988840200","1909359100","920518900"
"006260","LS","10874","29866","18992","526810000","1446812500","920002500"
"079550","LIG넥스원","186883","199161","12278","12649165600","13499954600","850789000"
"042670","현대두산인프라코어","771827","890470","118643","5272140680","6101250940","829110260"
"329180","현대중공업","31697","39199","7502","3483592000","4303532000","819940000"
"091810","티웨이항공","79074","313069","233995","275827275","1094323305","818496030"
"139130","DGB금융지주","82569","167255","84686","763392640","1556971920","793579280"
"105630","한세실업","77297","112378","35081","1728174350","2511406500","783232150"
"282330","BGF리테일","20306","24765","4459","3419747000","4155928000","736181000"
"008770","호텔신라","75632","84159","8527","6059323400","6747490800","688167400"
"002700","신일전자","174877","496600","321723","374578955","1060952315","686373360"
"033270","유나이티드제약","17226","31934","14708","789602250","1463988950","674386700"
"363280","티와이홀딩스","7675","32507","24832","207269500","877567800","670298300"
"103140","풍산","27000","47921","20921","861950150","1529943100","667992950"
"001040","CJ","19583","27531","7948","1634699200","2298492000","663792800"
"002460","화성산업","106879","142184","35305","2062884200","2724311150","661426950"
"032640","LG유플러스","192973","242327","49354","2538269400","3189686150","651416750"
"035250","강원랜드","446682","469120","22438","11842967800","12448741450","605773650"
"009270","신원","189960","475661","285701","396553310","993403310","596850000"
"000220","유유제약","44409","120600","76191","346182430","939681900","593499470"
"005690","파미셀","25113","79006","53893","273893700","867298750","593405050"
"005880","대한해운","1034296","1262251","227955","2941924105","3526854660","584930555"
"013890","지누스","9607","17345","7738","710282000","1283974300","573692300"
"950210","프레스티지바이오파마","3942","44795","40853","55359400","627617600","572258200"
"005850","에스엘","12634","36327","23693","298733450","860669750","561936300"
"007070","GS리테일","24280","45431","21151","642393100","1201642050","559248950"
"012750","에스원","29120","36845","7725","2027674900","2560176700","532501800"
"090350","노루페인트","10792","61244","50452","113834300","644154350","530320050"
"010620","현대미포조선","69202","75739","6537","5541072800","6050750300","509677500"
"307950","현대오토에버","10026","14731","4705","1074305000","1571299000","496994000"
"007570","일양약품","10754","29783","19029","269134550","745041000","475906450"
"003090","대웅","13500","29259","15759","402824450","875234550","472410100"
"102280","쌍방울","187932","897095","709163","124014320","588308604","464294284"
"017960","한국카본","129545","167069","37524","1521391050","1969143350","447752300"
"003230","삼양식품","8245","13340","5095","724037300","1167697400","443660100"
"006800","미래에셋증권","423576","473423","49847","3706185050","4147810800","441625750"
"002900","TYM","109760","374820","265060","173728460","592133405","418404945"
"111110","호전실업","17469","59210","41741","176080720","592893950","416813230"
"097520","엠씨넥스","17968","27106","9138","817659150","1233942850","416283700"
"284740","쿠쿠홈시스","4099","14884","10785","158845400","575027300","416181900"
"241560","두산밥캣","112048","122498","10450","4266256600","4663866850","397610250"
"058430","포스코강판","2609","11382","8773","118540900","516113650","397572750"
"003520","영진약품","44103","125667","81564","211004155","605945695","394941540"
"005390","신성통상","105719","217692","111973","375415865","768582575","393166710"
"030000","제일기획","112472","129164","16692","2534274900","2910315100","376040200"
"006740","영풍제지","42864","77301","34437","453341300","829118750","375777450"
"002410","범양건영","79780","172072","92292","323267835","695385380","372117545"
"044450","KSS해운","20410","50834","30424","243041100","612288100","369247000"
"003220","대원제약","162539","181768","19229","3045816400","3413901150","368084750"
"001680","대상","12446","29082","16636","277282350","644509250","367226900"
"000020","동화약품","8163","37052","28889","102401300","464807400","362406100"
"026960","동서","10703","23996","13293","292124600","652831050","360706450"
"018670","SK가스","8995","12025","3030","1094030500","1454696500","360666000"
"002990","금호건설","6473","40996","34523","67933000","427785750","359852750"
"001820","삼화콘덴서","4637","10660","6023","260343400","597109000","336765600"
"049770","동원F&B","1131","3082","1951","193582000","528306500","334724500"
"005610","SPC삼립","4792","8541","3749","400480700","717180400","316699700"
"000210","DL","12786","17919","5133","766617700","1073659200","307041500"
"007210","벽산","41001","140244","99243","127375540","431661445","304285905"
"000230","일동홀딩스","47017","70023","23006","626282800","926862650","300579850"
"009810","플레이그램","161769","292072","130303","367603675","661852780","294249105"
"102460","이연제약","5539","16018","10479","153072800","445601350","292528550"
"030790","비케이탑스","92237","244632","152395","180013660","472147230","292133570"
"090435","아모레퍼시픽우","1133","4940","3807","85658100","374730200","289072100"
"104700","한국철강","52415","86117","33702","437351230","723229110","285877880"
"008250","이건산업","19124","45102","25978","204039900","484613300","280573400"
"009310","참엔지니어링","128454","364749","236295","151551410","430467290","278915880"
"138490","코오롱플라스틱","24938","52283","27345","249734290","525015120","275280830"
"234080","JW생명과학","9671","27438","17767","148784350","422989250","274204900"
"093230","이아이디","475461","1543962","1068501","120052988","391758290","271705302"
"019175","신풍제약우","46289","51779","5490","2360802800","2630653400","269850600"
"145720","덴티움","53974","58410","4436","3213205600","3481289700","268084100"
"012800","대창","126266","262994","136728","244708830","508164930","263456100"
"005950","이수화학","8210","29310","21100","101946900","362098350","260151450"
"005300","롯데칠성","5093","6689","1596","834517500","1091994500","257477000"
"008420","문배철강","48722","108330","59608","209644525","466500850","256856325"
"267270","현대건설기계","22131","29792","7661","740860900","997188500","256327600"
"024090","디씨엠","1218","12607","11389","27274750","281891300","254616550"
"079430","현대리바트","2761","21242","18481","38012350","291771400","253759050"
"007110","일신석재","27424","163931","136507","50492095","301616575","251124480"
"001430","세아베스틸","25369","39486","14117","450350300","699288000","248937700"
"074610","이엔플러스","268501","332317","63816","1047359970","1295110495","247750525"
"013570","디와이","94169","125057","30888","754068020","996139470","242071450"
"079160","CJ CGV","52425","61878","9453","1354281700","1593364200","239082500"
"322000","현대에너지솔루션","16808","27187","10379","379296700","612591750","233295050"
"003060","에이프로젠제약","41845","333958","292113","32803234","262495443","229692209"
"011500","한농화성","5293","21228","15935","74541150","300034900","225493750"
"293940","신한알파리츠","2091","29140","27049","16678830","233631510","216952680"
"033780","KT&G","170675","173256","2581","13573233800","13788928900","215695100"
"004310","현대약품","4170","47058","42888","20212065","230177880","209965815"
"001520","동양","60588","210348","149760","84634695","293679730","209045035"
"011090","에넥스","37351","162520","125169","62519120","271343020","208823900"
"004720","팜젠사이언스","4709","27184","22475","42574420","247008600","204434180"
"005870","휴니드","57856","82546","24690","464329800","664821360","200491560"
"004090","한국석유","382920","393845","10925","8423399750","8618079300","194679550"
"012630","HDC","7291","32803","25512","55520120","250060410","194540290"
"004490","세방전지","3462","6518","3056","219963500","414389200","194425700"
"145210","다이나믹디자인","2848149","3802839","954690","585443593","779696547","194252954"
"082740","HSD엔진","101373","120250","18877","985956260","1165772170","179815910"
"006040","동원산업","217","1041","824","45613500","218899500","173286000"
"005940","NH투자증권","238366","252828","14462","2746133750","2915389900","169256150"
"008700","아남전자","8186","87401","79215","17194480","184158360","166963880"
"006405","삼성SDI우","135","708","573","39250000","205505000","166255000"
"063160","종근당바이오","1007","5889","4882","33294150","195166300","161872150"
"096760","JW홀딩스","19873","61262","41389","75400210","236819895","161419685"
"004410","서울식품","101460","662581","561121","29254655","189643470","160388815"
"010050","우리종금","195272","381177","185905","167912609","328006888","160094279"
"138930","BNK금융지주","385468","405358","19890","3018396520","3178279350","159882830"
"002210","동성제약","12974","32268","19294","107259490","266718910","159459420"
"145990","삼양사","1126","4188","3062","57927200","214891900","156964700"
"008600","윌비스","32588","152139","119551","42752125","198242540","155490415"
"001780","알루코","851186","881351","30165","3621598520","3772952265","151353745"
"298000","효성화학","1786","2319","533","485857000","634413000","148556000"
"011930","신성이엔지","16819","103160","86341","28459060","176051585","147592525"
"017550","수산중공업","35661","92650","56989","90960745","236289430","145328685"
"008970","동양철관","85938","210512","124574","99678720","244038580","144359860"
"003350","한국화장품제조","2083","7191","5108","58402550","201405300","143002750"
"185750","종근당","4321","5800","1479","413594800","555973800","142379000"
"002870","신풍제지","6238","80328","74090","11910135","153697550","141787415"
"004140","동방","29449","70227","40778","100445785","239469125","139023340"
"012280","영화금속","10807","116126","105319","14078145","153099270","139021125"
"214330","금호에이치티","36502","118472","81970","61786465","200211980","138425515"
"114090","GKL","62294","71534","9240","914168750","1050596200","136427450"
"001500","현대차증권","1712","13867","12155","18753400","152355850","133602450"
"004710","한솔테크닉스","5472","26215","20743","34681180","166119930","131438750"
"025750","한솔홈데코","3374","83650","80276","5378080","133280890","127902810"
"126560","현대퓨처넷","102919","136114","33195","396543210","524153060","127609850"
"100250","진양홀딩스","13445","45610","32165","52846030","179824680","126978650"
"018250","애경산업","5394","12054","6660","101102500","225875750","124773250"
"013580","계룡건설","10983","14582","3599","380642150","503427200","122785050"
"003240","태광산업","60","181","121","60872000","183201000","122329000"
"005810","풍산홀딩스","1705","5962","4257","48971600","171227350","122255750"
"072130","유엔젤","18895","45888","26993","85100990","207135700","122034710"
"002720","국제약품","2386","26040","23654","12304300","134109730","121805430"
"066575","LG전자우","1096","3090","1994","65199100","183361500","118162400"
"011785","금호석유우","1526","2933","1407","126957100","243881900","116924800"
"033180","KH 필룩스","26767","84668","57901","54033180","170824265","116791085"
"023530","롯데쇼핑","47021","48383","1362","4000060300","4116048000","115987700"
"000815","삼성화재우","1990","2716","726","306307000","419330000","113023000"
"001360","삼성제약","42246","68954","26708","178720230","289910820","111190590"
"006490","인스코비","101181","141363","40182","272236205","379911010","107674805"
"003200","일신방직","638","1547","909","74818500","180560000","105741500"
"069640","한세엠케이","14437","40110","25673","60009875","165087000","105077125"
"028100","동아지질","1381","7734","6353","22971450","127850500","104879050"
"005070","코스모신소재","34112","36754","2642","1318261700","1420593700","102332000"
"033920","무학","9997","19945","9948","105174800","207188500","102013700"
"002390","한독","521","5452","4931","10601700","111218400","100616700"
"025820","이구산업","324637","350359","25722","1474417915","1574521665","100103750"
"011330","유니켐","7647","84985","77338","9820435","109293060","99472625"
"030210","KTB투자증권","8798","28616","19818","44259315","143557650","99298335"
"044380","주연테크","17073","108194","91121","18201315","115894040","97692725"
"001880","DL건설","3848","7535","3687","104109500","201361200","97251700"
"003010","혜인","17017","33459","16442","100762350","197824720","97062370"
"051630","진양화학","5234","21616","16382","31001450","127138710","96137260"
"001290","상상인증권","6516","90528","84012","7321510","101839145","94517635"
"000240","한국앤컴퍼니","10961","18025","7064","145573400","239485800","93912400"
"007700","F&F홀딩스","5514","8940","3426","150049650","243188150","93138500"
"003545","대신증권우","4036","10248","6212","59951850","152722500","92770650"
"003610","방림","11362","42132","30770","34051625","126188580","92136955"
"031430","신세계인터내셔날","6989","7597","608","1048754500","1140581500","91827000"
"129260","인터지스","1698","29320","27622","5597275","97389705","91792430"
"139990","아주스틸","7465","13283","5818","114779600","203168700","88389100"
"025890","한국주강","5083","25241","20158","22370045","110754660","88384615"
"002020","코오롱","2405","5443","3038","69852050","158231600","88379550"
"036420","제이콘텐트리","38476","40351","1875","2139935900","2224852900","84917000"
"005389","현대차3우B","222","1232","1010","18677000","103425000","84748000"
"002360","SH에너지화학","2731802","2851314","119512","3359750175","3444414540","84664365"
"091090","세원이앤씨","151443","228237","76794","162198685","244625540","82426855"
"009460","한창제지","20870","61915","41045","41638430","124032430","82394000"
"069260","휴켐스","17445","21159","3714","385508050","467740700","82232650"
"003555","LG우","228","1571","1343","13899000","95208000","81309000"
"365550","ESR켄달스퀘어리츠","103751","116177","12426","651372280","730196030","78823750"
"092200","디아이씨","11909","28416","16507","56843770","135448395","78604625"
"009140","경인전자","1030","3551","2521","32117600","110336150","78218550"
"101140","인바이오젠","16539","46347","29808","43306380","120733370","77426990"
"001530","DI동일","236","580","344","52837000","129129500","76292500"
"272450","진에어","35822","40374","4552","585564200","659338350","73774150"
"088260","이리츠코크렙","783","13013","12230","4719240","78038010","73318770"
"006200","한국전자홀딩스","46811","84294","37483","87175385","157552945","70377560"
"009180","한솔로지스틱스","15588","36008","20420","52546670","121645860","69099190"
"005320","국동","15050","45529","30479","34469450","103523385","69053935"
"006060","화승인더","9748","22873","13125","51794790","120504500","68709710"
"026940","부국철강","8803","25308","16505","36470560","105097700","68627140"
"28513K","SK케미칼우","1382","2419","1037","88386400","155029000","66642600"
"017180","명문제약","3033","20140","17107","11840385","78139265","66298880"
"229640","LS전선아시아","4103","12798","8695","31105780","97055930","65950150"
"005180","빙그레","507","1738","1231","26922400","92516000","65593600"
"357120","코람코에너지리츠","8456","18117","9661","55513400","119083190","63569790"
"014990","인디에프","9245","70695","61450","9567485","73095640","63528155"
"000040","KR모터스","8479","90160","81681","6534401","69889589","63355188"
"014790","한라","12254","23994","11740","66070750","129306060","63235310"
"33637K","솔루스첨단소재1우","4380","7960","3580","79375900","142465100","63089200"
"007280","한국특강","3774","23788","20014","11791155","74576370","62785215"
"011390","부산산업","347","1066","719","30515100","92772100","62257000"
"002760","보락","14254","46841","32587","26852210","88721505","61869295"
"005680","삼영전자","1464","7486","6022","14950950","76566650","61615700"
"214390","경보제약","1309","8381","7072","11545710","73112050","61566340"
"016090","대현","100261","126277","26016","240604515","301623490","61018975"
"005440","현대그린푸드","16502","23833","7331","137927520","198926680","60999160"
"068400","SK렌터카","5442","11293","5851","56307850","117041900","60734050"
"192400","쿠쿠홀딩스","7653","11022","3369","135455900","195392250","59936350"
"119650","KC코트렐","4581","15071","10490","26231810","85908460","59676650"
"075580","세진중공업","54981","62962","7981","381872660","441166950","59294290"
"004270","남성","16184","36284","20100","47746010","106707155","58961145"
"004990","롯데지주","17198","19218","2020","497123950","555674450","58550500"
"004870","티웨이홀딩스","16616","95875","79259","12010866","68906175","56895309"
"001140","국보","68926","109469","40543","96069325","152521525","56452200"
"003300","한일홀딩스","4843","9274","4431","61534650","116543200","55008550"
"033530","세종공업","16146","23667","7521","116345140","170864100","54518960"
"00088K","한화3우B","7943","11535","3592","121233000","175263000","54030000"
"271980","제일약품","1837","3855","2018","49528900","102720350","53191450"
"003530","한화투자증권","103486","114503","11017","496328625","549083865","52755240"
"069730","DSR제강","1802","13589","11787","8135450","60846070","52710620"
"020000","한섬","13130","14593","1463","467378550","519771750","52393200"
"372910","한컴라이프케어","5800","13840","8040","37653470","89795360","52141890"
"015890","태경산업","9785","17210","7425","66815100","117651830","50836730"
"003560","IHQ","12438","55185","42747","14457815","64294915","49837100"
"003960","사조대림","4920","6683","1763","138802550","188440200","49637650"
"002070","비비안","2987","21901","18914","7649655","56438740","48789085"
"071840","롯데하이마트","2284","4382","2098","52208250","100707450","48499200"
"03473K","SK우","30","271","241","5971500","54358000","48386500"
"096775","SK이노베이션우","62","450","388","7638500","55181500","47543000"
"029460","케이씨","1377","3848","2471","26505650","73761750","47256100"
"001340","백광산업","12833","23439","10606","56751915","103721455","46969540"
"053690","한미글로벌","12059","15853","3794","148595850","195144750","46548900"
"090370","메타랩스","10594","60893","50299","9798216","56079304","46281088"
"011150","CJ씨푸드","4212","16875","12663","15343850","61442300","46098450"
"068290","삼성출판사","2448","4097","1649","68380500","114328650","45948150"
"011420","갤럭시아에스엠","27926","47738","19812","65615210","111249055","45633845"
"023350","한국종합기술","929","7806","6877","6147570","51651720","45504150"
"00104K","CJ4우(전환)","19","633","614","1396700","46737900","45341200"
"031820","콤텍시스템","20304","69693","49389","18555328","63808338","45253010"
"025620","제이준코스메틱","37714","83232","45518","35534181","78774463","43240282"
"004920","씨아이테크","23531","66372","42841","23989294","67056042","43066748"
"016740","두올","13587","25519","11932","48295595","90664290","42368695"
"000500","가온전선","879","2682","1803","20418500","62105150","41686650"
"005750","대림B&Co","2912","8980","6068","19883290","61172550","41289260"
"002630","오리엔트바이오","68553","107705","39152","72365420","113525875","41160455"
"058730","다스코","5305","13568","8263","25630375","65962310","40331935"
"011760","현대코퍼레이션","2019","4476","2457","33427750","73516000","40088250"
"161000","애경케미칼","8604","12619","4015","86327880","126180150","39852270"
"009470","삼화전기","1317","2776","1459","35141800","73448200","38306400"
"069460","대호에이엘","10073","21865","11792","33381200","71676585","38295385"
"047400","유니온머티리얼","51744","64081","12337","153713380","191800125","38086745"
"023800","인지컨트롤스","1794","4739","2945","23283300","61268700","37985400"
"005745","크라운해태홀딩스우","164","3119","2955","2069600","39994050","37924450"
"002240","고려제강","3996","5801","1805","85288050","122466050","37178000"
"035510","신세계 I&C","1240","1464","224","211499500","248513500","37014000"
"155660","DSR","3862","10486","6624","21164850","57235080","36070230"
"396690","미래에셋글로벌리츠","3971","10262","6291","22647000","58599580","35952580"
"058850","KTcs","14395","30573","16178","31597665","67188660","35590995"
"004835","덕성우","13395","15312","1917","255000550","290197000","35196450"
"308170","센트랄모텍","2165","4132","1967","38975300","74057050","35081750"
"006390","한일현대시멘트","2550","3758","1208","75502350","110399800","34897450"
"001020","페이퍼코리아","25967","43837","17870","49960360","84802635","34842275"
"001940","KISCO홀딩스","1271","3485","2214","20089400","54825000","34735600"
"090080","평화산업","8550","30096","21546","13598680","47732410","34133730"
"034300","신세계건설","2973","4009","1036","95386700","129276150","33889450"
"339770","교촌에프앤비","734","3023","2289","10718400","44085050","33366650"
"013360","일성건설","146923","156573","9650","512075875","545314565","33238690"
"001800","오리온홀딩스","20195","22515","2320","284992850","318059450","33066600"
"000520","삼일제약","4617","8565","3948","38519470","71194220","32674750"
"006220","제주은행","7809","13238","5429","47390470","79987380","32596910"
"011280","태림포장","3210","11256","8046","13007940","45553960","32546020"
"004960","한신공영","1754","3741","1987","28439700","60854050","32414350"
"014440","영보화학","1080","9080","8000","4323555","36334295","32010740"
"001630","종근당홀딩스","310","774","464","21197500","53007900","31810400"
"33626K","두산퓨얼셀1우","35111","38097","2986","456928450","488593000","31664550"
"003650","미창석유","268","671","403","21418300","53033300","31615000"
"267850","아시아나IDT","2127","3871","1744","38702150","69856250","31154100"
"073240","금호타이어","69880","77583","7703","274423745","304960675","30536930"
"025560","미래산업","216","2543","2327","2775600","32749350","29973750"
"009070","KCTC","20047","25579","5532","109213990","138663110","29449120"
"024070","WISCOM","1966","11371","9405","6067045","35138745","29071700"
"008490","서흥","591","1351","760","22798350","51861100","29062750"
"008500","일정실업","362","1316","954","10894850","39679400","28784550"
"006380","카프로","18166","25667","7501","70285085","98964485","28679400"
"014910","성문전자","4351","16939","12588","10004330","38660475","28656145"
"013520","화승코퍼레이션","2936","18083","15147","5450835","33815300","28364465"
"009290","광동제약","16448","20304","3856","119243810","147593750","28349940"
"020120","키다리스튜디오","16254","18171","1917","245105500","273328000","28222500"
"024900","덕양산업","13342","21822","8480","45493150","73202555","27709405"
"010960","삼호개발","6414","12529","6115","29099910","56641145","27541235"
"338100","NH프라임리츠","3419","9098","5679","16478370","43968925","27490555"
"019490","하이트론","16957","24918","7961","64238000","91632175","27394175"
"001380","SG글로벌","9855","25755","15900","16949465","44209880","27260415"
"002100","경농","2381","4555","2174","29629000","56503000","26874000"
"006980","우성","1477","2455","978","40964750","67748400","26783650"
"003070","코오롱글로벌","4742","6051","1309","96606650","123213600","26606950"
"007815","코리아써우","72","2675","2603","734100","26979180","26245080"
"041650","상신브레이크","7173","14629","7456","25460605","51527230","26066625"
"008260","NI스틸","25287","31200","5913","110716565","135607155","24890590"
"005740","크라운해태홀딩스","998","3759","2761","8896790","33523250","24626460"
"404990","신한서부티엔디리츠","3968","8926","4958","19633035","44139325","24506290"
"293480","하나제약","1071","2372","1301","20065750","44240500","24174750"
"010600","웰바이오텍","45599","60500","14901","71584525","95644185","24059660"
"085310","엔케이","33206","57651","24445","33420851","57178277","23757426"
"272550","삼양패키징","1322","2345","1023","31165150","54878050","23712900"
"02826K","삼성물산우B","19","252","233","1928500","25574000","23645500"
"005110","한창","16233","45276","29043","12936786","36202602","23265816"
"001795","대한제당우","287","8700","8413","788945","23944080","23155135"
"097955","CJ제일제당 우","96","238","142","15573000","38676000","23103000"
"027970","세하","1118","16348","15230","1669170","24384415","22715245"
"023960","에쓰씨엔지니어링","3738","12789","9051","9265430","31629270","22363840"
"023590","다우기술","3086","4126","1040","65191200","87207550","22016350"
"004060","SG세계물산","143272","177246","33974","94561613","116496831","21935218"
"37550K","DL이앤씨우","99","422","323","6608600","28230500","21621900"
"003480","한진중공업홀딩스","9954","15101","5147","40293615","61333590","21039975"
"071950","코아스","4742","24160","19418","4990015","25612790","20622775"
"005360","모나미","14841","19917","5076","61752150","82354795","20602645"
"010040","한국내화","3239","9229","5990","11077255","31608180","20530925"
"317400","자이에스앤디","511","2755","2244","4648350","25068470","20420120"
"001620","케이비아이동국실업","5469","33315","27846","3954304","24097566","20143262"
"004255","NPC우","40","4461","4421","171800","19385575","19213775"
"000640","동아쏘시오홀딩스","41","227","186","4223000","23416000","19193000"
"071055","한국금융지주우","86","384","298","5525700","24641700","19116000"
"036580","팜스코","3705","6835","3130","22838500","41883980","19045480"
"011230","삼화전자","8533","13164","4631","35148960","54093685","18944725"
"024720","한국콜마홀딩스","2635","3549","914","53800950","72607000","18806050"
"002880","대유에이텍","98711","114985","16274","114645245","132954415","18309170"
"017900","광전자","4233","10632","6399","11865090","29853270","17988180"
"092440","기신정기","1781","5582","3801","8065745","25325145","17259400"
"006090","사조오양","1015","2705","1690","10280450","27405100","17124650"
"006120","SK디스커버리","4808","5238","430","195604100","212420200","16816100"
"005430","한국공항","704","1086","382","31703200","48510750","16807550"
"033240","자화전자","16204","16966","762","351347200","368079850","16732650"
"282690","동아타이어","1342","2821","1479","15249350","31901550","16652200"
"003495","대한항공우","196","645","449","7192700","23576500","16383800"
"264900","크라운제과","779","2607","1828","6972900","23291260","16318360"
"115390","락앤락","3968","5582","1614","39711000","55927190","16216190"
"002150","도화엔지니어링","1221","3335","2114","9292300","25264310","15972010"
"097230","HJ중공업","664","2820","2156","4845320","20622120","15776800"
"025530","SJM홀딩스","2539","6725","4186","9064290","23627845","14563555"
"027740","마니커","19284","30797","11513","24262440","38787925","14525485"
"000890","보해양조","40883","56939","16056","36571234","50965860","14394626"
"009155","삼성전기우","60","218","158","5467700","19849600","14381900"
"003920","남양유업","57","93","36","22482500","36855500","14373000"
"118000","우리들휴브레인","10300","20732","10432","13760755","27604640","13843885"
"083420","그린케미칼","39991","41601","1610","388786200","401904200","13118000"
"244920","에이플러스에셋","7979","9738","1759","59173380","72148440","12975060"
"002795","아모레G우","1349","2080","731","23788950","36699750","12910800"
"072710","농심홀딩스","69","242","173","5043900","17787300","12743400"
"014280","금강공업","4216","5616","1400","34319570","45705210","11385640"
"210980","SK디앤디","348","726","378","10317050","21562150","11245100"
"016580","환인제약","991","1667","676","16613350","27709000","11095650"
"016880","웅진","83833","90521","6688","148998550","160053575","11055025"
"33626L","두산퓨얼셀2우B","2420","3241","821","40016650","50854000","10837350"
"002810","삼영무역","85","849","764","1163900","11653000","10489100"
"003680","한성기업","341","2058","1717","2019180","12207230","10188050"
"003720","삼영화학","25406","28571","3165","81949740","92108905","10159165"
"000430","대원강업","511","3698","3187","1581545","11378125","9796580"
"001685","대상우","17","553","536","286950","9235100","8948150"
"017370","우신시스템","10301","13055","2754","34122285","42999690","8877405"
"001260","남광토건","699","1468","769","7958450","16670550","8712100"
"020760","일진디스플","8240","13042","4802","14760145","23346275","8586130"
"298690","에어부산","54734","58420","3686","122366245","130840905","8474660"
"001790","대한제당","6702","9786","3084","18151675","26513020","8361345"
"094280","효성ITX","186","681","495","3101550","11341500","8239950"
"153360","하이골드3호","0","3043","3043","0","8200885","8200885"
"000225","유유제약1우","10599","11468","869","106170130","114355780","8185650"
"084680","이월드","28721","32620","3899","64525180","72631715","8106535"
"085620","미래에셋생명","8865","10724","1859","36048950","43566210","7517260"
"012170","아센디오","21291","27948","6657","24321255","31789700","7468445"
"082640","동양생명","10574","11770","1196","65049750","72515510","7465760"
"123690","한국화장품","2877","3721","844","24988560","32319240","7330680"
"005305","롯데칠성우","23","125","102","1661900","8929000","7267100"
"002620","제일파마홀딩스","0","539","539","0","7009250","7009250"
"227840","현대코퍼레이션홀딩스","370","1010","640","3932850","10750600","6817750"
"380440","엔에이치스팩19호","1050","4257","3207","2184000","8811990","6627990"
"016450","한세예스24홀딩스","625","1671","1046","3836430","10257690","6421260"
"009320","대우부품","21914","25020","3106","46279105","52687155","6408050"
"009190","대양금속","20347","21889","1542","83512420","89901105","6388685"
"088790","진도","4002","6145","2143","11728120","18092475","6364355"
"070960","용평리조트","10422","11682","1260","51518205","57876610","6358405"
"000180","성창기업지주","11641","14137","2496","26158690","31728425","5569735"
"000140","하이트진로홀딩스","1567","2000","433","20775450","26236850","5461400"
"003470","유안타증권","4436","5988","1552","15699875","21127070","5427195"
"012690","모나리자","2613","4160","1547","8907120","14177135","5270015"
"123700","SJM","4355","5607","1252","18640780","23888265","5247485"
"000390","삼화페인트","1688","2321","633","14506840","19678760","5171920"
"092780","동양피스톤","7895","8794","899","45495720","50547830","5052110"
"003080","성보화학","303","1534","1231","1121105","5703580","4582475"
"000320","노루홀딩스","662","1058","396","7551100","12000400","4449300"
"009440","KC그린홀딩스","1948","2955","1007","7898050","12019045","4120995"
"078520","에이블씨엔씨","4159","4725","566","27988610","31851650","3863040"
"006125","SK디스커버리우","0","124","124","0","3817200","3817200"
"049800","우진플라임","6392","7199","807","29561210","33191610","3630400"
"38380K","LX홀딩스1우","32","257","225","433600","3504850","3071250"
"008775","호텔신라우","13","55","42","933600","3945200","3011600"
"145270","케이탑리츠","128556","131070","2514","202594460","205557190","2962730"
"014130","한익스프레스","3095","3617","522","17694510","20597920","2903410"
"000105","유한양행우","10","62","52","565000","3463400","2898400"
"008350","남선알미늄","116934","117798","864","272521730","275277965","2756235"
"014580","태경비케이","17887","18551","664","80635335","83319075","2683740"
"006370","대구백화점","16","290","274","156850","2837880","2681030"
"007120","미래아이앤지","10597","16937","6340","4177104","6659743","2482639"
"025540","한국단자","2130","2175","45","124249000","126724200","2475200"
"36328K","티와이홀딩스우","51","166","115","1057500","3491600","2434100"
"044820","코스맥스비티아이","0","171","171","0","2257650","2257650"
"134790","시디즈","0","32","32","0","1862600","1862600"
"001460","BYC","6","10","4","2710500","4522500","1812000"
"092230","KPX홀딩스","9","38","29","543700","2283800","1740100"
"006660","삼성공조","965","1080","115","14084600","15790550","1705950"
"078935","GS우","73","111","38","2507500","3806900","1299400"
"002170","삼양통상","384","402","18","21554800","22604900","1050100"
"002820","SUN&L","248","460","212","1182200","2200145","1017945"
"007540","샘표","68","93","25","2842450","3837450","995000"
"009835","한화솔루션우","22","50","28","720150","1619800","899650"
"019440","세아특수강","1645","1696","51","26470000","27163650","693650"
"000215","DL우","23","42","19","851050","1527100","676050"
"071320","지역난방공사","30","48","18","1057800","1707450","649650"
"00279K","아모레G3우(전환)","146","158","12","5460400","5848550","388150"
"010660","화천기계","3857","3948","91","9089380","9284730","195350"
"003075","코오롱글로벌우","0","3","3","0","86550","86550"
"000950","전방","0","2","2","0","79100","79100"
"084670","동양고속","81","85","4","1552250","1624900","72650"
"006805","미래에셋증권우","23","35","12","123510","187140","63630"
"168490","한국패러랠","0","16","16","0","35120","35120"
"00781K","코리아써키트2우B","0","1","1","0","9850","9850"
"003465","유화증권우","0","2","2","0","5030","5030"
"011155","CJ씨푸드1우","0","0","0","0","0","0"
"001067","JW중외제약2우B","0","0","0","0","0","0"
"001065","JW중외제약우","0","0","0","0","0","0"
"016385","KG동부제철우","0","0","0","0","0","0"
"001745","SK네트웍스우","0","0","0","0","0","0"
"001515","SK증권우","0","0","0","0","0","0"
"014285","금강공업우","0","0","0","0","0","0"
"002995","금호건설우","0","0","0","0","0","0"
"004545","깨끗한나라우","0","0","0","0","0","0"
"008355","남선알미우","0","0","0","0","0","0"
"090355","노루페인트우","0","0","0","0","0","0"
"000325","노루홀딩스우","0","0","0","0","0","0"
"005257","녹십자홀딩스2우","0","0","0","0","0","0"
"003830","대한화섬","0","0","0","0","0","0"
"001529","동양3우B","0","0","0","0","0","0"
"001525","동양우","0","0","0","0","0","0"
"014825","동원시스템즈우","0","0","0","0","0","0"
"00499K","롯데지주우","0","0","0","0","0","0"
"096300","베트남개발1","0","0","0","0","0","0"
"001275","부국증권우","0","0","0","0","0","0"
"010145","삼성중공우","0","0","0","0","0","0"
"145995","삼양사우","0","0","0","0","0","0"
"000075","삼양홀딩스우","0","0","0","0","0","0"
"004415","서울식품우","0","0","0","0","0","0"
"014915","성문전자우","0","0","0","0","0","0"
"005800","신영와코루","0","0","0","0","0","0"
"001725","신영증권우","0","0","0","0","0","0"
"000227","유유제약2우B","0","0","0","0","0","0"
"007575","일양약품우","0","0","0","0","0","0"
"002787","진흥기업2우B","0","0","0","0","0","0"
"002785","진흥기업우B","0","0","0","0","0","0"
"152550","한국ANKOR유전","0","0","0","0","0","0"
"000885","한화우","0","0","0","0","0","0"
"900140","엘브이엠씨홀딩스","6282","6302","20","19606020","19605845","-175"
"023000","삼원강재","1","0","-1","2955","0","-2955"
"006570","대림통상","2","0","-2","7490","0","-7490"
"075180","새론오토모티브","4","1","-3","22740","5680","-17060"
"009770","삼정펄프","1","0","-1","27100","0","-27100"
"001527","동양2우B","2","0","-2","31000","0","-31000"
"000145","하이트진로홀딩스우","2","0","-2","32550","0","-32550"
"143210","핸즈코퍼레이션","80","71","-9","388965","342820","-46145"
"000545","흥국화재우","6","0","-6","47520","0","-47520"
"078000","텔코웨어","5","0","-5","50350","0","-50350"
"001270","부국증권","3","0","-3","70200","0","-70200"
"001755","한양증권우","4","0","-4","73200","0","-73200"
"003535","한화투자증권우","7","0","-7","74200","0","-74200"
"000760","이화산업","5","0","-5","81000","0","-81000"
"037710","광주신세계","243","243","0","45191000","45078000","-113000"
"004450","삼화왕관","3","0","-3","130850","0","-130850"
"005725","넥센우","44","0","-44","152900","0","-152900"
"023450","동남합성","3","0","-3","184500","0","-184500"
"001070","대한방직","4","0","-4","197950","0","-197950"
"002025","코오롱우","17","5","-12","317700","93250","-224450"
"005965","동부건설우","7","0","-7","225750","0","-225750"
"108675","LX하우시스우","27","17","-10","707600","445650","-261950"
"00806K","대덕1우","27","0","-27","286400","0","-286400"
"000050","경방","40","20","-20","587850","292000","-295850"
"067830","세이브존I&C","918","814","-104","2781050","2448505","-332545"
"378850","화승알앤에이","1324","1244","-80","5794200","5450025","-344175"
"004700","조광피혁","7","0","-7","351000","0","-351000"
"010400","우진아이엔에스","55","0","-55","374550","0","-374550"
"023810","인팩","2232","2197","-35","22899450","22506050","-393400"
"000547","흥국화재2우B","15","0","-15","419250","0","-419250"
"016800","퍼시스","13","0","-13","461100","0","-461100"
"006345","대원전선우","162","0","-162","511920","0","-511920"
"004080","신흥","33","0","-33","536450","0","-536450"
"012030","DB","26828","26113","-715","22939275","22348821","-590454"
"004105","태양금속우","265","0","-265","597575","0","-597575"
"084695","대상홀딩스우","239","185","-54","2640450","2039200","-601250"
"000850","화천기공","24","3","-21","759100","94750","-664350"
"010770","평화홀딩스","632","454","-178","2332415","1664125","-668290"
"163560","동일고무벨트","116","0","-116","780640","0","-780640"
"001080","만호제강","144","111","-33","3274650","2489350","-785300"
"058650","세아홀딩스","8","0","-8","836000","0","-836000"
"009680","모토닉","577","486","-91","5181460","4326820","-854640"
"093050","LF","9468","9412","-56","168618700","167726100","-892600"
"021050","서원","20773","20263","-510","40345305","39383185","-962120"
"005720","넥센","695","468","-227","2947925","1979590","-968335"
"001770","SHD","131","97","-34","3805950","2817950","-988000"
"058860","KTis","4352","3914","-438","9809345","8798120","-1011225"
"036530","SNT홀딩스","69","0","-69","1106300","0","-1106300"
"008870","금비","18","0","-18","1154100","0","-1154100"
"005820","원림","112","54","-58","2363050","1139400","-1223650"
"006880","신송홀딩스","273","27","-246","1396740","137700","-1259040"
"000480","조선내화","17","0","-17","1340100","0","-1340100"
"033250","체시스","5215","3827","-1388","5327900","3869645","-1458255"
"005030","부산주공","7296","4273","-3023","3581910","2105783","-1476127"
"001560","제일연마","182","10","-172","1636380","89390","-1546990"
"009970","영원무역홀딩스","530","486","-44","24552250","22628500","-1923750"
"000540","흥국화재","1072","506","-566","3939165","1859910","-2079255"
"010100","한국프랜지","6903","6074","-829","18254265","16019910","-2234355"
"26490K","크라운제과우","210","17","-193","2573300","207450","-2365850"
"001045","CJ우","52","0","-52","2558950","0","-2558950"
"009415","태영건설우","282","17","-265","2952500","177700","-2774800"
"107590","미원홀딩스","58","37","-21","8111000","5164000","-2947000"
"204210","모두투어리츠","767","90","-677","3536225","410850","-3125375"
"084870","TBH글로벌","4138","2394","-1744","7541745","4404800","-3136945"
"023150","MH에탄올","1487","1125","-362","13685250","10313920","-3371330"
"089470","HDC현대EP","5729","5057","-672","27555765","24064745","-3491020"
"018500","동원금속","4646","723","-3923","4130631","631545","-3499086"
"015230","대창단조","23168","22021","-1147","93855910","89380340","-4475570"
"350520","이지스레지던스리츠","2079","1232","-847","11022730","6544170","-4478560"
"000860","강남제비스코","509","327","-182","12478750","7999150","-4479600"
"004440","삼일씨엔에스","516","55","-461","5041590","538060","-4503530"
"002355","넥센타이어1우B","1438","1","-1437","4623170","3185","-4619985"
"019685","대교우B","1822","0","-1822","4641700","0","-4641700"
"004840","DRB동일","1006","0","-1006","4963535","0","-4963535"
"039570","HDC랩스","505","13","-492","5264850","135200","-5129650"
"100220","비상교육","3582","2823","-759","25321900","19924910","-5396990"
"004985","성신양회우","772","391","-381","11003550","5508350","-5495200"
"003547","대신증권2우B","509","124","-385","7327250","1779400","-5547850"
"002920","유성기업","2630","631","-1999","7405400","1776265","-5629135"
"002200","한국수출포장","294","39","-255","6674750","889200","-5785550"
"093240","형지엘리트","137830","134206","-3624","331965780","325825270","-6140510"
"155900","바다로19호","3739","1716","-2023","11769390","5378190","-6391200"
"003460","유화증권","2570","0","-2570","6472295","0","-6472295"
"003120","일성신약","165","86","-79","13516300","7042900","-6473400"
"000670","영풍","241","231","-10","157802000","151290000","-6512000"
"000680","LS네트웍스","35995","34240","-1755","127739835","121185250","-6554585"
"004970","신라교역","648","57","-591","7938000","692550","-7245450"
"004830","덕성","81907","81676","-231","1180592000","1173223850","-7368150"
"001420","태원물산","2210","697","-1513","10867520","3425970","-7441550"
"013870","지엠비코리아","3470","2064","-1406","18356490","10892700","-7463790"
"007980","태평양물산","39767","36657","-3110","93548775","86039570","-7509205"
"004890","동일산업","217","173","-44","38237000","30488500","-7748500"
"134380","미원화학","110","0","-110","8009000","0","-8009000"
"034590","인천도시가스","362","73","-289","10274600","2053150","-8221450"
"248170","샘표식품","237","46","-191","10391650","2012500","-8379150"
"000590","CS홀딩스","155","13","-142","10713500","896000","-9817500"
"002270","롯데푸드","146","114","-32","45859000","35751500","-10107500"
"122900","아이마켓코리아","2788","1731","-1057","27778440","17249320","-10529120"
"029530","신도리코","1224","875","-349","39232250","27990500","-11241750"
"000700","유수홀딩스","3478","1335","-2143","18996330","7296800","-11699530"
"001570","금양","18111","15557","-2554","81691620","69931965","-11759655"
"18064K","한진칼우","373","7","-366","12644700","222350","-12422350"
"004910","조광페인트","3737","2102","-1635","28447660","16003640","-12444020"
"053210","스카이라이프","5886","4360","-1526","49661170","36872730","-12788440"
"348950","제이알글로벌리츠","84663","82210","-2453","454877720","441835620","-13042100"
"009200","무림페이퍼","66350","60929","-5421","173356365","159576035","-13780330"
"35320K","대덕전자1우","1396","379","-1017","19316000","5206600","-14109400"
"025000","KPX케미칼","270","1","-269","14247700","52600","-14195100"
"140910","에이리츠","2104","108","-1996","15008770","767980","-14240790"
"170900","동아에스티","1630","1424","-206","111299300","96978400","-14320900"
"012320","경동인베스트","424","2","-422","14621100","68600","-14552500"
"101530","해태제과식품","1866","6","-1860","14658880","47130","-14611750"
"031440","신세계푸드","756","577","-179","61463600","46830600","-14633000"
"095570","AJ네트웍스","4386","1581","-2805","23749950","8487310","-15262640"
"357250","미래에셋맵스리츠","3204","0","-3204","15623605","0","-15623605"
"001390","KG케미칼","1994","1436","-558","55612500","39980450","-15632050"
"400760","NH올원리츠","4055","988","-3067","21130410","5137600","-15992810"
"280360","롯데제과","417","278","-139","48083000","32003000","-16080000"
"010690","화신","13328","10887","-2441","87202460","70923860","-16278600"
"33637L","솔루스첨단소재2우B","2778","2222","-556","67327250","51005350","-16321900"
"081000","일진다이아","8100","7547","-553","210639450","194192400","-16447050"
"004540","깨끗한나라","14302","10176","-4126","58736095","41654065","-17082030"
"003925","남양유업우","90","0","-90","17100000","0","-17100000"
"030720","동원수산","4043","1994","-2049","37088930","18328570","-18760360"
"016380","KG동부제철","27078","25447","-1631","283927500","265157500","-18770000"
"002320","한진","2901","2215","-686","82272950","62923250","-19349700"
"004360","세방","5040","3190","-1850","55946400","35516100","-20430300"
"014710","사조씨푸드","6792","2935","-3857","36817030","15918050","-20898980"
"334890","이지스밸류리츠","4009","296","-3713","22958470","1696080","-21262390"
"003280","흥아해운","1108341","1106189","-2152","3801254400","3779361030","-21893370"
"002220","한일철강","16073","9313","-6760","54489370","31353475","-23135895"
"000400","롯데손해보험","15494","1894","-13600","26600080","3253440","-23346640"
"002960","한국쉘석유","140","47","-93","35372000","11835500","-23536500"
"016590","신대양제지","445","187","-258","41274500","17377100","-23897400"
"012610","경인양행","11605","7776","-3829","73349870","49152150","-24197720"
"012160","영흥","117879","91797","-26082","110468052","85529456","-24938596"
"000370","한화손해보험","175704","170132","-5572","746014470","719851095","-26163375"
"035000","지투알","4287","0","-4287","27053040","0","-27053040"
"102260","동성케미컬","5933","33","-5900","27353525","151305","-27202220"
"004150","한솔홀딩스","14282","5867","-8415","46265190","19007490","-27257700"
"037560","LG헬로비전","31589","26044","-5545","157448050","130166955","-27281095"
"013000","세우글로벌","49819","32028","-17791","77295295","49526150","-27769145"
"007590","동방아그로","6703","2601","-4102","45974130","17835750","-28138380"
"001720","신영증권","506","55","-451","31968700","3481300","-28487400"
"009540","한국조선해양","59654","59273","-381","5235585400","5206693900","-28891500"
"030610","교보증권","4947","1100","-3847","37239950","8296540","-28943410"
"015860","일진홀딩스","32278","26041","-6237","151790570","122577225","-29213345"
"014160","대영포장","64345","51298","-13047","147854775","118014305","-29840470"
"377190","디앤디플랫폼리츠","24573","18892","-5681","131287950","101251920","-30036030"
"005960","동부건설","7368","5171","-2197","101028600","70401450","-30627150"
"281820","케이씨텍","2503","995","-1508","52069550","20722950","-31346600"
"015260","에이엔피","17680","2065","-15615","35466590","4114790","-31351800"
"009410","태영건설","6569","3420","-3149","64810220","33446000","-31364220"
"010420","한솔PNS","29920","12475","-17445","57046320","23824490","-33221830"
"003160","디아이","14577","10152","-4425","109538040","76302500","-33235540"
"095720","웅진씽크빅","33916","21783","-12133","96719115","62247240","-34471875"
"015590","큐로","274952","190180","-84772","116465287","81287982","-35177305"
"123890","한국자산신탁","9588","33","-9555","35381720","121605","-35260115"
"027410","BGF","8968","1955","-7013","45109210","9840260","-35268950"
"007160","사조산업","907","138","-769","42424700","6459200","-35965500"
"002140","고려산업","54987","43776","-11211","179237110","142534045","-36703065"
"001210","금호전기","37990","20395","-17595","79653935","42823505","-36830430"
"001510","SK증권","137782","95430","-42352","122992159","84739198","-38252961"
"079980","휴비스","13888","8573","-5315","99813790","61406580","-38407210"
"001200","유진투자증권","35609","24063","-11546","119098190","80401125","-38697065"
"094800","맵스리얼티1","9978","1422","-8556","45747720","6508025","-39239695"
"009580","무림P&P","10676","1030","-9646","43601035","4195605","-39405430"
"000300","대유플러스","148871","119337","-29534","192230240","152302395","-39927845"
"005945","NH투자증권우","3778","18","-3760","40502300","192600","-40309700"
"306200","세아제강","1672","1270","-402","166960800","126495400","-40465400"
"010955","S-Oil우","1211","412","-799","61488500","20868400","-40620100"
"064960","SNT모티브","7417","6452","-965","319324800","277865150","-41459650"
"015360","예스코홀딩스","1264","0","-1264","44946550","0","-44946550"
"213500","한솔제지","8877","5023","-3854","108597000","61504400","-47092600"
"051900","LG생활건강","37886","37815","-71","35871168000","35823333000","-47835000"
"077500","유니퀘스트","15915","11537","-4378","176408950","128491500","-47917450"
"000725","현대건설우","12667","12489","-178","956061800","907839100","-48222700"
"007610","선도전기","51307","33500","-17807","147724735","96479815","-51244920"
"268280","미원에스씨","371","105","-266","72160500","20414500","-51746000"
"00680K","미래에셋증권2우B","21664","10066","-11598","96984640","45015025","-51969615"
"006110","삼아알미늄","23834","21980","-1854","663459900","610698150","-52761750"
"032560","황금에스티","19309","12855","-6454","169373980","112734550","-56639430"
"001750","한양증권","4855","972","-3883","71102000","14162600","-56939400"
"395400","SK리츠","9357","187","-9170","58200530","1162800","-57037730"
"018470","조일알미늄","254228","227896","-26332","594354435","536545550","-57808885"
"017810","풀무원","3911","346","-3565","63550150","5617700","-57932450"
"004380","삼익THK","5967","1402","-4565","75638100","17513750","-58124350"
"003570","SNT중공업","12700","5781","-6919","107269760","48584010","-58685750"
"003540","대신증권","8548","4949","-3599","141072600","81390450","-59682150"
"008730","율촌화학","29321","26769","-2552","703356900","641260350","-62096550"
"133820","화인베스틸","58805","40695","-18110","207419715","143238645","-64181070"
"192080","더블유게임즈","17584","16275","-1309","865665350","801478750","-64186600"
"000157","두산2우B","541","3","-538","64718000","373000","-64345000"
"017940","E1","2218","832","-1386","103917650","38992450","-64925200"
"200880","서연이화","18947","9382","-9565","130055940","64242410","-65813530"
"120030","조선선재","1039","441","-598","119154000","50398500","-68755500"
"001470","삼부토건","1130436","1093838","-36598","2444840360","2375195355","-69645005"
"024890","대원화성","177850","158618","-19232","582302105","512037025","-70265080"
"001130","대한제분","588","171","-417","98706500","28433000","-70273500"
"011810","STX","75773","58513","-17260","309668610","237878195","-71790415"
"000970","한국주철관","9973","2135","-7838","91539390","19684220","-71855170"
"008110","대동전자","17070","10395","-6675","184202050","112005950","-72196100"
"004100","태양금속","256089","207407","-48682","343140045","270814660","-72325385"
"084690","대상홀딩스","17254","9242","-8012","157888900","84788660","-73100240"
"005500","삼진제약","7884","4948","-2936","198052050","124336200","-73715850"
"002690","동일제강","39125","12533","-26592","116254770","37290525","-78964245"
"120115","코오롱인더우","5296","2400","-2896","152125850","68818800","-83307050"
"008040","사조동아원","190143","120238","-69905","237082755","147654875","-89427880"
"002310","아세아제지","5612","3688","-1924","259959100","170485900","-89473200"
"029780","삼성카드","32344","29507","-2837","1034855400","944878250","-89977150"
"002780","진흥기업","120407","78292","-42115","261034180","169237760","-91796420"
"088350","한화생명","611885","579359","-32526","1802492060","1707191545","-95300515"
"001250","GS글로벌","122148","81009","-41139","285562565","189381265","-96181300"
"004560","현대비앤지스틸","20615","14744","-5871","341477850","244204700","-97273150"
"013700","까뮤이앤씨","208009","161829","-46180","443492185","345997020","-97495165"
"015020","이스타코","245842","191814","-54028","459885375","356401465","-103483910"
"002840","미원상사","948","387","-561","178315500","73131000","-105184500"
"016610","DB금융투자","19820","381","-19439","122793350","2356520","-120436830"
"007860","서연","38793","28305","-10488","444968650","321340750","-123627900"
"241590","화승엔터프라이즈","17692","10139","-7553","289225400","165159700","-124065700"
"286940","롯데정보통신","5958","2499","-3459","218767100","91464800","-127302300"
"214320","이노션","3609","1049","-2560","180436600","52509650","-127926950"
"003780","진양산업","31738","17472","-14266","287173740","158125930","-129047810"
"100840","SNT에너지","18141","11165","-6976","350929400","216002800","-134926600"
"003850","보령제약","57525","46633","-10892","718983650","582440200","-136543450"
"010640","진양폴리","20767","4315","-16452","176669270","36564760","-140104510"
"019680","대교","48235","7980","-40255","171316465","28366315","-142950150"
"002030","아세아","3151","2174","-977","468770500","323500500","-145270000"
"008060","대덕","26065","6191","-19874","190500870","45185260","-145315610"
"064350","현대로템","156303","148646","-7657","3091920950","2939170800","-152750150"
"010780","아이에스동서","21023","18119","-2904","1114978400","958970900","-156007500"
"006840","AK홀딩스","9102","1364","-7738","192892700","28885600","-164007100"
"003410","쌍용C&E","116440","94815","-21625","882855000","718703790","-164151210"
"069960","현대백화점","29270","27096","-2174","2261065000","2092868800","-168196200"
"005385","현대차우","34532","32564","-1968","3016416600","2847123300","-169293300"
"128820","대성산업","394783","362618","-32165","1958447095","1780604870","-177842225"
"005420","코스모화학","33563","20239","-13324","454941100","273915350","-181025750"
"183190","아세아시멘트","6241","4984","-1257","949346000","757586500","-191759500"
"009450","경동나비엔","10658","6340","-4318","474492550","281891250","-192601300"
"089590","제주항공","28467","18967","-9500","601291650","402318000","-198973650"
"181710","NHN","21187","15551","-5636","755734850","555180800","-200554050"
"000070","삼양홀딩스","3536","1104","-2432","292242500","91089500","-201153000"
"175330","JB금융지주","38763","13792","-24971","317077250","112748830","-204328420"
"011210","현대위아","83322","79336","-3986","4980982600","4771446600","-209536000"
"077970","STX엔진","190926","175770","-15156","2767225450","2554989700","-212235750"
"002420","세기상사","42249","23753","-18496","477420670","259580250","-217840420"
"057050","현대홈쇼핑","6029","2185","-3844","351668800","127469900","-224198900"
"034830","한국토지신탁","244174","138736","-105438","532077680","302537350","-229540330"
"042700","한미반도체","32656","25742","-6914","1091402050","860216250","-231185800"
"001550","조비","12613","1204","-11409","258926500","24731600","-234194900"
"032350","롯데관광개발","81390","68268","-13122","1447724600","1212669700","-235054900"
"004690","삼천리","4567","2172","-2395","464166500","220761500","-243405000"
"002710","TCC스틸","81223","55133","-26090","782105110","532634700","-249470410"
"210540","디와이파워","41083","23371","-17712","574577350","323817900","-250759450"
"034310","NICE","15982","502","-15480","264417850","8316850","-256101000"
"071970","STX중공업","211600","162648","-48952","1066502760","808898490","-257604270"
"002450","삼익악기","169790","30662","-139128","316537720","57275415","-259262305"
"014820","동원시스템즈","14043","8830","-5213","734752400","461321600","-273430800"
"298040","효성중공업","9776","4731","-5045","547640300","268101800","-279538500"
"002350","넥센타이어","53819","8013","-45806","337732980","50252750","-287480230"
"009420","한올바이오파마","26093","10727","-15366","490201400","201105200","-289096200"
"035150","백산","62816","34200","-28616","632020040","342867060","-289152980"
"084010","대한제강","83110","70472","-12638","1940027400","1644323400","-295704000"
"267290","경동도시가스","74026","65142","-8884","2194675250","1898125300","-296549950"
"004250","NPC","174323","141066","-33257","1537894960","1240310880","-297584080"
"055490","테이팩스","6117","2384","-3733","487418500","189270800","-298147700"
"037270","YG PLUS","126084","85912","-40172","928392490","629236000","-299156490"
"004770","써니전자","599824","488958","-110866","1726122640","1420095875","-306026765"
"007690","국도화학","9521","3653","-5868","500088700","191795000","-308293700"
"336370","솔루스첨단소재","51566","46800","-4766","3256737000","2948295500","-308441500"
"117580","대성에너지","1056191","1052572","-3619","18679661600","18364768650","-314892950"
"009900","명신산업","38336","24698","-13638","899577900","580166850","-319411050"
"103590","일진전기","133438","69745","-63693","663072405","343319340","-319753065"
"006650","대한유화","14030","12100","-1930","2383879500","2057914500","-325965000"
"014830","유니드","31089","27498","-3591","2751533500","2423936200","-327597300"
"214420","토니모리","115352","42819","-72533","536333400","198419665","-337913735"
"004430","송원산업","50882","34096","-16786","1033644600","692682600","-340962000"
"251270","넷마블","58626","55209","-3417","5985839000","5637139500","-348699500"
"204320","만도","67507","59730","-7777","3051985050","2700523600","-351461450"
"018880","한온시스템","393102","362796","-30306","4550466950","4196840500","-353626450"
"136490","선진","45525","13689","-31836","504727300","150434550","-354292750"
"005250","녹십자홀딩스","46698","30468","-16230","1050939200","689422950","-361516250"
"017390","서울가스","3077","1138","-1939","584007500","215912000","-368095500"
"267260","현대일렉트릭","42666","24056","-18610","870046550","492403750","-377642800"
"007310","오뚜기","1142","241","-901","495579500","104556000","-391023500"
"006890","태경케미컬","40008","8769","-31239","501385700","109471400","-391914300"
"007340","디티알오토모티브","14296","8972","-5324","1044665700","652509000","-392156700"
"000080","하이트진로","94698","83450","-11248","3361090250","2962949600","-398140650"
"330590","롯데리츠","114950","41996","-72954","629160970","229490020","-399670950"
"000120","CJ대한통운","19049","15759","-3290","2355276500","1951317500","-403959000"
"089860","롯데렌탈","25777","14929","-10848","972648500","564375250","-408273250"
"344820","KCC글라스","14390","7243","-7147","832114400","419260500","-412853900"
"300720","한일시멘트","70496","47429","-23067","1280566250","864163250","-416403000"
"019180","티에이치엔","151000","46473","-104527","615578305","190023230","-425555075"
"383800","LX홀딩스","65773","21944","-43829","644461660","215125310","-429336350"
"003690","코리안리","72597","27938","-44659","705099090","271282040","-433817050"
"009240","한샘","11189","5119","-6070","820270400","374569300","-445701100"
"192650","드림텍","83021","41651","-41370","929562050","467130400","-462431650"
"009830","한화솔루션","241565","226974","-14591","8118441500","7649144550","-469296950"
"078930","GS","157837","145965","-11872","6324767500","5849457750","-475309750"
"093370","후성","389699","366329","-23370","8164551400","7683594500","-480956900"
"381970","케이카","37795","21920","-15875","1156171800","673582200","-482589600"
"016710","대성홀딩스","18391","8448","-9943","932417700","429145300","-503272400"
"226320","잇츠한불","38068","14214","-23854","815798750","304208400","-511590350"
"248070","솔루엠","25839","2710","-23129","583580250","61117200","-522463050"
"060980","한라홀딩스","15794","2945","-12849","642355750","119689050","-522666700"
"011790","SKC","87956","83869","-4087","12044633000","11487707500","-556925500"
"025860","남해화학","81748","24184","-57564","795000220","236474870","-558525350"
"020560","아시아나항공","106987","76420","-30567","2030792050","1452415450","-578376600"
"000155","두산우","20354","14121","-6233","1723986000","1144575300","-579410700"
"042660","대우조선해양","238476","217297","-21179","6324035450","5737106700","-586928750"
"006340","대원전선","1354909","1070322","-284587","2846330210","2248951875","-597378335"
"001740","SK네트웍스","224411","82050","-142361","991973835","362802180","-629171655"
"000910","유니온","183591","95168","-88423","1327637740","688599650","-639038090"
"005010","휴스틸","44044","7684","-36360","790269600","137811050","-652458550"
"003030","세아제강지주","11695","6341","-5354","1501494500","815855000","-685639500"
"000880","한화","96055","72695","-23360","2891794700","2191141000","-700653700"
"271940","일진하이솔루스","47137","29934","-17203","1936431300","1235492700","-700938600"
"071090","하이스틸","463079","256009","-207070","1589978765","858082075","-731896690"
"161890","한국콜마","45564","29190","-16374","2084941400","1337023750","-747917650"
"051905","LG생활건강우","12319","10874","-1445","6535282000","5770014000","-765268000"
"267250","현대중공업지주","171956","155821","-16135","8783317750","7972801450","-810516300"
"001120","LX인터내셔널","153962","124809","-29153","4503119850","3661820700","-841299150"
"047040","대우건설","1114307","969369","-144938","6976184310","6087455770","-888728540"
"178920","PI첨단소재","35184","14354","-20830","1528754350","623511200","-905243150"
"130660","한전산업","433038","359906","-73132","5576169850","4640865950","-935303900"
"180640","한진칼","38284","20532","-17752","2020935900","1082746300","-938189600"
"003580","넥스트사이언스","215530","156987","-58543","3663283250","2653005550","-1010277700"
"007460","에이프로젠 MED","1947430","1279737","-667693","2921279685","1908752720","-1012526965"
"004980","성신양회","99139","16301","-82838","1257262500","206802650","-1050459850"
"004000","롯데정밀화학","39212","26061","-13151","3119542300","2068210200","-1051332100"
"108670","LX하우시스","42951","23704","-19247","2362888200","1297799300","-1065088900"
"007660","이수페타시스","257526","101711","-155815","1860153060","736408550","-1123744510"
"014530","극동유화","523858","247826","-276032","2305454880","1074309040","-1231145840"
"195870","해성디에스","49462","25441","-24021","2583313000","1332072200","-1251240800"
"298020","효성티앤씨","8752","6098","-2654","4216434500","2931733500","-1284701000"
"007810","코리아써키트","133767","92983","-40784","4275838200","2965150550","-1310687650"
"000150","두산","104552","93322","-11230","12399546000","11063115500","-1336430500"
"004800","효성","19612","3209","-16403","1674777800","274270200","-1400507600"
"008930","한미사이언스","58788","27411","-31377","2669604650","1245353550","-1424251100"
"001450","현대해상","382756","330817","-51939","10957363300","9477686200","-1479677100"
"010820","퍼스텍","1069267","760226","-309041","5151787560","3642391265","-1509396295"
"271560","오리온","92632","76140","-16492","8500841800","6969983900","-1530857900"
"011700","한신기계","2650367","2315979","-334388","12124349965","10590489090","-1533860875"
"014680","한솔케미칼","18977","11799","-7178","4089294000","2538842000","-1550452000"
"111770","영원무역","61402","24540","-36862","2602083700","1035891100","-1566192600"
"051915","LG화학우","10290","4505","-5785","2792936500","1220996000","-1571940500"
"026890","스틱인베스트먼트","170897","10185","-160712","1746595350","104307800","-1642287550"
"009160","SIMPAC","321586","96602","-224984","2378730200","713337370","-1665392830"
"012510","더존비즈온","1633188","1596558","-36630","79235849550","77443365900","-1792483650"
"017040","광명전기","981118","301486","-679632","2571624460","762159610","-1809464850"
"294870","HDC현대산업개발","281440","162427","-119013","4551251600","2625980800","-1925270800"
"090430","아모레퍼시픽","82034","70850","-11184","14945150500","12915904500","-2029246000"
"010120","LS ELECTRIC","104102","49593","-54509","4462390500","2123971200","-2338419300"
"112610","씨에스윈드","141612","94505","-47107","8519480400","5684681500","-2834798900"
"003670","포스코케미칼","100443","73621","-26822","11376782000","8343510500","-3033271500"
"361610","SK아이이테크놀로지","670272","644935","-25337","82710071000","79612684000","-3097387000"
"298050","효성첨단소재","11832","4950","-6882","5483812500","2289614000","-3194198500"
"353200","대덕전자","404176","260909","-143267","10038356650","6495422450","-3542934200"
"000990","DB하이텍","133390","80022","-53368","9208914200","5527198000","-3681716200"
"010060","OCI","94693","59284","-35409","9891236000","6191813000","-3699423000"
"323410","카카오뱅크","445735","361711","-84024","21361671100","17360198350","-4001472750"
"032830","삼성생명","190044","121426","-68618","11343931300","7256605100","-4087326200"
"051600","한전KPS","329630","218206","-111424","12539665400","8317620150","-4222045250"
"034220","LG디스플레이","642484","404272","-238212","11966953650","7545157250","-4421796400"
"081660","휠라홀딩스","422310","295529","-126781","14791562500","10346197700","-4445364800"
"002380","KCC","25416","11447","-13969","8445139000","3795177000","-4649962000"
"052690","한전기술","392644","336981","-55663","36140470900","31042287000","-5098183900"
"096770","SK이노베이션","280495","254241","-26254","56316729500","51063498500","-5253231000"
"139480","이마트","108538","66510","-42028","14083732000","8632936000","-5450796000"
"000060","메리츠화재","3675888","3532771","-143117","151525347500","145571680400","-5953667100"
"006280","녹십자","67717","28501","-39216","12246902000","5180465500","-7066436500"
"034730","SK","119186","84341","-34845","27091281500","19163637500","-7927644000"
"005380","현대차","438026","385671","-52355","75190609500","66499093000","-8691516500"
"120110","코오롱인더","246761","78179","-168582","14255862600","4533213400","-9722649200"
"138040","메리츠금융지주","3020620","2737324","-283296","111946721400","101310777500","-10635943900"
"008560","메리츠증권","5521567","3502940","-2018627","32710879910","20665814120","-12045065790"
"034020","두산중공업","4456774","3825033","-631741","93954367650","80655849300","-13298518350"
"019170","신풍제약","4213538","3719646","-493892","144795459750","128345319800","-16450139950"
"035720","카카오","921648","664274","-257374","86637376400","62464977100","-24172399300"
"249420","일동제약","1057097","558497","-498600","62897794800","33196886000","-29700908800"
"373220","LG에너지솔루션","339058","192450","-146608","139185551000","79082432500","-60103118500"
"005930","삼성전자","9008638","6953397","-2055241","644978286700","499135078700","-145843208000"