종목코드,종목명,거래량_매도,거래량_매수,거래량_순매수,거래대금_매도,거래대금_매수,거래대금_순매수
"096770","SK이노베이션","133621","204559","70938","31133158500","47739717000","16606558500"
"009830","한화솔루션","373874","718913","345039","15175404900","29237739500","14062334600"
"010060","OCI","95205","195253","100048","12800696500","26449400500","13648704000"
"010950","S-Oil","160734","245193","84459","19228354000","29370731500","10142377500"
"012330","현대모비스","68962","114221","45259","14916996000","24747115000","9830119000"
"259960","크래프톤","22100","57816","35716","5870358000","15372360000","9502002000"
"329180","현대중공업","31194","84972","53778","4029544000","10979542000","6949998000"
"001120","LX인터내셔널","48637","158578","109941","1954929250","6369456900","4414527650"
"010120","LS ELECTRIC","55545","133740","78195","3020465100","7295168900","4274703800"
"323410","카카오뱅크","119164","197720","78556","4922555100","8202682200","3280127100"
"012450","한화에어로스페이스","48672","99574","50902","2778439500","5690804800","2912365300"
"017960","한국카본","28433","232331","203898","385472300","3206580550","2821108250"
"298040","효성중공업","10786","52041","41255","711842400","3439906700","2728064300"
"112610","씨에스윈드","20319","66338","46019","1184915700","3880988000","2696072300"
"267270","현대건설기계","9462","59406","49944","422987400","2664819400","2241832000"
"336260","두산퓨얼셀","39012","87837","48825","1533630200","3479894300","1946264100"
"267260","현대일렉트릭","25787","100291","74504","636160650","2467689900","1831529250"
"031430","신세계인터내셔날","13351","63975","50624","470479450","2257698150","1787218700"
"267250","HD현대","40667","62544","21877","2579763400","3973626300","1393862900"
"069620","대웅제약","5046","12776","7730","878044000","2231696500","1353652500"
"023530","롯데쇼핑","15756","27316","11560","1664271500","2893758500","1229487000"
"365550","ESR켄달스퀘어리츠","23504","199917","176413","158293550","1350766540","1192472990"
"003030","세아제강지주","391","7328","6937","63768000","1198950500","1135182500"
"003010","혜인","4857","106252","101395","54449450","1188296550","1133847100"
"026890","스틱인베스트먼트","443","126021","125578","3903230","1115387400","1111484170"
"064350","현대로템","59687","112186","52499","1196833250","2263148050","1066314800"
"051600","한전KPS","22470","50137","27667","832098600","1857636450","1025537850"
"004990","롯데지주","19457","46917","27460","698773400","1686189350","987415950"
"018670","SK가스","2765","9840","7075","376985000","1346337000","969352000"
"079550","LIG넥스원","34419","46043","11624","2836620600","3799119600","962499000"
"005300","롯데칠성","10820","15574","4754","2119364000","3061432500","942068500"
"322000","현대에너지솔루션","10075","33074","22999","361878500","1192325850","830447350"
"000210","DL","16160","28240","12080","1101769500","1926596200","824826700"
"361610","SK아이이테크놀로지","28271","35124","6853","3397885000","4217465500","819580500"
"014830","유니드","3584","9879","6295","445995000","1229658000","783663000"
"006260","LS","48243","59114","10871","3292654700","4039374400","746719700"
"009420","한올바이오파마","36353","75136","38783","655433650","1359901800","704468150"
"042700","한미반도체","30451","77652","47201","448665900","1147215250","698549350"
"089590","제주항공","60617","91212","30595","1346597700","2032415550","685817850"
"082740","HSD엔진","6062","81541","75479","54443650","735906520","681462870"
"137310","에스디바이오센서","5610","18899","13289","266907400","893087400","626180000"
"114090","GKL","31897","72089","40192","489204300","1109371900","620167600"
"036420","콘텐트리중앙","24130","36276","12146","1173333000","1787287600","613954600"
"011780","금호석유","18506","22285","3779","2933941500","3535271000","601329500"
"035150","백산","21208","76364","55156","224271450","822198400","597926950"
"042670","현대두산인프라코어","241298","329862","88564","1646617430","2241938340","595320910"
"096775","SK이노베이션우","672","4738","4066","95212000","671005000","575793000"
"103140","풍산","33266","51429","18163","1033855900","1602709250","568853350"
"028670","팬오션","216728","279719","62991","1639759600","2116628020","476868420"
"271940","일진하이솔루스","8242","19290","11048","346635100","806400900","459765800"
"000120","CJ대한통운","14278","17902","3624","1781664500","2237505500","455841000"
"395400","SK리츠","15214","79432","64218","106033900","553397390","447363490"
"011760","현대코퍼레이션","569","22301","21732","11059100","435286800","424227700"
"383800","LX홀딩스","524","41597","41073","5072380","402911790","397839410"
"248070","솔루엠","3277","20610","17333","74546050","469480950","394934900"
"034830","한국토지신탁","43856","240198","196342","86406690","473703935","387297245"
"005070","코스모신소재","45586","52979","7393","2352935900","2738720400","385784500"
"033240","자화전자","14580","27322","12742","415118700","780788550","365669850"
"010690","화신","551","35615","35064","4996950","324579260","319582310"
"025820","이구산업","6","71695","71689","24510","292931235","292906725"
"103590","일진전기","547","37777","37230","3837220","266112060","262274840"
"381970","케이카","3135","13467","10332","76676600","328619250","251942650"
"001570","금양","773","47787","47014","4084720","252138640","248053920"
"192650","드림텍","263","23696","23433","2759900","249016800","246256900"
"357430","마스턴프리미어리츠","34005","74153","40148","203558170","444037020","240478850"
"005850","에스엘","22956","30614","7658","705556500","944164450","238607950"
"000150","두산","11774","14452","2678","990141600","1223873600","233732000"
"001430","세아베스틸지주","561","13230","12669","10017900","236691850","226673950"
"357120","코람코에너지리츠","32635","66883","34248","214720600","440069930","225349330"
"010955","S-Oil우","837","4105","3268","57562300","281283500","223721200"
"003230","삼양식품","8443","10616","2173","788043900","991981500","203937600"
"293940","신한알파리츠","55242","79388","24146","442114680","635511560","193396880"
"100250","진양홀딩스","1251","50001","48750","4944175","197920920","192976745"
"004490","세방전지","6357","9446","3089","392407100","584289300","191882200"
"001940","KISCO홀딩스","519","10081","9562","9096850","178191100","169094250"
"029530","신도리코","304","5324","5020","10005850","175280000","165274150"
"055490","테이팩스","2491","4497","2006","197667300","360969200","163301900"
"006740","영풍제지","375","12949","12574","4660800","164726550","160065750"
"001630","종근당홀딩스","165","2469","2304","10802000","161680200","150878200"
"069960","현대백화점","14357","16216","1859","1143425100","1291561700","148136600"
"241590","화승엔터프라이즈","31110","40190","9080","494497100","641986550","147489450"
"005880","대한해운","36249","81671","45422","113201695","255360160","142158465"
"064960","SNT모티브","17664","20538","2874","851029850","990883400","139853550"
"002320","한진","1034","5633","4599","31151600","169419550","138267950"
"008730","율촌화학","4119","9882","5763","96160300","230754150","134593850"
"002310","아세아제지","2113","5499","3386","82862850","215693900","132831050"
"047050","포스코인터내셔널","92750","98266","5516","2241316800","2373955900","132639100"
"053690","한미글로벌","2273","12079","9806","28757900","154342150","125584250"
"017390","서울가스","6","558","552","1290000","120412500","119122500"
"396690","미래에셋글로벌리츠","51726","70351","18625","326400940","444346330","117945390"
"000500","가온전선","82","4096","4014","2340600","115799800","113459200"
"011210","현대위아","29062","30558","1496","1891489600","1991945000","100455400"
"011930","신성이엔지","116572","160338","43766","295130910","395560520","100429610"
"001040","CJ","11204","12334","1130","947018500","1044488100","97469600"
"006040","동원산업","988","1388","400","233081000","327272000","94191000"
"139130","DGB금융지주","33241","43667","10426","286442100","376293020","89850920"
"082640","동양생명","14275","27977","13702","85075220","167813070","82737850"
"042660","대우조선해양","40178","43563","3385","911605500","994009800","82404300"
"001720","신영증권","2","1410","1408","115200","81196800","81081600"
"126560","현대퓨처넷","688","25548","24860","2127235","79326345","77199110"
"033270","유나이티드제약","1110","3762","2652","30834900","104633300","73798400"
"210980","SK디앤디","4941","7338","2397","151017100","224747100","73730000"
"002220","한일철강","5","15005","15000","23755","71815140","71791385"
"057050","현대홈쇼핑","5002","6201","1199","297773700","369434800","71661100"
"088260","이리츠코크렙","13165","23626","10461","89431320","160636250","71204930"
"002270","롯데푸드","29","242","213","9145000","76338500","67193500"
"003540","대신증권","217","4252","4035","3527400","69716700","66189300"
"010660","화천기계","582","19185","18603","1969695","62885730","60916035"
"034310","NICE","6110","10010","3900","93640200","153541300","59901100"
"078935","GS우","0","1482","1482","0","55241600","55241600"
"005420","코스모화학","306","3555","3249","5243550","59928900","54685350"
"001770","SHD","1953","3310","1357","83306900","137512500","54205600"
"003280","흥아해운","0","17980","17980","0","51835705","51835705"
"012510","더존비즈온","5531","7020","1489","201779500","253366550","51587050"
"007570","일양약품","1053","3040","1987","27143750","78195150","51051400"
"363280","티와이홀딩스","3481","5485","2004","87685800","138098350","50412550"
"023350","한국종합기술","3455","8893","5438","30239160","77639200","47400040"
"004380","삼익THK","281","3426","3145","4216400","51560850","47344450"
"002030","아세아","1521","1866","345","195890500","240771000","44880500"
"000020","동화약품","830","4438","3608","9650300","51746200","42095900"
"001520","동양","1207","31763","30556","1645485","43369680","41724195"
"200880","서연이화","640","5453","4813","5538860","47140270","41601410"
"000880","한화","27519","28941","1422","803576750","845048450","41471700"
"001060","JW중외제약","35","1633","1598","883800","41181800","40298000"
"034120","SBS","11620","12454","834","551116250","590340200","39223950"
"372910","한컴라이프케어","11097","17044","5947","75683430","113733900","38050470"
"036460","한국가스공사","56345","57204","859","2515210850","2552705300","37494450"
"060980","한라홀딩스","158","1068","910","6420600","43469650","37049050"
"008700","아남전자","1415","17030","15615","3310865","40186995","36876130"
"009970","영원무역홀딩스","471","1093","622","27025700","62807000","35781300"
"051630","진양화학","2","8341","8339","8660","35779605","35770945"
"004090","한국석유","328","2468","2140","5227450","39730250","34502800"
"129260","인터지스","5","8714","8709","18690","32509150","32490460"
"00104K","CJ4우(전환)","994","1424","430","73686000","105683800","31997800"
"267290","경동도시가스","55","1235","1180","1389900","31348150","29958250"
"015860","일진홀딩스","4352","8737","4385","29083280","58216000","29132720"
"249420","일동제약","27","707","680","1141650","30027750","28886100"
"000050","경방","228","2108","1880","3342500","31081100","27738600"
"094800","맵스리얼티1","387","5772","5385","1886625","28165515","26278890"
"005180","빙그레","63","559","496","3297400","29379700","26082300"
"007700","F&F홀딩스","459","1583","1124","10487500","36387600","25900100"
"002140","고려산업","93","3542","3449","655350","25037480","24382130"
"029460","케이씨","2691","3791","1100","58943450","83265200","24321750"
"155660","DSR","3","3315","3312","20050","21824520","21804470"
"012610","경인양행","1278","4204","2926","9063920","29991780","20927860"
"000370","한화손해보험","15982","20761","4779","68790780","89057220","20266440"
"015260","에이엔피","4","7242","7238","11090","20006665","19995575"
"117580","대성에너지","144","1472","1328","2069550","21066200","18996650"
"272550","삼양패키징","234","1094","860","5094250","23801550","18707300"
"004360","세방","513","1965","1452","6439200","24564150","18124950"
"181710","NHN","11345","11850","505","358256200","376085800","17829600"
"281820","케이씨텍","274","1118","844","5405000","22115150","16710150"
"095570","AJ네트웍스","891","3187","2296","6167740","22519870","16352130"
"334890","이지스밸류리츠","2945","5500","2555","17936130","33540610","15604480"
"001360","삼성제약","115","3964","3849","449610","15501650","15052040"
"18064K","한진칼우","0","403","403","0","14713850","14713850"
"025620","제이준코스메틱","12","11623","11611","15240","14728140","14712900"
"33626L","두산퓨얼셀2우B","0","895","895","0","14268050","14268050"
"005810","풍산홀딩스","629","1088","459","19334850","33548350","14213500"
"33626K","두산퓨얼셀1우","0","1151","1151","0","14205650","14205650"
"404990","신한서부티엔디리츠","64396","66776","2380","364718750","378121030","13402280"
"003120","일성신약","2","167","165","162200","13563200","13401000"
"293480","하나제약","490","1106","616","9778500","22189900","12411400"
"020120","키다리스튜디오","7","1413","1406","60270","12374960","12314690"
"001725","신영증권우","350","559","209","20131300","32215600","12084300"
"001250","GS글로벌","431","3574","3143","1631375","13438250","11806875"
"37550L","DL이앤씨2우(전환)","0","303","303","0","11705750","11705750"
"145270","케이탑리츠","693","9563","8870","912225","12552345","11640120"
"210540","디와이파워","69","763","694","1051150","11602850","10551700"
"003480","한진중공업홀딩스","1141","3093","1952","5792460","16184470","10392010"
"002700","신일전자","469","4778","4309","1105755","11271070","10165315"
"005305","롯데칠성우","53","177","124","4253900","14404700","10150800"
"017370","우신시스템","89","3034","2945","272790","9298900","9026110"
"006390","한일현대시멘트","7","271","264","208200","8077450","7869250"
"058860","KTis","475","3507","3032","1227850","9048065","7820215"
"417310","코람코더원리츠","2751","3964","1213","17075130","24709200","7634070"
"264900","크라운제과","3","499","496","32150","5316000","5283850"
"001529","동양3우B","0","180","180","0","4905000","4905000"
"012690","모나리자","6","1156","1150","24540","4763510","4738970"
"016880","웅진","62","2488","2426","120550","4748350","4627800"
"100840","SNT에너지","1","235","234","19150","4501250","4482100"
"002210","동성제약","1287","1853","566","10130800","14594340","4463540"
"286940","롯데정보통신","11","161","150","323650","4744200","4420550"
"161000","애경케미칼","80","529","449","757040","5039430","4282390"
"004150","한솔홀딩스","3","1162","1159","10380","4009875","3999495"
"003560","IHQ","21","3315","3294","19887","3142386","3122499"
"097230","HJ중공업","11","410","399","84150","3126840","3042690"
"005870","휴니드","13","308","295","123920","2964860","2840940"
"008110","대동전자","11","304","293","91800","2537760","2445960"
"003555","LG우","0","37","37","0","2371500","2371500"
"012170","아센디오","11409","12575","1166","15540325","17744540","2204215"
"002870","신풍제지","4","1007","1003","8160","2036780","2028620"
"006380","카프로","3298","3796","498","12315885","14195970","1880085"
"025540","한국단자","3149","3164","15","188729900","190251500","1521600"
"030610","교보증권","105","275","170","758830","1991880","1233050"
"084690","대상홀딩스","1197","1308","111","10737740","11707090","969350"
"001510","SK증권","5679","6872","1193","4544604","5505599","960995"
"078000","텔코웨어","0","86","86","0","895100","895100"
"123690","한국화장품","4","98","94","37860","930560","892700"
"004960","한신공영","149","202","53","2141550","2898800","757250"
"102460","이연제약","56","81","25","1592700","2303650","710950"
"016610","DB금융투자","122","229","107","709290","1332330","623040"
"140910","에이리츠","200","263","63","1369680","1781370","411690"
"069730","DSR제강","3","69","66","18170","418670","400500"
"163560","동일고무벨트","4","42","38","32490","343690","311200"
"034590","인천도시가스","2","13","11","55400","362100","306700"
"071090","하이스틸","5","60","55","28030","331610","303580"
"004100","태양금속","6","218","212","7830","287005","279175"
"010770","평화홀딩스","1","75","74","3780","278640","274860"
"009310","참엔지니어링","17","242","225","19845","282470","262625"
"025530","SJM홀딩스","1","64","63","3780","244200","240420"
"001130","대한제분","1","2","1","167000","334000","167000"
"002360","SH에너지화학","14279","14285","6","17635365","17785625","150260"
"003545","대신증권우","0","10","10","0","149000","149000"
"002630","오리엔트바이오","1","144","143","903","126297","125394"
"120030","조선선재","0","1","1","0","109000","109000"
"133820","화인베스틸","2","38","36","6000","113620","107620"
"066575","LG전자우","0","2","2","0","107600","107600"
"008600","윌비스","8","94","86","9600","112800","103200"
"024900","덕양산업","4","37","33","12400","114700","102300"
"003580","HLB글로벌","125","136","11","1187320","1288530","101210"
"093240","형지엘리트","5","57","52","9610","109725","100115"
"016740","두올","5","32","27","17850","114240","96390"
"014440","영보화학","3","24","21","13400","107040","93640"
"092780","동양피스톤","2","16","14","13240","105920","92680"
"025560","미래산업","0","7","7","0","88550","88550"
"071970","STX중공업","2","21","19","9390","97125","87735"
"014710","사조씨푸드","4","16","12","24590","98080","73490"
"023150","MH에탄올","2","9","7","20650","93150","72500"
"010640","진양폴리","4","16","12","22500","90400","67900"
"071055","한국금융지주우","0","1","1","0","63700","63700"
"006090","사조오양","2","8","6","20500","82000","61500"
"017180","명문제약","6","22","16","20880","76420","55540"
"003460","유화증권","1","21","20","2520","52720","50200"
"007980","태평양물산","7","25","18","15730","56540","40810"
"102280","쌍방울","21","74","53","13860","49045","35185"
"006980","우성","0","1","1","0","30600","30600"
"011810","STX","1","8","7","4005","32080","28075"
"001290","상상인증권","0","26","26","0","27690","27690"
"004410","서울식품","29","111","82","8903","34152","25249"
"092440","기신정기","2","8","6","8470","33640","25170"
"005800","신영와코루","0","2","2","0","24700","24700"
"378850","화승알앤에이","1","6","5","4190","25050","20860"
"010600","웰바이오텍","1","12","11","1595","19020","17425"
"002720","국제약품","5","8","3","28350","45340","16990"
"000520","삼일제약","4","6","2","32790","49260","16470"
"119650","KC코트렐","1","4","3","5430","21720","16290"
"006660","삼성공조","1","2","1","12950","25900","12950"
"227840","현대코퍼레이션홀딩스","1","2","1","12350","24700","12350"
"067830","세이브존I&C","5","8","3","17000","27200","10200"
"001020","페이퍼코리아","0","5","5","0","9405","9405"
"089470","HDC현대EP","4","6","2","18120","27180","9060"
"009200","무림페이퍼","5","8","3","15025","24040","9015"
"000890","보해양조","20","30","10","17520","26319","8799"
"118000","초록뱀헬스케어","0","7","7","0","8470","8470"
"047400","유니온머티리얼","6","9","3","16860","25295","8435"
"003680","한성기업","0","1","1","0","7900","7900"
"006340","대원전선","10","14","4","18750","26260","7510"
"004060","SG세계물산","29","40","11","19604","27054","7450"
"011090","에넥스","8","12","4","14320","21490","7170"
"002070","비비안","0","3","3","0","6960","6960"
"012160","영흥","15","22","7","14730","21605","6875"
"020760","일진디스플","8","11","3","17125","23540","6415"
"025750","한솔홈데코","12","16","4","19330","25740","6410"
"007120","미래아이앤지","0","16","16","0","6404","6404"
"024890","대원화성","6","8","2","19355","25725","6370"
"023000","삼원강재","7","9","2","22080","28365","6285"
"004770","써니전자","5","7","2","15425","21605","6180"
"002760","보락","9","12","3","17805","23705","5900"
"091090","세원이앤씨","22","30","8","15752","21484","5732"
"002820","SUN&L","2","3","1","11160","16740","5580"
"021050","서원","7","10","3","12880","18410","5530"
"085310","엔케이","12","17","5","13100","18540","5440"
"013520","화승코퍼레이션","6","9","3","10350","15525","5175"
"005257","녹십자홀딩스2우","1","1","0","79000","84100","5100"
"011330","유니켐","11","15","4","13970","19040","5070"
"007110","일신석재","10","13","3","16800","21840","5040"
"014990","인디에프","11","16","5","11000","15990","4990"
"143210","핸즈코퍼레이션","3","4","1","14200","19000","4800"
"008420","문배철강","3","4","1","14205","18920","4715"
"026940","부국철강","3","4","1","14180","18880","4700"
"049800","우진플라임","3","4","1","13460","18000","4540"
"003080","성보화학","3","4","1","13080","17420","4340"
"009180","한솔로지스틱스","4","5","1","16850","21125","4275"
"002880","대유에이텍","21","25","4","22340","26515","4175"
"002690","동일제강","3","4","1","12420","16560","4140"
"072130","유엔젤","2","3","1","8200","12270","4070"
"069640","한세엠케이","2","3","1","7930","11895","3965"
"041650","상신브레이크","3","4","1","11840","15760","3920"
"018500","동원금속","1","5","4","978","4883","3905"
"011150","CJ씨푸드","6","7","1","23100","26955","3855"
"298690","에어부산","28","30","2","51660","55330","3670"
"001380","SG글로벌","7","9","2","12285","15795","3510"
"006200","한국전자홀딩스","7","9","2","12075","15530","3455"
"071950","코아스","0","3","3","0","3210","3210"
"002920","유성기업","4","5","1","12570","15675","3105"
"090370","메타랩스","12","16","4","9168","12222","3054"
"004270","남성","6","7","1","17670","20615","2945"
"012280","영화금속","8","10","2","11015","13750","2735"
"011300","성안","0","4","4","0","2056","2056"
"024070","WISCOM","3","3","0","10455","10470","15"
"009440","KC그린홀딩스","4","4","0","19670","19680","10"
"001260","남광토건","2","2","0","22400","22400","0"
"006370","대구백화점","2","2","0","23400","23400","0"
"005750","대림B&Co","3","3","0","20430","20430","0"
"001080","만호제강","1","1","0","27000","27000","0"
"075180","새론오토모티브","4","4","0","22360","22360","0"
"019440","세아특수강","2","2","0","32000","32000","0"
"034300","신세계건설","1","1","0","30300","30300","0"
"010400","우진아이엔에스","1","1","0","7440","7440","0"
"000220","유유제약","3","3","0","21450","21450","0"
"008250","이건산업","2","2","0","21000","21000","0"
"023810","인팩","2","2","0","18940","18940","0"
"001560","제일연마","2","2","0","18460","18460","0"
"013870","지엠비코리아","3","3","0","18510","18510","0"
"003780","진양산업","2","2","0","15260","15260","0"
"001420","태원물산","1","1","0","5540","5540","0"
"002200","한국수출포장","1","1","0","25500","25500","0"
"005360","모나미","4","4","0","17495","17480","-15"
"123700","SJM","3","3","0","12485","12465","-20"
"001210","금호전기","1","1","0","2705","2665","-40"
"006570","대림통상","3","3","0","12940","12900","-40"
"010960","삼호개발","5","5","0","24290","24250","-40"
"084670","동양고속","1","1","0","17750","17600","-150"
"004840","DRB동일","4","4","0","22590","22400","-190"
"011420","갤럭시아에스엠","4","3","-1","8615","6465","-2150"
"000300","대유플러스","14","12","-2","15610","13380","-2230"
"058850","KTcs","6","5","-1","13920","11600","-2320"
"014910","성문전자","5","4","-1","11830","9480","-2350"
"015590","큐로","34","28","-6","15844","13033","-2811"
"001620","케이비아이동국실업","15","11","-4","10935","8016","-2919"
"044380","주연테크","8","5","-3","8335","5200","-3135"
"074610","이엔플러스","11","10","-1","38995","35450","-3545"
"027740","마니커","9","7","-2","18095","14065","-4030"
"009460","한창제지","9","7","-2","18345","14250","-4095"
"090080","평화산업","9","6","-3","15030","10020","-5010"
"013000","세우글로벌","8","5","-3","16035","10050","-5985"
"014130","한익스프레스","3","2","-1","17870","11840","-6030"
"011230","삼화전자","3","1","-2","9345","3115","-6230"
"101140","인바이오젠","13","10","-3","28100","21595","-6505"
"000910","유니온","3","2","-1","20580","13660","-6920"
"100220","비상교육","3","2","-1","22120","14700","-7420"
"004920","씨아이테크","11","4","-7","12090","4395","-7695"
"004910","조광페인트","3","2","-1","24960","16660","-8300"
"004440","삼일씨엔에스","3","2","-1","27760","18460","-9300"
"002420","세기상사","1","0","-1","10000","0","-10000"
"006880","신송홀딩스","3","2","-1","30600","20300","-10300"
"025890","한국주강","3","0","-3","10770","0","-10770"
"015020","이스타코","12","4","-8","17840","5940","-11900"
"030720","동원수산","2","1","-1","24300","12050","-12250"
"023960","에쓰씨엔지니어링","8","3","-5","23700","8895","-14805"
"003060","에이프로젠제약","86","63","-23","56786","41391","-15395"
"007590","동방아그로","4","2","-2","30850","15420","-15430"
"001140","국보","18","6","-12","24340","8110","-16230"
"027970","세하","17","5","-12","27535","8095","-19440"
"096760","JW홀딩스","18","13","-5","70110","50630","-19480"
"031820","콤텍시스템","34","11","-23","30905","10000","-20905"
"001550","조비","2","1","-1","45750","22800","-22950"
"005320","국동","16","5","-11","34965","10945","-24020"
"009810","플레이그램","26","8","-18","39785","12230","-27555"
"035000","지투알","8","0","-8","51510","0","-51510"
"000230","일동홀딩스","3","1","-2","91200","30400","-60800"
"069460","대호에이엘","6169","6265","96","20486880","20417830","-69050"
"00088K","한화3우B","5","0","-5","78500","0","-78500"
"006060","화승인더","327","310","-17","1779270","1692620","-86650"
"005945","NH투자증권우","9","0","-9","94500","0","-94500"
"093230","이아이디","60","2","-58","100465","3350","-97115"
"033180","KH 필룩스","287","197","-90","585455","402845","-182610"
"004830","덕성","35","11","-24","276110","87010","-189100"
"000760","이화산업","13","1","-12","229700","17650","-212050"
"03473K","SK우","1","0","-1","213500","0","-213500"
"005820","원림","10","1","-9","256600","25500","-231100"
"000547","흥국화재2우B","10","0","-10","273000","0","-273000"
"001045","CJ우","6","0","-6","309600","0","-309600"
"234080","JW생명과학","33","3","-30","455400","41400","-414000"
"950210","프레스티지바이오파마","54","17","-37","680900","215100","-465800"
"002100","경농","143","104","-39","1930500","1398900","-531600"
"009680","모토닉","247","185","-62","2195090","1653330","-541760"
"003570","SNT중공업","252","185","-67","2102700","1559550","-543150"
"000040","KR모터스","729","8","-721","566999","6240","-560759"
"012630","HDC","129","41","-88","934070","297210","-636860"
"001790","대한제당","908","751","-157","4086155","3377230","-708925"
"008970","동양철관","609","19","-590","755905","23560","-732345"
"130660","한전산업","270","203","-67","3287750","2478150","-809600"
"014530","극동유화","200","7","-193","881900","30445","-851455"
"004700","조광피혁","19","1","-18","921850","49300","-872550"
"024090","디씨엠","110","68","-42","2437050","1554300","-882750"
"003610","방림","233","8","-225","914690","31695","-882995"
"000860","강남제비스코","38","1","-37","918850","24300","-894550"
"012030","DB","995","37","-958","938403","34650","-903753"
"244920","에이플러스에셋","139","2","-137","921760","13480","-908280"
"002450","삼익악기","569","17","-552","937775","27945","-909830"
"004310","현대약품","201","17","-184","996100","83990","-912110"
"000320","노루홀딩스","83","3","-80","967450","34800","-932650"
"010040","한국내화","254","8","-246","973730","30455","-943275"
"013360","일성건설","257","26","-231","1075985","108295","-967690"
"092220","KEC","721","405","-316","2297725","1296830","-1000895"
"000700","유수홀딩스","169","5","-164","1045760","30800","-1014960"
"001470","삼부토건","764","283","-481","1652350","615815","-1036535"
"017900","광전자","405","11","-394","1114345","30255","-1084090"
"004080","신흥","72","2","-70","1206100","33600","-1172500"
"081000","일진다이아","141","93","-48","3552600","2377800","-1174800"
"004720","팜젠사이언스","153","2","-151","1273380","16400","-1256980"
"009770","삼정펄프","51","1","-50","1453800","28600","-1425200"
"036580","팜스코","342","126","-216","2306540","849180","-1457360"
"248170","샘표식품","39","2","-37","1630250","83400","-1546850"
"012320","경동인베스트","43","0","-43","1597450","0","-1597450"
"009320","대우부품","733","41","-692","1717760","95940","-1621820"
"023450","동남합성","29","1","-28","1755700","60500","-1695200"
"090350","노루페인트","239","65","-174","2408850","657300","-1751550"
"084680","이월드","807","27","-780","1821675","61025","-1760650"
"015360","예스코홀딩스","57","6","-51","2055400","217400","-1838000"
"077970","STX엔진","149","4","-145","2003000","53600","-1949400"
"006110","삼아알미늄","88","3","-85","2042600","69300","-1973300"
"000180","성창기업지주","880","14","-866","2127030","33690","-2093340"
"094280","효성ITX","197","69","-128","3349750","1179000","-2170750"
"028100","동아지질","128","2","-126","2222950","34500","-2188450"
"002170","삼양통상","42","1","-41","2382600","57000","-2325600"
"214420","토니모리","498","78","-420","2795400","437630","-2357770"
"070960","용평리조트","756","269","-487","3701775","1320530","-2381245"
"012800","대창","1304","17","-1287","2431090","31450","-2399640"
"011280","태림포장","632","14","-618","2462445","54140","-2408305"
"001500","현대차증권","693","457","-236","7196550","4770700","-2425850"
"017940","E1","72","23","-49","3603300","1153500","-2449800"
"002620","제일파마홀딩스","251","103","-148","4381500","1865400","-2516100"
"000400","롯데손해보험","4690","3268","-1422","8359570","5836180","-2523390"
"004250","NPC","273","21","-252","2746350","211050","-2535300"
"018470","조일알미늄","1176","22","-1154","2613075","50025","-2563050"
"092200","디아이씨","528","8","-520","2622635","39460","-2583175"
"001460","BYC","6","0","-6","2607500","0","-2607500"
"004970","신라교역","224","3","-221","2642650","35100","-2607550"
"097955","CJ제일제당 우","15","0","-15","2625000","0","-2625000"
"001780","알루코","818","17","-801","2763585","57355","-2706230"
"000390","삼화페인트","320","5","-315","2754060","42850","-2711210"
"014160","대영포장","1317","18","-1299","2829085","38610","-2790475"
"267850","아시아나IDT","165","6","-159","2898600","106500","-2792100"
"214390","경보제약","372","15","-357","2998170","121240","-2876930"
"001750","한양증권","236","3","-233","2921300","36900","-2884400"
"011500","한농화성","191","3","-188","2978450","46650","-2931800"
"007210","벽산","824","13","-811","2991215","47170","-2944045"
"023800","인지컨트롤스","305","10","-295","3090350","101000","-2989350"
"071320","지역난방공사","89","2","-87","3060100","68900","-2991200"
"007280","한국특강","1086","4","-1082","3014670","11180","-3003490"
"077500","유니퀘스트","739","438","-301","7814500","4652850","-3161650"
"079980","휴비스","595","159","-436","4352030","1165060","-3186970"
"004710","한솔테크닉스","500","6","-494","3312110","39780","-3272330"
"000430","대원강업","987","12","-975","3370750","40800","-3329950"
"063160","종근당바이오","104","1","-103","3459550","33250","-3426300"
"008040","사조동아원","1680","28","-1652","3488625","57885","-3430740"
"009270","신원","1938","15","-1923","3639235","27975","-3611260"
"010100","한국프랜지","1315","39","-1276","3878135","114075","-3764060"
"338100","NH프라임리츠","10212","9447","-765","50953520","47166075","-3787445"
"001200","유진투자증권","2606","1403","-1203","8327020","4501825","-3825195"
"122900","아이마켓코리아","672","328","-344","7480700","3654650","-3826050"
"136490","선진","326","24","-302","4215150","309850","-3905300"
"007460","에이프로젠 MED","2357","42","-2315","3989675","70855","-3918820"
"011700","한신기계","360","6","-354","4002050","65700","-3936350"
"078520","에이블씨엔씨","646","84","-562","4544170","591170","-3953000"
"004140","동방","1129","9","-1120","4066390","33505","-4032885"
"007540","샘표","76","0","-76","4204100","0","-4204100"
"001070","대한방직","90","1","-89","4270550","47850","-4222700"
"280360","롯데제과","46","8","-38","5201500","910500","-4291000"
"33637L","솔루스첨단소재2우B","254","0","-254","4344000","0","-4344000"
"002410","범양건영","927","20","-907","4451580","94800","-4356780"
"003350","한국화장품제조","177","21","-156","4946450","587000","-4359450"
"084870","TBH글로벌","2205","4","-2201","4388430","7900","-4380530"
"005740","크라운해태홀딩스","497","5","-492","4625850","46050","-4579800"
"204210","모두투어리츠","1344","504","-840","7296320","2661240","-4635080"
"023590","다우기술","834","598","-236","16678300","11992350","-4685950"
"006840","AK홀딩스","229","2","-227","4730400","41100","-4689300"
"002020","코오롱","185","13","-172","5115850","359550","-4756300"
"001820","삼화콘덴서","164","67","-97","8202900","3349250","-4853650"
"013570","디와이","537","5","-532","4910210","45700","-4864510"
"030210","다올투자증권","1902","876","-1026","9324460","4306635","-5017825"
"004560","현대비앤지스틸","543","240","-303","9025400","3981000","-5044400"
"088790","진도","1492","77","-1415","5376835","277745","-5099090"
"308170","센트랄모텍","323","2","-321","5222250","32000","-5190250"
"102260","동성케미컬","1148","10","-1138","5299970","45945","-5254025"
"002780","진흥기업","2572","28","-2544","5311400","57120","-5254280"
"011000","진원생명과학","487","28","-459","5919250","337250","-5582000"
"226320","잇츠한불","308","37","-271","6530150","777600","-5752550"
"009070","KCTC","975","5","-970","6037500","31100","-6006400"
"033530","세종공업","845","19","-826","6192360","138890","-6053470"
"003300","한일홀딩스","480","6","-474","6131100","76800","-6054300"
"037560","LG헬로비전","1025","59","-966","6521250","372460","-6148790"
"008060","대덕","1025","195","-830","7624610","1452440","-6172170"
"105840","우진","496","4","-492","6379200","50800","-6328400"
"317400","자이에스앤디","797","9","-788","6683370","75490","-6607880"
"002810","삼영무역","487","3","-484","6690350","41400","-6648950"
"003220","대원제약","435","37","-398","7385850","627150","-6758700"
"339770","교촌에프앤비","544","65","-479","7774450","935800","-6838650"
"072710","농심홀딩스","98","1","-97","7071000","72400","-6998600"
"003200","일신방직","62","0","-62","7030500","0","-7030500"
"001270","부국증권","293","2","-291","7145350","49000","-7096350"
"007160","사조산업","148","3","-145","7267500","147600","-7119900"
"000480","조선내화","90","1","-89","7299700","81000","-7218700"
"006490","인스코비","2864","100","-2764","7508190","261505","-7246685"
"000680","LS네트웍스","2186","15","-2171","7337510","50195","-7287315"
"004870","티웨이홀딩스","10501","41","-10460","7431203","28864","-7402339"
"033250","체시스","5973","2","-5971","7483625","2480","-7481145"
"018250","애경산업","425","1","-424","7512300","17700","-7494600"
"032560","황금에스티","832","7","-825","7569490","63420","-7506070"
"036530","SNT홀딩스","469","3","-466","7677450","49350","-7628100"
"008350","남선알미늄","2856","0","-2856","7704730","0","-7704730"
"010050","우리종금","14994","5623","-9371","12588492","4716380","-7872112"
"014820","동원시스템즈","4196","4049","-147","229155400","221221900","-7933500"
"025000","KPX케미칼","153","1","-152","7987500","52500","-7935000"
"101530","해태제과식품","985","5","-980","8032800","40800","-7992000"
"031440","신세계푸드","126","1","-125","8339200","66300","-8272900"
"092230","KPX홀딩스","139","4","-135","8763900","253000","-8510900"
"016580","환인제약","506","4","-502","8726500","69600","-8656900"
"005950","이수화학","670","81","-589","10034550","1218900","-8815650"
"194370","제이에스코퍼레이션","427","2","-425","8929950","41800","-8888150"
"138490","코오롱플라스틱","697","41","-656","9545750","564400","-8981350"
"003160","디아이","1182","6","-1176","9055090","45780","-9009310"
"095720","웅진씽크빅","3134","24","-3110","9201280","70440","-9130840"
"007860","서연","1035","0","-1035","9288040","0","-9288040"
"002960","한국쉘석유","39","1","-38","9823000","252500","-9570500"
"009580","무림P&P","1996","12","-1984","9719405","58535","-9660870"
"068290","삼성출판사","309","4","-305","9817900","127200","-9690700"
"005389","현대차3우B","121","8","-113","10853700","718400","-10135300"
"268280","미원에스씨","52","0","-52","10361500","0","-10361500"
"003720","삼영화학","3409","4","-3405","10431260","12135","-10419125"
"123890","한국자산신탁","3399","644","-2755","13054925","2479490","-10575435"
"068400","SK렌터카","1114","63","-1051","11307450","642600","-10664850"
"004980","성신양회","986","9","-977","11135700","101250","-11034450"
"010420","한솔PNS","5906","145","-5761","11369030","279115","-11089915"
"079430","현대리바트","888","3","-885","11678200","39600","-11638600"
"009290","광동제약","1850","20","-1830","12731970","137020","-12594950"
"004540","깨끗한나라","3128","27","-3101","13477380","115565","-13361815"
"009160","SIMPAC","1885","92","-1793","14273750","701720","-13572030"
"00279K","아모레G3우(전환)","397","0","-397","13718050","0","-13718050"
"044820","코스맥스비티아이","1288","123","-1165","15296800","1452950","-13843850"
"027410","BGF","14086","11415","-2671","73385300","59484910","-13900390"
"002795","아모레G우","841","0","-841","14102600","0","-14102600"
"001685","대상우","789","0","-789","14134450","0","-14134450"
"28513K","SK케미칼우","229","0","-229","14171500","0","-14171500"
"000087","하이트진로2우B","685","0","-685","14190000","0","-14190000"
"006805","미래에셋증권우","2648","0","-2648","14211570","0","-14211570"
"120115","코오롱인더우","457","0","-457","14244500","0","-14244500"
"350520","이지스레지던스리츠","7776","5280","-2496","45358830","30893340","-14465490"
"016450","한세예스24홀딩스","2148","10","-2138","15049720","69700","-14980020"
"002240","고려제강","581","8","-573","15562050","213200","-15348850"
"001880","DL건설","2479","1830","-649","59080200","43321600","-15758600"
"014580","태경비케이","2998","5","-2993","15994160","26750","-15967410"
"015890","태경산업","2666","205","-2461","18495900","1429350","-17066550"
"357250","미래에셋맵스리츠","7495","3636","-3859","36985520","17951235","-19034285"
"039570","HDC랩스","1947","5","-1942","19391500","49100","-19342400"
"005500","삼진제약","779","0","-779","19352100","0","-19352100"
"017550","수산중공업","4667","10","-4657","20086545","41560","-20044985"
"024720","한국콜마홀딩스","1109","96","-1013","22573900","1949600","-20624300"
"083420","그린케미칼","2177","4","-2173","20898570","38200","-20860370"
"019680","대교","7299","1215","-6084","25519420","4231875","-21287545"
"000815","삼성화재우","381","244","-137","61363500","39406500","-21957000"
"009190","대양금속","5009","2","-5007","22130750","8800","-22121950"
"170900","동아에스티","1006","646","-360","64548300","42029600","-22518700"
"013700","까뮤이앤씨","10013","4","-10009","22629365","9025","-22620340"
"008260","NI스틸","4190","22","-4168","23192200","122320","-23069880"
"002150","도화엔지니어링","2079","8","-2071","23187650","87950","-23099700"
"003470","유안타증권","10825","3405","-7420","34475165","10906440","-23568725"
"000970","한국주철관","2488","1","-2487","23673550","9530","-23664020"
"058430","포스코스틸리온","525","2","-523","23832200","90900","-23741300"
"271980","제일약품","974","103","-871","26773450","2846950","-23926500"
"016590","신대양제지","271","1","-270","24414600","89900","-24324700"
"013580","계룡건설","805","3","-802","24928600","92650","-24835950"
"005250","녹십자홀딩스","16709","15453","-1256","357421500","330981100","-26440400"
"004890","동일산업","254","92","-162","41956500","15300500","-26656000"
"380440","엔에이치스팩19호","56343","43781","-12562","119724065","93063115","-26660950"
"033920","무학","3462","200","-3262","28967730","1670010","-27297720"
"001340","백광산업","5147","24","-5123","28215370","129600","-28085770"
"000240","한국앤컴퍼니","18908","16905","-2003","269064250","240388000","-28676250"
"058650","세아홀딩스","280","1","-279","29131500","105000","-29026500"
"085620","미래에셋생명","8347","560","-7787","31376070","2102960","-29273110"
"016800","퍼시스","876","2","-874","29503600","68000","-29435600"
"075580","세진중공업","4465","51","-4414","29979380","348310","-29631070"
"229640","LS전선아시아","3932","195","-3737","31446820","1558500","-29888320"
"002840","미원상사","199","7","-192","35738000","1260000","-34478000"
"003960","사조대림","1125","1","-1124","34686150","31050","-34655100"
"104700","한국철강","4343","86","-4257","36566550","730060","-35836490"
"090435","아모레퍼시픽우","540","2","-538","36724800","135400","-36589400"
"005720","넥센","9264","9","-9255","38604665","37710","-38566955"
"000140","하이트진로홀딩스","2958","5","-2953","40003000","68500","-39934500"
"016090","대현","15554","45","-15509","40345515","116100","-40229415"
"011785","금호석유우","419","1","-418","40941000","97500","-40843500"
"002390","한독","2156","3","-2153","43812950","61200","-43751750"
"002710","TCC스틸","4099","119","-3980","48094100","1406000","-46688100"
"107590","미원홀딩스","344","1","-343","47927500","138000","-47789500"
"091810","티웨이항공","33024","16090","-16934","91779835","43731645","-48048190"
"306200","세아제강","1237","951","-286","218450500","169265500","-49185000"
"006890","태경케미컬","3216","2","-3214","52603150","33100","-52570050"
"000540","흥국화재","14344","12","-14332","54615915","45165","-54570750"
"213500","한솔제지","17575","13486","-4089","251058100","193576900","-57481200"
"300720","한일시멘트","16153","12918","-3235","295059850","237054050","-58005800"
"008490","서흥","1620","26","-1594","59023750","951500","-58072250"
"025860","남해화학","4811","46","-4765","58731050","561850","-58169200"
"035510","신세계 I&C","3661","6","-3655","58871850","96500","-58775350"
"009470","삼화전기","2810","9","-2801","65132100","209700","-64922400"
"214320","이노션","4902","3550","-1352","245417450","177815500","-67601950"
"004800","효성","6686","5875","-811","565400600","496762000","-68638600"
"003240","태광산업","99","28","-71","95838000","27138000","-68700000"
"33637K","솔루스첨단소재1우","5000","0","-5000","72500000","0","-72500000"
"014790","한라","15562","42","-15520","73326030","197085","-73128945"
"019180","티에이치엔","20005","3","-20002","73427790","10965","-73416825"
"016710","대성홀딩스","1211","20","-1191","76587200","1272200","-75315000"
"377190","디앤디플랫폼리츠","50317","35966","-14351","267558100","191378970","-76179130"
"051915","LG화학우","286","3","-283","79603500","833000","-78770500"
"003070","코오롱글로벌","4683","167","-4516","91729350","3275900","-88453450"
"071840","롯데하이마트","4276","92","-4184","91519950","1969200","-89550750"
"044450","KSS해운","24804","17001","-7803","285125550","195511500","-89614050"
"400760","NH올원리츠","49126","32064","-17062","265107740","173132860","-91974880"
"282690","동아타이어","7199","2","-7197","92428450","25800","-92402650"
"010820","퍼스텍","118236","100275","-17961","641230920","548045150","-93185770"
"015230","대창단조","18428","2751","-15677","117490380","17166470","-100323910"
"007810","코리아써키트","4425","69","-4356","107113450","1668450","-105445000"
"014280","금강공업","12240","34","-12206","107470400","295200","-107175200"
"017040","광명전기","35852","6080","-29772","133013900","22796825","-110217075"
"009410","태영건설","12931","76","-12855","110941350","649280","-110292070"
"037270","YG PLUS","45948","28885","-17063","320212080","202207160","-118004920"
"005430","한국공항","2611","1","-2610","120914400","46400","-120868000"
"005680","삼영전자","10017","85","-9932","122277350","1041700","-121235650"
"192400","쿠쿠홀딩스","11774","4878","-6896","206081400","84613000","-121468400"
"006220","제주은행","37531","16120","-21411","214598770","92403360","-122195410"
"115390","락앤락","13264","8","-13256","126285000","76240","-126208760"
"003530","한화투자증권","34607","2533","-32074","137061165","10062860","-126998305"
"005960","동부건설","11597","1604","-9993","148343400","20461550","-127881850"
"001530","DI동일","21315","15338","-5977","480534000","344510250","-136023750"
"214330","금호에이치티","105843","0","-105843","139363190","0","-139363190"
"053210","스카이라이프","20212","4857","-15355","184418470","44222680","-140195790"
"002990","금호건설","24844","9421","-15423","233460170","88802060","-144658110"
"049770","동원F&B","892","1","-891","145030000","163000","-144867000"
"005110","한창","145190","21004","-124186","169694845","24415390","-145279455"
"192080","더블유게임즈","6898","3495","-3403","303192250","153846850","-149345400"
"037710","광주신세계","6431","2243","-4188","229684650","80108300","-149576350"
"145720","덴티움","7847","5759","-2088","596813700","439303500","-157510200"
"051905","LG생활건강우","401","0","-401","158632000","0","-158632000"
"284740","쿠쿠홈시스","5611","320","-5291","178077200","10178950","-167898250"
"017810","풀무원","11268","117","-11151","170211450","1780200","-168431250"
"145990","삼양사","3534","60","-3474","181089800","3079500","-178010300"
"000670","영풍","322","55","-267","215332000","36827000","-178505000"
"005387","현대차2우B","13775","11720","-2055","1256300900","1070609800","-185691100"
"019170","신풍제약","18593","11731","-6862","511392300","323517350","-187874950"
"336370","솔루스첨단소재","13932","10782","-3150","841960500","651687800","-190272700"
"272450","진에어","45705","35073","-10632","835632150","641740300","-193891850"
"111770","영원무역","25360","21172","-4188","1188947400","995046850","-193900550"
"005010","휴스틸","8355","6","-8349","194862000","140200","-194721800"
"108670","LX하우시스","4409","507","-3902","222251900","25545200","-196706700"
"139990","아주스틸","13837","3","-13834","204869350","44400","-204824950"
"004690","삼천리","2195","852","-1343","338637000","132060000","-206577000"
"001800","오리온홀딩스","16134","732","-15402","229447100","10404300","-219042800"
"111110","호전실업","23496","72","-23424","228567970","719680","-227848290"
"001680","대상","18818","8454","-10364","420301500","188869400","-231432100"
"006650","대한유화","5809","4252","-1557","908584500","668978500","-239606000"
"003850","보령","21755","1481","-20274","258957050","17621650","-241335400"
"105630","한세실업","57429","46114","-11315","1258718650","1016704200","-242014450"
"006405","삼성SDI우","880","50","-830","259646500","14625000","-245021500"
"005610","SPC삼립","3453","158","-3295","259231300","11914700","-247316600"
"003690","코리안리","30988","4852","-26136","294944590","46212070","-248732520"
"195870","해성디에스","25955","22099","-3856","1729428300","1478338800","-251089500"
"003090","대웅","14738","6003","-8735","424960200","173831300","-251128900"
"344820","KCC글라스","9291","4731","-4560","528438500","269480900","-258957600"
"058730","다스코","47557","9449","-38108","324483400","64636990","-259846410"
"005390","신성통상","138959","50585","-88374","410364400","149100800","-261263600"
"005440","현대그린푸드","38682","7634","-31048","326970020","64624560","-262345460"
"175330","JB금융지주","38017","8278","-29739","335472700","73056860","-262415840"
"029780","삼성카드","25818","17944","-7874","866683750","602232100","-264451650"
"00680K","미래에셋증권2우B","62030","14","-62016","266540330","60195","-266480135"
"000640","동아쏘시오홀딩스","3213","558","-2655","327676000","56638000","-271038000"
"001230","동국제강","69911","54664","-15247","1261412300","989070950","-272341350"
"282330","BGF리테일","6271","4751","-1520","1144130000","869294500","-274835500"
"272210","한화시스템","108109","90959","-17150","1768641750","1492595850","-276045900"
"016380","KG스틸","21731","5834","-15897","378409900","101196800","-277213100"
"004430","송원산업","14444","3121","-11323","355713100","76595650","-279117450"
"128820","대성산업","57086","15755","-41331","404015570","111763410","-292252160"
"000490","대동","21406","543","-20863","305539050","7766200","-297772850"
"001740","SK네트웍스","89438","23011","-66427","419670760","107844745","-311826015"
"084010","대한제강","16250","196","-16054","323180800","3870200","-319310600"
"348950","제이알글로벌리츠","504161","444169","-59992","2869872020","2530771860","-339100160"
"000070","삼양홀딩스","6577","2145","-4432","524609100","171007000","-353602100"
"004170","신세계","9841","8427","-1414","2519219500","2159477500","-359742000"
"002900","TYM","173047","60831","-112216","561031500","194844370","-366187130"
"183190","아세아시멘트","63669","31868","-31801","737662750","370156700","-367506050"
"180640","한진칼","32048","25566","-6482","1879804200","1504578500","-375225700"
"009450","경동나비엔","14472","6074","-8398","656769450","277359350","-379410100"
"007310","오뚜기","1060","180","-880","467097500","79289500","-387808000"
"020000","한섬","16882","6598","-10284","647823000","252936000","-394887000"
"002350","넥센타이어","67930","2637","-65293","421826730","16397950","-405428780"
"001390","KG케미칼","15711","2991","-12720","511565650","96129100","-415436550"
"008930","한미사이언스","18984","9963","-9021","884491000","465555050","-418935950"
"185750","종근당","5814","1216","-4598","529815000","110544000","-419271000"
"026960","동서","23170","6899","-16271","618384550","184491150","-433893400"
"007690","국도화학","7698","167","-7531","446707700","9674600","-437033100"
"088350","한화생명","265739","90598","-175141","673837540","229690505","-444147035"
"006120","SK디스커버리","14020","2741","-11279","558253250","109542700","-448710550"
"093050","LF","35858","11079","-24779","668815000","206608150","-462206850"
"161890","한국콜마","23324","11996","-11328","963795300","495121650","-468673650"
"003550","LG","73395","67357","-6038","5893537800","5419834800","-473703000"
"005090","SGC에너지","13971","1358","-12613","541681200","52549100","-489132100"
"294870","HDC현대산업개발","48954","12486","-36468","659376300","168492650","-490883650"
"002460","화성산업","22908","2162","-20746","559317250","53152650","-506164600"
"009155","삼성전기우","6276","0","-6276","535674600","0","-535674600"
"003410","쌍용C&E","107181","37014","-70167","834055740","288100100","-545955640"
"039490","키움증권","18275","12265","-6010","1698205300","1142682500","-555522800"
"326030","SK바이오팜","23250","16189","-7061","1950551400","1357992700","-592558700"
"353200","대덕전자","41528","22325","-19203","1284035050","690689950","-593345100"
"192820","코스맥스","13072","4118","-8954","898632500","282706700","-615925800"
"010780","아이에스동서","18466","5737","-12729","897994150","279381750","-618612400"
"097520","엠씨넥스","18989","221","-18768","709679850","8290650","-701389200"
"073240","금호타이어","178941","6355","-172586","728485665","25857325","-702628340"
"298000","효성화학","5003","1751","-3252","1133647500","394524000","-739123500"
"204320","만도","50983","37446","-13537","2797774800","2055946900","-741827900"
"007070","GS리테일","36086","7692","-28394","970441550","207739350","-762702200"
"005385","현대차우","13002","4372","-8630","1188884400","398678800","-790205600"
"009240","한샘","12750","1729","-11021","936233600","126921100","-809312500"
"007340","디티알오토모티브","12835","763","-12072","863506700","50986500","-812520200"
"000060","메리츠화재","77196","54687","-22509","2851524700","2025905900","-825618800"
"377300","카카오페이","54740","46734","-8006","5843120500","5009536000","-833584500"
"017800","현대엘리베이","29713","4754","-24959","1007774050","162199750","-845574300"
"089860","롯데렌탈","35743","12143","-23600","1302645900","442876450","-859769450"
"161390","한국타이어앤테크놀로지","69596","45928","-23668","2555340000","1685199250","-870140750"
"285130","SK케미칼","10146","2671","-7475","1241870500","328307500","-913563000"
"004020","현대제철","102799","80032","-22767","4258112750","3314628550","-943484200"
"138040","메리츠금융지주","77890","46736","-31154","2375454600","1424925400","-950529200"
"013890","지누스","17230","1045","-16185","1018002800","61963900","-956038900"
"018880","한온시스템","210706","124637","-86069","2368861250","1407762750","-961098500"
"069260","TKG휴켐스","49390","9851","-39539","1205645750","240609200","-965036550"
"003520","영진약품","246485","10764","-235721","1016908155","44394360","-972513795"
"002790","아모레G","25280","2771","-22509","1115639500","122427300","-993212200"
"081660","휠라홀딩스","45243","12721","-32522","1397434950","393941000","-1003493950"
"007660","이수페타시스","223727","75626","-148101","1599590320","540387690","-1059202630"
"079160","CJ CGV","133012","90622","-42390","3536125150","2408412350","-1127712800"
"047040","대우건설","320637","142125","-178512","2036047880","903120290","-1132927590"
"330590","롯데리츠","295598","109393","-186205","1802698570","666981880","-1135716690"
"298020","효성티앤씨","3176","167","-3009","1296883000","68155500","-1228727500"
"020560","아시아나항공","69275","2907","-66368","1290999850","54047700","-1236952150"
"005690","파미셀","177725","92353","-85372","2611041550","1360131050","-1250910500"
"032350","롯데관광개발","98909","19785","-79124","1621198900","324932950","-1296265950"
"008770","호텔신라","47425","29839","-17586","3746351000","2361511400","-1384839600"
"138930","BNK금융지주","249627","70827","-178800","1938016670","550076280","-1387940390"
"093370","후성","213021","151094","-61927","4857028250","3447525900","-1409502350"
"012750","에스원","23865","2669","-21196","1618124200","180665100","-1437459100"
"001450","현대해상","71914","26027","-45887","2276975400","824929850","-1452045550"
"010620","현대미포조선","47451","30160","-17291","4022256300","2560213000","-1462043300"
"011170","롯데케미칼","24656","17250","-7406","5044175500","3529273500","-1514902000"
"010140","삼성중공업","516573","260458","-256115","3058997960","1542504800","-1516493160"
"003000","부광약품","149884","2199","-147685","1544890750","22653450","-1522237300"
"005940","NH투자증권","188511","40485","-148026","1952238800","419204650","-1533034150"
"024110","기업은행","175240","36465","-138775","1941759500","404944550","-1536814950"
"001440","대한전선","730143","30595","-699548","1608282010","67322685","-1540959325"
"078930","GS","77913","45323","-32590","3690921250","2148586000","-1542335250"
"298050","효성첨단소재","3413","346","-3067","1735989000","176736000","-1559253000"
"004370","농심","8823","2561","-6262","2430711000","705620500","-1725090500"
"009900","명신산업","80500","1084","-79416","1785335700","24113350","-1761222350"
"039130","하나투어","35816","11723","-24093","2640390200","862125300","-1778264900"
"005830","DB손해보험","33423","4907","-28516","2153602300","316430600","-1837171700"
"032640","LG유플러스","296877","160971","-135906","4057454600","2204422100","-1853032500"
"006280","녹십자","10779","322","-10457","1952450500","58232500","-1894218000"
"088980","맥쿼리인프라","240259","106357","-133902","3405311200","1509395500","-1895915700"
"021240","코웨이","41433","11113","-30320","2824031100","757113000","-2066918100"
"241560","두산밥캣","68297","11111","-57186","2548809650","415132600","-2133677050"
"015760","한국전력","411144","318767","-92377","9525472300","7389611050","-2135861250"
"120110","코오롱인더","35016","2447","-32569","2319988700","163729000","-2156259700"
"052690","한전기술","38731","7715","-31016","2769256400","553108900","-2216147500"
"006800","미래에셋증권","338279","42023","-296256","2613307830","324819780","-2288488050"
"009540","한국조선해양","56202","30543","-25659","5192917500","2824624200","-2368293300"
"018260","삼성에스디에스","43388","26418","-16970","6236375500","3799486000","-2436889500"
"271560","오리온","32837","6646","-26191","3086532900","624884200","-2461648700"
"086280","현대글로비스","26726","14487","-12239","5488461000","2976795500","-2511665500"
"128940","한미약품","10131","1819","-8312","3098830000","558404000","-2540426000"
"004000","롯데정밀화학","35875","4377","-31498","2931467200","358164200","-2573303000"
"097950","CJ제일제당","7859","1109","-6750","3056840000","431090000","-2625750000"
"178920","PI첨단소재","55750","2158","-53592","2792496950","107972000","-2684524950"
"030000","제일기획","165788","56522","-109266","4106212250","1399800350","-2706411900"
"036570","엔씨소프트","27071","20861","-6210","11938415000","9209783000","-2728632000"
"307950","현대오토에버","28542","6037","-22505","3645065500","775718500","-2869347000"
"402340","SK스퀘어","79773","13767","-66006","3638353450","627356600","-3010996850"
"014680","한솔케미칼","20187","7732","-12455","5067243500","1943358500","-3123885000"
"071050","한국금융지주","53762","7711","-46051","3746401400","537849200","-3208552200"
"020150","일진머티리얼즈","107081","69017","-38064","9151795100","5904007500","-3247787600"
"028050","삼성엔지니어링","177263","34930","-142333","4181632000","824231350","-3357400650"
"000720","현대건설","162449","81197","-81252","6834837400","3418650650","-3416186750"
"010130","고려아연","11992","5908","-6084","6888769000","3398046000","-3490723000"
"375500","DL이앤씨","104631","34672","-69959","5235490500","1738258700","-3497231800"
"032830","삼성생명","82187","28680","-53507","5371585500","1872021900","-3499563600"
"017670","SK텔레콤","164152","101541","-62611","9241372200","5720649100","-3520723100"
"139480","이마트","39869","8231","-31638","4598034500","952083500","-3645951000"
"008560","메리츠증권","784940","151458","-633482","4550099000","878235750","-3671863250"
"003670","포스코케미칼","93470","62927","-30543","12187619000","8194819000","-3992800000"
"002380","KCC","18320","6550","-11770","6311234000","2245673000","-4065561000"
"352820","하이브","36504","17982","-18522","8129300000","4033837000","-4095463000"
"251270","넷마블","75758","23846","-51912","6073696300","1913555900","-4160140400"
"000080","하이트진로","170627","48885","-121742","5908310100","1691914200","-4216395900"
"047810","한국항공우주","321177","246114","-75063","18118637600","13894612200","-4224025400"
"016360","삼성증권","125548","13889","-111659","4831997400","534893600","-4297103800"
"034020","두산에너빌리티","502933","279150","-223783","9878912850","5482776100","-4396136750"
"011070","LG이노텍","75359","63992","-11367","29242209000","24836723500","-4405485500"
"090430","아모레퍼시픽","46912","18415","-28497","7587282500","2976288000","-4610994500"
"000100","유한양행","88375","5406","-82969","5158907200","315042000","-4843865200"
"316140","우리금융지주","459822","120902","-338920","6706267300","1764276700","-4941990600"
"383220","F&F","50560","14678","-35882","7058226000","2043188500","-5015037500"
"035250","강원랜드","204133","22180","-181953","5724169350","622083750","-5102085600"
"033780","KT&G","108453","48051","-60402","9290042600","4122419300","-5167623300"
"034730","SK","39607","16655","-22952","9800822500","4125073000","-5675749500"
"034220","LG디스플레이","449624","97719","-351905","7662598250","1666954900","-5995643350"
"302440","SK바이오사이언스","61648","13079","-48569","7631427000","1623139500","-6008287500"
"030200","KT","283978","108136","-175842","10651251250","4060349100","-6590902150"
"055550","신한지주","566579","406109","-160470","23674974650","16984851850","-6690122800"
"373220","LG에너지솔루션","50219","34077","-16142","21857820500","14842801500","-7015019000"
"051910","LG화학","95034","82502","-12532","53541124000","46436631000","-7104493000"
"003490","대한항공","527405","275582","-251823","15323338150","8007833300","-7315504850"
"051900","LG생활건강","16782","6300","-10482","11840583000","4443155000","-7397428000"
"006360","GS건설","283852","85828","-198024","10713322850","3241020650","-7472302200"
"005935","삼성전자우","144335","6584","-137751","8627899800","391884000","-8236015800"
"207940","삼성바이오로직스","22192","12081","-10111","18294749000","9966822000","-8327927000"
"000810","삼성화재","53409","8304","-45105","10440136500","1624513500","-8815623000"
"011790","SKC","109332","51713","-57619","17017917500","8003404500","-9014513000"
"086790","하나금융지주","375146","169373","-205773","17580340100","7943680150","-9636659950"
"028260","삼성물산","119059","34989","-84070","13884573500","4089041000","-9795532500"
"011200","HMM","407455","49420","-358035","12508653500","1519920050","-10988733450"
"068270","셀트리온","100411","30614","-69797","15942238000","4877698000","-11064540000"
"005490","POSCO홀딩스","97833","56372","-41461","28273302500","16351017500","-11922285000"
"105560","KB금융","451427","231828","-219599","25947880800","13333599500","-12614281300"
"000990","DB하이텍","216161","21959","-194202","14415884400","1469151800","-12946732600"
"066570","LG전자","265460","130256","-135204","27143198000","13317541000","-13825657000"
"000270","기아","472102","199666","-272436","39190671900","16592426700","-22598245200"
"005380","현대차","348120","211034","-137086","64257308500","38935631000","-25321677500"
"035720","카카오","559553","188116","-371437","46224393600","15541665400","-30682728200"
"035420","NAVER","207378","95409","-111969","57879495500","26636934000","-31242561500"
"006400","삼성SDI","120775","51281","-69494","66041585000","27882904000","-38158681000"
"009150","삼성전기","416026","105797","-310229","60410614500","15376425000","-45034189500"
"000660","SK하이닉스","1844678","965814","-878864","193174426000","101069788500","-92104637500"
"005930","삼성전자","10133670","6302428","-3831242","666944352300","414604238000","-252340114300"