종목코드,종목명,거래량_매도,거래량_매수,거래량_순매수,거래대금_매도,거래대금_매수,거래대금_순매수
"096770","SK이노베이션","216986","519357","302371","50593940500","121276749500","70682809000"
"047810","한국항공우주","273737","1225151","951414","15335976800","68672254400","53336277600"
"033780","KT&G","141716","618389","476673","12141794600","53007908400","40866113800"
"259960","크래프톤","103333","216209","112876","27424863500","57427238000","30002374500"
"011070","LG이노텍","15231","88798","73567","5904589000","34460998500","28556409500"
"000270","기아","198851","397515","198664","16518088700","32990734900","16472646200"
"373220","LG에너지솔루션","53629","87956","34327","23321818500","38268657000","14946838500"
"323410","카카오뱅크","863102","1138439","275337","35741091450","47156092600","11415001150"
"078930","GS","98225","302712","204487","4653859500","14340594800","9686735300"
"010950","S-Oil","178746","258179","79433","21358135500","30864563500","9506428000"
"010130","고려아연","8322","21260","12938","4787306000","12223680000","7436374000"
"000810","삼성화재","42681","80402","37721","8349943000","15724100500","7374157500"
"005380","현대차","196414","231505","35091","36248389500","42747343000","6498953500"
"035250","강원랜드","124784","354403","229619","3498788650","9937702650","6438914000"
"030200","KT","211932","375000","163068","7951995750","14067214000","6115218250"
"034730","SK","19760","44086","24326","4881822500","10903386500","6021564000"
"316140","우리금융지주","897009","1298095","401086","13082780050","18947128750","5864348700"
"011200","HMM","454861","632728","177867","14019805000","19474094800","5454289800"
"009540","한국조선해양","54957","112550","57593","5079222400","10408543100","5329320700"
"079550","LIG넥스원","32807","92711","59904","2700822900","7656559000","4955736100"
"012450","한화에어로스페이스","100902","183492","82590","5749824800","10484188500","4734363700"
"000660","SK하이닉스","967295","1010719","43424","101293630000","105932273500","4638643500"
"034220","LG디스플레이","308363","580252","271889","5259740350","9892182500","4632442150"
"298020","효성티앤씨","3647","14714","11067","1494564000","6017429500","4522865500"
"014680","한솔케미칼","9500","27345","17845","2399603000","6866903500","4467300500"
"178920","PI첨단소재","59897","148971","89074","3013684700","7464713450","4451028750"
"195870","해성디에스","42327","105556","63229","2834781600","7046990600","4212209000"
"086280","현대글로비스","15938","35656","19718","3274557500","7322622000","4048064500"
"353200","대덕전자","153111","279153","126042","4730823700","8604565500","3873741800"
"377300","카카오페이","98846","133873","35027","10564244000","14302930500","3738686500"
"028260","삼성물산","103877","136239","32362","12153667500","15890239500","3736572000"
"000990","DB하이텍","73241","128172","54931","4898697600","8565131600","3666434000"
"383220","F&F","33004","57841","24837","4607762500","8061686000","3453923500"
"267250","HD현대","32233","86584","54351","2045590300","5499112300","3453522000"
"001120","LX인터내셔널","88907","171665","82758","3565475300","6871188750","3305713450"
"008770","호텔신라","75375","114655","39280","5955527100","9055236800","3099709700"
"003550","LG","201690","238978","37288","16212706000","19211160700","2998454700"
"000720","현대건설","116271","183912","67641","4893606750","7745246400","2851639650"
"005490","POSCO홀딩스","96913","106362","9449","27972994000","30726441000","2753447000"
"128940","한미약품","4122","13058","8936","1265942000","3998755500","2732813500"
"009830","한화솔루션","424272","489715","65443","17212963850","19889371400","2676407550"
"008560","메리츠증권","340089","788553","448464","1977297550","4575098460","2597800910"
"055550","신한지주","531317","593173","61856","22199548650","24775479100","2575930450"
"010140","삼성중공업","337817","770513","432696","2004041800","4566613110","2562571310"
"000100","유한양행","40880","83977","43097","2390710700","4905113400","2514402700"
"005070","코스모신소재","34966","83509","48543","1823262900","4319801200","2496538300"
"272210","한화시스템","53111","204709","151598","869636650","3353026350","2483389700"
"005300","롯데칠성","11657","24229","12572","2287529000","4707233500","2419704500"
"010620","현대미포조선","33026","60589","27563","2801687000","5134066300","2332379300"
"004690","삼천리","2187","16382","14195","341224500","2541380000","2200155500"
"020150","일진머티리얼즈","41467","67203","25736","3553579600","5728708400","2175128800"
"330590","롯데리츠","59451","415662","356211","361909430","2532922460","2171013030"
"005880","대한해운","249999","926439","676440","782615010","2897735775","2115120765"
"018880","한온시스템","170161","353589","183428","1915043850","3981185250","2066141400"
"068270","셀트리온","141352","154052","12700","22450779000","24463216000","2012437000"
"016360","삼성증권","99099","150588","51489","3815205400","5793888700","1978683300"
"097950","CJ제일제당","7325","12018","4693","2849223000","4676292000","1827069000"
"005830","DB손해보험","51561","76934","25373","3321830800","4957826100","1635995300"
"004020","현대제철","121283","160626","39343","5023176800","6658045550","1634868750"
"004000","롯데정밀화학","20782","40551","19769","1703118900","3315536200","1612417300"
"030000","제일기획","90179","153399","63220","2236768100","3803813150","1567045050"
"006260","LS","36655","59658","23003","2502494700","4062765200","1560270500"
"000230","일동홀딩스","38448","89889","51441","1177644750","2733606050","1555961300"
"001450","현대해상","97766","145400","47634","3096143350","4605102750","1508959400"
"204320","만도","49524","75171","25647","2719487900","4126850800","1407362900"
"001570","금양","335482","557865","222383","1763481480","2954077910","1190596430"
"006405","삼성SDI우","394","4357","3963","116252500","1285880500","1169628000"
"079160","CJ CGV","55937","99166","43229","1488806700","2636722600","1147915900"
"375500","DL이앤씨","49623","72438","22815","2483358100","3629240650","1145882550"
"271560","오리온","12429","23733","11304","1170256100","2232949200","1062693100"
"112610","씨에스윈드","47544","65172","17628","2776574600","3801593900","1025019300"
"251270","넷마블","63526","76093","12567","5092622900","6095021500","1002398600"
"016380","KG스틸","278621","336140","57519","4883577600","5882589800","999012200"
"016710","대성홀딩스","2501","18276","15775","158058400","1153503500","995445100"
"298040","효성중공업","17279","31838","14559","1136035000","2092170600","956135600"
"011210","현대위아","16083","30047","13964","1048143200","1958992000","910848800"
"004090","한국석유","44655","100617","55962","710726600","1608011000","897284400"
"010955","S-Oil우","2959","15970","13011","203857400","1094768300","890910900"
"306200","세아제강","2890","7876","4986","512219000","1397677000","885458000"
"005690","파미셀","124384","182147","57763","1831569750","2693523700","861953950"
"005010","휴스틸","12738","48032","35294","298679000","1125454500","826775500"
"145720","덴티움","8140","18959","10819","620822500","1443041400","822218900"
"032640","LG유플러스","341393","400524","59131","4660174300","5472380800","812206500"
"001230","동국제강","71136","112651","41515","1288548700","2036909250","748360550"
"007860","서연","92124","171430","79306","839769020","1543234850","703465830"
"006360","GS건설","109792","127304","17512","4153932450","4804384800","650452350"
"111770","영원무역","29745","43260","13515","1395823300","2029039650","633216350"
"004990","롯데지주","21471","38458","16987","771360150","1381924950","610564800"
"114090","GKL","19320","58996","39676","296282350","905953700","609671350"
"025860","남해화학","22680","71217","48537","278066800","873680600","595613800"
"069620","대웅제약","6831","10247","3416","1191266500","1785122000","593855500"
"024090","디씨엠","12776","38076","25300","283504700","849596350","566091650"
"003030","세아제강지주","5675","9169","3494","927102000","1492944000","565842000"
"006120","SK디스커버리","16990","31113","14123","676797550","1241552400","564754850"
"006800","미래에셋증권","273059","335823","62764","2111214660","2593645160","482430500"
"322000","현대에너지솔루션","35396","48826","13430","1273218850","1750376050","477157200"
"018260","삼성에스디에스","36348","39705","3357","5234075500","5710480500","476405000"
"013570","디와이","58057","106314","48257","528152420","969626850","441474430"
"002350","넥센타이어","61263","129834","68571","380754740","808586050","427831310"
"028050","삼성엔지니어링","317985","336149","18164","7504161600","7928346600","424185000"
"003780","진양산업","25631","82369","56738","192571870","614351090","421779220"
"102280","쌍방울","983056","1619477","636421","652696525","1070548954","417852429"
"014830","유니드","9348","12659","3311","1165837000","1578015500","412178500"
"175330","JB금융지주","18312","65017","46705","161543720","573700870","412157150"
"020000","한섬","13021","23630","10609","500856150","907959100","407102950"
"004800","효성","3630","8418","4788","307124900","711776400","404651500"
"282330","BGF리테일","7249","9461","2212","1325154500","1727650000","402495500"
"003220","대원제약","17362","40335","22973","296131600","691959800","395828200"
"051630","진양화학","17881","109893","92012","75907090","467829905","391922815"
"003960","사조대림","3058","15218","12160","95358700","475097850","379739150"
"037560","LG헬로비전","9629","67372","57743","61808310","430451610","368643300"
"001770","SHD","26206","35288","9082","1110347800","1467183450","356835650"
"180640","한진칼","27462","33534","6072","1615248700","1967878900","352630200"
"071090","하이스틸","163034","227062","64028","923059240","1268568210","345508970"
"032560","황금에스티","9743","47039","37296","88738210","427918460","339180250"
"096775","SK이노베이션우","895","3206","2311","126360000","454800000","328440000"
"015860","일진홀딩스","192422","242757","50335","1298280020","1619360910","321080890"
"028670","팬오션","685874","726300","40426","5185680440","5498130840","312450400"
"267290","경동도시가스","9582","22013","12431","243490800","555099150","311608350"
"008040","사조동아원","753635","897943","144308","1591070640","1899413535","308342895"
"012610","경인양행","122857","167203","44346","876205350","1183199290","306993940"
"117580","대성에너지","467704","490026","22322","6829406850","7121045650","291638800"
"002240","고려제강","8295","19104","10809","222995550","513732400","290736850"
"249420","일동제약","38819","45211","6392","1661130100","1939406100","278276000"
"004410","서울식품","230573","1084112","853539","71129902","334719863","263589961"
"003090","대웅","7712","16514","8802","222755050","476246350","253491300"
"108670","LX하우시스","4478","9451","4973","225872600","476608900","250736300"
"014530","극동유화","70154","125897","55743","309711340","557452530","247741190"
"002100","경농","7930","25679","17749","106442850","344655900","238213050"
"089590","제주항공","17029","27474","10445","378821850","610167900","231346050"
"005850","에스엘","30429","37944","7515","937596000","1166791250","229195250"
"025620","제이준코스메틱","31561","212857","181296","39893310","268861920","228968610"
"039490","키움증권","7527","9967","2440","700447100","924140100","223693000"
"200880","서연이화","34331","59603","25272","298236490","515239830","217003340"
"002710","TCC스틸","4737","23018","18281","55896650","271980950","216084300"
"000490","대동","16330","31286","14956","238484050","453962150","215478100"
"161390","한국타이어앤테크놀로지","212723","218531","5808","7803022400","8016237250","213214850"
"011000","진원생명과학","10745","28343","17598","130868450","342303450","211435000"
"081660","휠라홀딩스","84943","91595","6652","2625454750","2834279700","208824950"
"348950","제이알글로벌리츠","116233","152227","35994","662197410","866974150","204776740"
"077500","유니퀘스트","14236","33394","19158","152554700","354348700","201794000"
"105630","한세실업","46511","55689","9178","1020160650","1221300050","201139400"
"036580","팜스코","46178","74966","28788","314209770","514732180","200522410"
"023350","한국종합기술","80858","104888","24030","715204960","915630190","200425230"
"015260","에이엔피","42852","116166","73314","117604900","316461055","198856155"
"093050","LF","13989","24723","10734","262666850","460261450","197594600"
"003650","미창석유","287","2482","2195","25326700","217126700","191800000"
"007460","에이프로젠 MED","173589","284726","111137","295774175","484376015","188601840"
"010660","화천기계","174096","231723","57627","580210275","765296830","185086555"
"069260","TKG휴켐스","51697","59230","7533","1262413950","1444511300","182097350"
"004250","NPC","32412","49785","17373","329943650","510506050","180562400"
"192400","쿠쿠홀딩스","17058","26611","9553","298740350","469635500","170895150"
"229640","LS전선아시아","2747","24103","21356","21956460","192716760","170760300"
"002460","화성산업","17801","24326","6525","436872900","600515700","163642800"
"181710","NHN","9637","14789","5152","305435750","468077700","162641950"
"298000","효성화학","1271","1980","709","289735000","447804000","158069000"
"002070","비비안","35589","103240","67651","82359720","238649915","156290195"
"084010","대한제강","7091","14973","7882","141692450","297646500","155954050"
"004380","삼익THK","16241","26005","9764","245585000","391449500","145864500"
"095570","AJ네트웍스","10879","31077","20198","75944060","219378860","143434800"
"008260","NI스틸","10669","35838","25169","58778050","197873700","139095650"
"00088K","한화3우B","3164","11913","8749","49786050","187230550","137444500"
"069460","대호에이엘","72169","114569","42400","237113950","374365470","137251520"
"129260","인터지스","45836","82600","36764","170605945","307496160","136890215"
"002990","금호건설","4912","19184","14272","46097770","180597940","134500170"
"014280","금강공업","17142","32216","15074","150320090","283011110","132691020"
"155660","DSR","6918","27035","20117","46241190","178911400","132670210"
"002780","진흥기업","85054","149918","64864","177500930","308659055","131158125"
"009580","무림P&P","37205","63827","26622","181934120","311540025","129605905"
"103140","풍산","18715","22782","4067","581468700","710942550","129473850"
"950210","프레스티지바이오파마","15254","24970","9716","194620150","320172600","125552450"
"017940","E1","289","2777","2488","14516600","139335000","124818400"
"122900","아이마켓코리아","19690","30503","10813","223009400","344129750","121120350"
"023150","MH에탄올","9022","20521","11499","93456150","211817700","118361550"
"002840","미원상사","58","701","643","10402500","125962000","115559500"
"001390","KG케미칼","65844","69431","3587","2150541050","2265622300","115081250"
"307950","현대오토에버","4661","5579","918","598698000","709353500","110655500"
"001880","DL건설","2622","7134","4512","62294100","169757750","107463650"
"357430","마스턴프리미어리츠","931","18834","17903","5567370","112827880","107260510"
"092200","디아이씨","12523","34017","21494","62673255","168323790","105650535"
"002720","국제약품","4117","22330","18213","23507340","128086380","104579040"
"284740","쿠쿠홈시스","11136","14363","3227","353886700","457802550","103915850"
"015020","이스타코","62110","130544","68434","92862775","196038210","103175435"
"003690","코리안리","18305","29115","10810","174264130","277190370","102926240"
"012800","대창","12997","66039","53042","24366115","123287755","98921640"
"001040","CJ","7189","8347","1158","607390900","704801600","97410700"
"060980","한라홀딩스","489","2849","2360","19890200","115470650","95580450"
"014790","한라","12840","32594","19754","60644565","154409540","93764975"
"008350","남선알미늄","120808","155708","34900","327073300","420061265","92987965"
"027740","마니커","101663","146274","44611","204520100","294629295","90109195"
"003240","태광산업","86","176","90","83193000","170416000","87223000"
"013360","일성건설","43450","64175","20725","183318675","269094240","85775565"
"400760","NH올원리츠","8784","23615","14831","47367860","127558970","80191110"
"001740","SK네트웍스","24077","40610","16533","113003035","190770355","77767320"
"007540","샘표","5230","6542","1312","291339400","367092200","75752800"
"058730","다스코","143731","155252","11521","986953920","1060840080","73886160"
"404990","신한서부티엔디리츠","1460","13970","12510","8241290","79022300","70781010"
"009410","태영건설","5070","13076","8006","43414320","112061450","68647130"
"213500","한솔제지","7109","11745","4636","102253250","168108400","65855150"
"006340","대원전선","50870","84446","33576","96736795","161158005","64421210"
"011300","성안","19829","141456","121627","10182187","72609894","62427707"
"006040","동원산업","487","748","261","114916000","176618000","61702000"
"010100","한국프랜지","5337","26202","20865","15736140","77322610","61586470"
"100840","SNT에너지","2878","5904","3026","55142850","113030650","57887800"
"020120","키다리스튜디오","11166","17725","6559","97227400","154032710","56805310"
"018470","조일알미늄","81059","105511","24452","182264890","237552820","55287930"
"136490","선진","19470","23607","4137","254215500","309425500","55210000"
"093240","형지엘리트","14981","39764","24783","28790565","76055305","47264740"
"078935","GS우","99","1331","1232","3692700","49707750","46015050"
"069730","DSR제강","9445","16933","7488","57474220","102970360","45496140"
"082740","HSD엔진","72052","77185","5133","649129820","693654570","44524750"
"001550","조비","6097","8038","1941","139674600","183627450","43952850"
"000670","영풍","203","267","64","136587000","179147000","42560000"
"012630","HDC","7435","13253","5818","53736290","95837520","42101230"
"000970","한국주철관","4474","8842","4368","42596110","84282090","41685980"
"194370","제이에스코퍼레이션","2133","4080","1947","44524750","85316950","40792200"
"009970","영원무역홀딩스","637","1326","689","36624700","75948500","39323800"
"008970","동양철관","76860","108303","31443","96326455","135382010","39055555"
"014130","한익스프레스","14744","21264","6520","88936890","126857170","37920280"
"003080","성보화학","8333","17003","8670","36463590","74237680","37774090"
"002020","코오롱","2511","3854","1343","69599950","106677650","37077700"
"085310","엔케이","27970","61930","33960","30862110","67261790","36399680"
"001250","GS글로벌","987935","1007539","19604","3787296090","3823358245","36062155"
"004140","동방","510092","519843","9751","1881100300","1916245315","35145015"
"000640","동아쏘시오홀딩스","970","1310","340","99511500","133408000","33896500"
"004960","한신공영","10246","12651","2405","147924750","180410550","32485800"
"011785","금호석유우","82","403","321","8011400","39376000","31364600"
"044450","KSS해운","3665","6381","2716","42155850","73421850","31266000"
"192080","더블유게임즈","7162","7855","693","315130250","345584200","30453950"
"006490","인스코비","8807","20312","11505","23080290","53500265","30419975"
"248170","샘표식품","883","1557","674","37131400","65067500","27936100"
"091090","세원이앤씨","82864","121569","38705","59911761","87799627","27887866"
"145210","다이나믹디자인","2768","7435","4667","16382370","43851840","27469470"
"016880","웅진","173459","187277","13818","332495915","358947260","26451345"
"006890","태경케미컬","9794","11105","1311","161595100","186186400","24591300"
"003680","한성기업","4415","7313","2898","35351550","58264540","22912990"
"097230","HJ중공업","1167","4141","2974","8919880","31364500","22444620"
"000140","하이트진로홀딩스","3947","5524","1577","53735400","75061600","21326200"
"281820","케이씨텍","3274","4312","1038","64851050","85290550","20439500"
"005360","모나미","17828","22671","4843","78222055","98651410","20429355"
"005440","현대그린푸드","36825","39186","2361","311401350","331110140","19708790"
"001470","삼부토건","169189","178328","9139","368860865","388081990","19221125"
"014820","동원시스템즈","1545","1890","345","84440100","103205300","18765200"
"034300","신세계건설","1660","2294","634","50322000","68990700","18668700"
"033250","체시스","37302","51783","14481","46310065","64612395","18302330"
"011930","신성이엔지","3647695","3667738","20043","9094497090","9112692005","18194915"
"005389","현대차3우B","66","258","192","5920200","23200300","17280100"
"100250","진양홀딩스","25323","29633","4310","100509425","117257795","16748370"
"053690","한미글로벌","5656","6969","1313","72045450","88523550","16478100"
"006200","한국전자홀딩스","36879","45966","9087","64139910","80018710","15878800"
"002760","보락","25154","33098","7944","50101100","65974025","15872925"
"021240","코웨이","115866","116061","195","7904917200","7920194200","15277000"
"094280","효성ITX","330","1207","877","5683200","20503500","14820300"
"008250","이건산업","1058","2444","1386","11166350","25771050","14604700"
"004840","DRB동일","2217","4696","2479","12693720","27027540","14333820"
"017960","한국카본","56436","57984","1548","780057200","793584150","13526950"
"338100","NH프라임리츠","710","3238","2528","3544475","16189980","12645505"
"017040","광명전기","606760","614733","7973","2303380735","2315923590","12542855"
"214320","이노션","1299","1549","250","65098300","77540500","12442200"
"005110","한창","481572","496866","15294","564813510","577214500","12400990"
"085620","미래에셋생명","910","3910","3000","3440605","14700520","11259915"
"004560","현대비앤지스틸","10062","10648","586","168246850","178349650","10102800"
"227840","현대코퍼레이션홀딩스","12483","13321","838","154376400","164316050","9939650"
"377190","디앤디플랫폼리츠","375","2213","1838","1995000","11789060","9794060"
"067830","세이브존I&C","1853","4695","2842","6310190","16026030","9715840"
"008700","아남전자","53342","57921","4579","126262770","135959045","9696275"
"000520","삼일제약","4373","5520","1147","36016040","45569680","9553640"
"214330","금호에이치티","156216","165260","9044","207228805","216690170","9461365"
"018500","동원금속","12114","21861","9747","11903835","21266777","9362942"
"014710","사조씨푸드","11434","12921","1487","70816360","80062410","9246050"
"020760","일진디스플","39614","43923","4309","85537470","94175095","8637625"
"357250","미래에셋맵스리츠","1411","3054","1643","6967670","15082920","8115250"
"334890","이지스밸류리츠","1269","2581","1312","7736080","15737100","8001020"
"071320","지역난방공사","45","272","227","1558800","9355650","7796850"
"016450","한세예스24홀딩스","1685","2760","1075","11861210","19307320","7446110"
"033530","세종공업","3353","4365","1012","24684360","31999070","7314710"
"123690","한국화장품","10894","11700","806","104063350","111361310","7297960"
"001045","CJ우","20","160","140","1032400","8160000","7127600"
"350520","이지스레지던스리츠","1815","2994","1179","10614940","17506410","6891470"
"023800","인지컨트롤스","3752","4423","671","38079450","44947250","6867800"
"36328K","티와이홀딩스우","3","311","308","59100","6061600","6002500"
"071970","STX중공업","3762","5083","1321","17881440","23762940","5881500"
"072710","농심홀딩스","54","129","75","3904300","9318000","5413700"
"009190","대양금속","9451","10701","1250","41864970","47255050","5390080"
"241590","화승엔터프라이즈","13105","13441","336","209215600","214219500","5003900"
"005305","롯데칠성우","155","216","61","12528700","17439700","4911000"
"071950","코아스","4546","8085","3539","4842755","8608895","3766140"
"010770","평화홀딩스","439","1392","953","1677675","5245010","3567335"
"068400","SK렌터카","1899","2243","344","19309550","22807600","3498050"
"006570","대림통상","10","771","761","43370","3322130","3278760"
"026940","부국철강","25188","25874","686","119161545","122438545","3277000"
"012320","경동인베스트","112","193","81","4166100","7169400","3003300"
"000157","두산2우B","41","67","26","4408000","7163000","2755000"
"38380K","LX홀딩스1우","0","194","194","0","2663350","2663350"
"006125","SK디스커버리우","27","100","73","903950","3357550","2453600"
"001420","태원물산","707","1111","404","3842500","6042150","2199650"
"029460","케이씨","5432","5556","124","119875550","121808000","1932450"
"009770","삼정펄프","0","65","65","0","1833300","1833300"
"090370","메타랩스","18811","21196","2385","14421518","16197384","1775866"
"33637L","솔루스첨단소재2우B","101","202","101","1739400","3472550","1733150"
"130660","한전산업","4632","4816","184","57135950","58655300","1519350"
"092230","KPX홀딩스","255","278","23","16105300","17585800","1480500"
"001529","동양3우B","0","45","45","0","1226250","1226250"
"118000","초록뱀헬스케어","14630","15591","961","17616605","18487165","870560"
"004835","덕성우","688","743","55","6892080","7446960","554880"
"004080","신흥","0","29","29","0","486800","486800"
"010040","한국내화","4466","4562","96","17195000","17520800","325800"
"041650","상신브레이크","6617","6693","76","26136780","26447785","311005"
"016800","퍼시스","36","44","8","1221900","1480200","258300"
"002030","아세아","491","493","2","63661500","63748000","86500"
"143210","핸즈코퍼레이션","55","68","13","260145","320560","60415"
"155900","바다로19호","0","13","13","0","43300","43300"
"001527","동양2우B","0","1","1","0","15900","15900"
"152550","한국ANKOR유전","0","9","9","0","13635","13635"
"003475","유안타증권우","60","62","2","202540","209155","6615"
"003460","유화증권","1","0","-1","2525","0","-2525"
"002355","넥센타이어1우B","2","0","-2","6210","0","-6210"
"010420","한솔PNS","13571","13499","-72","26118180","26110630","-7550"
"002025","코오롱우","3","1","-2","55350","18350","-37000"
"004700","조광피혁","1","0","-1","49300","0","-49300"
"001270","부국증권","4","0","-4","97900","0","-97900"
"002170","삼양통상","2","0","-2","114000","0","-114000"
"204210","모두투어리츠","22","0","-22","117040","0","-117040"
"005725","넥센우","61","2","-59","210180","6840","-203340"
"134380","미원화학","4","0","-4","277900","0","-277900"
"025530","SJM홀딩스","1302","1212","-90","4921355","4617905","-303450"
"000215","DL우","8","0","-8","323500","0","-323500"
"069640","한세엠케이","1253","1154","-99","4928480","4576425","-352055"
"00806K","대덕1우","35","0","-35","360500","0","-360500"
"002600","조흥","2","0","-2","374000","0","-374000"
"010400","우진아이엔에스","69","0","-69","510600","0","-510600"
"075180","새론오토모티브","110","0","-110","614820","0","-614820"
"023000","삼원강재","255","23","-232","810655","72450","-738205"
"010050","우리종금","15121","14070","-1051","12722559","11830122","-892437"
"000590","CS홀딩스","15","0","-15","957500","0","-957500"
"001440","대한전선","2709950","2726337","16387","6025381790","6024212540","-1169250"
"000860","강남제비스코","48","0","-48","1171600","0","-1171600"
"008870","금비","20","1","-19","1341400","66900","-1274500"
"339770","교촌에프앤비","311","221","-90","4468600","3163850","-1304750"
"005745","크라운해태홀딩스우","107","2","-105","1431150","26500","-1404650"
"134790","시디즈","40","7","-33","2054200","358600","-1695600"
"268280","미원에스씨","9","0","-9","1797000","0","-1797000"
"000087","하이트진로2우B","87","0","-87","1815500","0","-1815500"
"00104K","CJ4우(전환)","34","7","-27","2521600","518700","-2002900"
"034590","인천도시가스","644","559","-85","17903350","15548450","-2354900"
"140910","에이리츠","363","12","-351","2472110","80880","-2391230"
"380440","엔에이치스팩19호","1926","742","-1184","4092750","1576750","-2516000"
"000320","노루홀딩스","216","0","-216","2528350","0","-2528350"
"000105","유한양행우","45","0","-45","2567400","0","-2567400"
"000680","LS네트웍스","6187","5430","-757","20884960","18225675","-2659285"
"37550K","DL이앤씨우","90","8","-82","3100700","275600","-2825100"
"014990","인디에프","10467","7689","-2778","10517740","7641658","-2876082"
"002880","대유에이텍","23432","20622","-2810","25200815","22231290","-2969525"
"005820","원림","122","7","-115","3148700","179150","-2969550"
"003547","대신증권2우B","211","0","-211","3063500","0","-3063500"
"084670","동양고속","176","0","-176","3118200","0","-3118200"
"005800","신영와코루","265","11","-254","3256200","132550","-3123650"
"00279K","아모레G3우(전환)","93","0","-93","3226200","0","-3226200"
"003300","한일홀딩스","253","0","-253","3242000","0","-3242000"
"192650","드림텍","9816","9500","-316","103071050","99672700","-3398350"
"009810","플레이그램","49690","47131","-2559","76634080","73169620","-3464460"
"019685","대교우B","1322","0","-1322","3484315","0","-3484315"
"005720","넥센","845","0","-845","3531200","0","-3531200"
"006370","대구백화점","325","16","-309","3794100","184000","-3610100"
"097955","CJ제일제당 우","25","4","-21","4373500","698500","-3675000"
"025000","KPX케미칼","72","0","-72","3786300","0","-3786300"
"003120","일성신약","85","38","-47","6878500","3066900","-3811600"
"011810","STX","3063","2095","-968","12324775","8391475","-3933300"
"039570","HDC랩스","642","246","-396","6384990","2431880","-3953110"
"006805","미래에셋증권우","863","68","-795","4652090","366030","-4286060"
"058860","KTis","10393","8778","-1615","27093220","22755740","-4337480"
"003495","대한항공우","121","0","-121","4387750","0","-4387750"
"092440","기신정기","1078","0","-1078","4557965","0","-4557965"
"000155","두산우","141","66","-75","8766300","4091500","-4674800"
"002820","SUN&L","1031","148","-883","5721490","806280","-4915210"
"282690","동아타이어","999","610","-389","12845500","7813550","-5031950"
"000700","유수홀딩스","6039","5216","-823","37469890","32389800","-5080090"
"074610","이엔플러스","13459","11937","-1522","47936050","42539810","-5396240"
"108675","LX하우시스우","254","43","-211","6662050","1121600","-5540450"
"001140","국보","50046","46613","-3433","68183790","62626450","-5557340"
"120030","조선선재","155","104","-51","16963000","11336000","-5627000"
"001620","케이비아이동국실업","8079","245","-7834","5894401","178274","-5716127"
"001685","대상우","440","127","-313","8033450","2288150","-5745300"
"003555","LG우","1190","1100","-90","76631800","70862000","-5769800"
"378850","화승알앤에이","3969","2604","-1365","16756670","10920850","-5835820"
"011280","태림포장","8774","7336","-1438","34444155","28583670","-5860485"
"001520","동양","41307","36978","-4329","56502105","50575210","-5926895"
"094800","맵스리얼티1","1345","0","-1345","6558490","0","-6558490"
"18064K","한진칼우","244","64","-180","8926400","2300950","-6625450"
"000050","경방","660","203","-457","9708100","2982600","-6725500"
"037270","YG PLUS","21064","20247","-817","147826340","141044840","-6781500"
"000850","화천기공","599","415","-184","22398500","15541400","-6857100"
"001460","BYC","16","0","-16","6951000","0","-6951000"
"044380","주연테크","20596","13798","-6798","21620525","14513470","-7107055"
"014910","성문전자","12745","9707","-3038","30053960","22809855","-7244105"
"063160","종근당바이오","1243","1029","-214","41465050","34131900","-7333150"
"010600","웰바이오텍","32295","27491","-4804","51247320","43700940","-7546380"
"016610","DB금융투자","13004","11701","-1303","75665620","67933760","-7731860"
"115390","락앤락","3869","3079","-790","37110070","29339830","-7770240"
"035000","지투알","1250","23","-1227","8032140","147890","-7884250"
"093230","이아이디","31439","26772","-4667","53106215","45127870","-7978345"
"272550","삼양패키징","589","217","-372","12855350","4741400","-8113950"
"214390","경보제약","2760","1737","-1023","22382940","13979460","-8403480"
"084695","대상홀딩스우","1090","396","-694","13131000","4719650","-8411350"
"009680","모토닉","1659","698","-961","14761360","6198020","-8563340"
"26490K","크라운제과우","644","27","-617","9039400","383400","-8656000"
"133820","화인베스틸","10653","7679","-2974","31845560","23041975","-8803585"
"044820","코스맥스비티아이","1143","396","-747","13640600","4666650","-8973950"
"000950","전방","206","30","-176","10615900","1531800","-9084100"
"009415","태영건설우","915","103","-812","10299450","1161400","-9138050"
"101530","해태제과식품","1601","422","-1179","13094590","3465010","-9629580"
"000725","현대건설우","129","0","-129","9636800","0","-9636800"
"317400","자이에스앤디","1540","392","-1148","13021000","3303500","-9717500"
"35320K","대덕전자1우","945","269","-676","13640200","3863300","-9776900"
"008500","일정실업","465","52","-413","11042200","1227200","-9815000"
"001070","대한방직","327","114","-213","15533100","5435900","-10097200"
"042660","대우조선해양","139890","139728","-162","3179218000","3168912400","-10305600"
"007815","코리아써우","1068","0","-1068","10390010","0","-10390010"
"004985","성신양회우","881","221","-660","13965600","3513400","-10452200"
"004710","한솔테크닉스","4393","2792","-1601","29301910","18497940","-10803970"
"011420","갤럭시아에스엠","18727","13706","-5021","40453710","29528950","-10924760"
"013520","화승코퍼레이션","9355","2996","-6359","16119005","5151070","-10967935"
"002810","삼영무역","877","79","-798","12077450","1091850","-10985600"
"004870","티웨이홀딩스","80608","65084","-15524","56613714","45580538","-11033176"
"33626K","두산퓨얼셀1우","3190","2299","-891","39490850","28400400","-11090450"
"004255","NPC우","3878","1951","-1927","22330050","11035980","-11294070"
"025750","한솔홈데코","16987","9989","-6998","27418405","16089640","-11328765"
"012160","영흥","15234","3755","-11479","15050518","3691458","-11359060"
"017370","우신시스템","11623","7916","-3707","35794315","24422775","-11371540"
"03473K","SK우","54","0","-54","11445000","0","-11445000"
"163560","동일고무벨트","3202","1751","-1451","26115220","14342560","-11772660"
"002210","동성제약","3356","1854","-1502","26477550","14610760","-11866790"
"092780","동양피스톤","27697","25865","-1832","181038020","169125450","-11912570"
"003160","디아이","4016","2409","-1607","30875760","18571360","-12304400"
"002960","한국쉘석유","170","121","-49","42888000","30522500","-12365500"
"234080","JW생명과학","1016","101","-915","14004700","1403900","-12600800"
"006090","사조오양","1227","0","-1227","12619800","0","-12619800"
"036530","SNT홀딩스","774","0","-774","12693750","0","-12693750"
"078520","에이블씨엔씨","3158","1353","-1805","22253990","9523200","-12730790"
"138930","BNK금융지주","307225","305145","-2080","2383637040","2370078610","-13558430"
"007980","태평양물산","20907","15111","-5796","47844075","34273320","-13570755"
"145270","케이탑리츠","16002","5766","-10236","21196100","7603340","-13592760"
"019440","세아특수강","1099","242","-857","17578050","3862850","-13715200"
"003720","삼영화학","14649","10227","-4422","44812655","31081530","-13731125"
"007590","동방아그로","2441","663","-1778","18855380","5091840","-13763540"
"024070","WISCOM","3992","7","-3985","13856280","24330","-13831950"
"33626L","두산퓨얼셀2우B","2419","1539","-880","38423950","23958450","-14465500"
"008775","호텔신라우","326","117","-209","22602800","8109100","-14493700"
"019680","대교","4457","217","-4240","15592400","755260","-14837140"
"004150","한솔홀딩스","5270","937","-4333","18207685","3234250","-14973435"
"001340","백광산업","32901","30258","-2643","181042530","166022870","-15019660"
"005810","풍산홀딩스","1818","1326","-492","56048300","40842500","-15205800"
"058850","KTcs","6948","407","-6541","16255730","949880","-15305850"
"000500","가온전선","3536","3000","-536","100184050","84646100","-15537950"
"006110","삼아알미늄","5638","4958","-680","131193050","115611550","-15581500"
"090435","아모레퍼시픽우","5372","5140","-232","364772800","348979800","-15793000"
"010780","아이에스동서","12823","12535","-288","624625300","608768700","-15856600"
"002870","신풍제지","10664","2892","-7772","21764450","5859880","-15904570"
"084870","TBH글로벌","9471","1581","-7890","19169860","3204990","-15964870"
"123700","SJM","3955","104","-3851","16559060","433160","-16125900"
"001080","만호제강","638","33","-605","17170850","888150","-16282700"
"002690","동일제강","58437","54607","-3830","243013355","226435745","-16577610"
"079430","현대리바트","1648","386","-1262","21717000","5111600","-16605400"
"363280","티와이홀딩스","8627","7958","-669","216703650","199996750","-16706900"
"002450","삼익악기","10601","482","-10119","17542925","788070","-16754855"
"011760","현대코퍼레이션","12476","11599","-877","243181350","225676300","-17505050"
"107590","미원홀딩스","132","3","-129","18329500","418500","-17911000"
"001290","상상인증권","17336","2","-17334","18383880","2135","-18381745"
"004440","삼일씨엔에스","2122","116","-2006","19630280","1062560","-18567720"
"035510","신세계 I&C","1996","850","-1146","32226850","13655800","-18571050"
"006060","화승인더","4886","1479","-3407","26676920","8063930","-18612990"
"001380","SG글로벌","16114","5407","-10707","28270570","9480035","-18790535"
"000225","유유제약1우","2570","636","-1934","25520210","6281320","-19238890"
"02826K","삼성물산우B","265","89","-176","28886000","9611000","-19275000"
"015360","예스코홀딩스","540","0","-540","19596800","0","-19596800"
"006660","삼성공조","2920","1392","-1528","38100200","18286100","-19814100"
"372910","한컴라이프케어","43838","41378","-2460","296646490","276672890","-19973600"
"396690","미래에셋글로벌리츠","5984","2813","-3171","37833340","17761040","-20072300"
"058650","세아홀딩스","195","0","-195","20246500","0","-20246500"
"037710","광주신세계","2585","2017","-568","92675000","72149750","-20525250"
"011150","CJ씨푸드","15169","9809","-5360","58454645","37831900","-20622745"
"37550L","DL이앤씨2우(전환)","571","25","-546","22182150","968050","-21214100"
"077970","STX엔진","13619","11956","-1663","186137250","164788350","-21348900"
"005250","녹십자홀딩스","11996","11008","-988","256781150","235321350","-21459800"
"006380","카프로","20634","14871","-5763","77221935","55624970","-21596965"
"002420","세기상사","3081","876","-2205","30812770","8759090","-22053680"
"002200","한국수출포장","881","16","-865","22523850","405600","-22118250"
"009140","경인전자","831","0","-831","22246450","0","-22246450"
"002920","유성기업","7847","817","-7030","24903710","2569305","-22334405"
"123890","한국자산신탁","11196","5311","-5885","43055720","20362765","-22692955"
"120115","코오롱인더우","759","2","-757","23799750","62300","-23737450"
"293940","신한알파리츠","30550","27500","-3050","244382330","220162310","-24220020"
"017900","광전자","17648","8822","-8826","48664020","24364320","-24299700"
"019180","티에이치엔","27861","21632","-6229","103842470","79530170","-24312300"
"000390","삼화페인트","3274","419","-2855","28285830","3615180","-24670650"
"001720","신영증권","435","5","-430","25053200","287700","-24765500"
"013700","까뮤이앤씨","29526","18514","-11012","67218740","42332765","-24885975"
"357120","코람코에너지리츠","13352","9565","-3787","87868090","62874760","-24993330"
"004270","남성","35242","26953","-8289","105490920","80371785","-25119135"
"002795","아모레G우","3326","1819","-1507","55872550","30663350","-25209200"
"090080","평화산업","30306","15206","-15100","50822120","25565535","-25256585"
"049800","우진플라임","5895","0","-5895","26275535","0","-26275535"
"001795","대한제당우","75408","68989","-6419","338609620","312253480","-26356140"
"000040","KR모터스","49812","16534","-33278","39488331","12921016","-26567315"
"001560","제일연마","3442","523","-2919","31518000","4785440","-26732560"
"071055","한국금융지주우","836","415","-421","53454600","26560000","-26894600"
"002620","제일파마홀딩스","32174","31330","-844","556514050","529565950","-26948100"
"102260","동성케미컬","6008","0","-6008","27719045","0","-27719045"
"002410","범양건영","23355","17623","-5732","112538605","84720315","-27818290"
"007120","미래아이앤지","123461","54663","-68798","50192885","22101726","-28091159"
"027970","세하","18648","1048","-17600","30126335","1697755","-28428580"
"001680","대상","8904","7618","-1286","198973400","170071900","-28901500"
"014440","영보화학","10659","4142","-6517","47511585","18507800","-29003785"
"000540","흥국화재","9965","2039","-7926","37406630","7527450","-29879180"
"023810","인팩","5098","1936","-3162","48419880","18213960","-30205920"
"104700","한국철강","13104","9503","-3601","110741190","80382030","-30359160"
"004310","현대약품","7249","944","-6305","35882215","4650430","-31231785"
"088980","맥쿼리인프라","48344","45979","-2365","684406350","652897800","-31508550"
"003070","코오롱글로벌","2146","551","-1595","42347650","10690400","-31657250"
"005740","크라운해태홀딩스","5647","2187","-3460","52330330","20234850","-32095480"
"119650","KC코트렐","7030","1097","-5933","38231150","5973460","-32257690"
"002220","한일철강","32989","26410","-6579","158193825","125661420","-32532405"
"013870","지엠비코리아","14617","9462","-5155","91427970","58653310","-32774660"
"012170","아센디오","138055","112366","-25689","190930065","158148010","-32782055"
"210980","SK디앤디","2119","1040","-1079","64725750","31875850","-32849900"
"001940","KISCO홀딩스","2511","640","-1871","44175500","11250350","-32925150"
"004100","태양금속","29278","3676","-25602","38853890","4869005","-33984885"
"004910","조광페인트","4817","726","-4091","40042590","6025700","-34016890"
"005750","대림B&Co","5120","71","-5049","35267670","489110","-34778560"
"014160","대영포장","18566","2471","-16095","40227865","5367310","-34860555"
"049770","동원F&B","317","101","-216","51590500","16438000","-35152500"
"007280","한국특강","13264","405","-12859","36900505","1129950","-35770555"
"096760","JW홀딩스","10071","706","-9365","39394550","2753400","-36641150"
"089470","HDC현대EP","11960","3854","-8106","54366310","17518190","-36848120"
"001510","SK증권","141803","95697","-46106","113757660","76642732","-37114928"
"088260","이리츠코크렙","5610","140","-5470","38112550","951220","-37161330"
"018250","애경산업","2269","165","-2104","40375600","2941600","-37434000"
"004970","신라교역","3232","27","-3205","38186150","317250","-37868900"
"005945","NH투자증권우","3628","0","-3628","38188150","0","-38188150"
"028100","동아지질","2931","728","-2203","51020200","12628000","-38392200"
"267850","아시아나IDT","2424","246","-2178","43048200","4362450","-38685750"
"016580","환인제약","2274","10","-2264","39389250","173000","-39216250"
"006390","한일현대시멘트","1568","234","-1334","46608600","6955900","-39652700"
"009160","SIMPAC","15251","10070","-5181","115708180","75876800","-39831380"
"015590","큐로","110821","25709","-85112","51840707","11959220","-39881487"
"004890","동일산업","251","4","-247","41607000","666000","-40941000"
"071840","롯데하이마트","2275","364","-1911","48735600","7788350","-40947250"
"161000","애경케미칼","9660","5287","-4373","91911720","50432190","-41479530"
"900140","엘브이엠씨홀딩스","14581","2170","-12411","49548685","7371375","-42177310"
"000815","삼성화재우","276","14","-262","44580000","2261000","-42319000"
"001020","페이퍼코리아","46539","24107","-22432","88117275","45645615","-42471660"
"308170","센트랄모텍","2735","98","-2637","44178450","1589300","-42589150"
"095720","웅진씽크빅","28342","12573","-15769","83513715","37004465","-46509250"
"007570","일양약품","11951","10152","-1799","308640350","261834650","-46805700"
"012030","DB","54596","4855","-49741","51487715","4567928","-46919787"
"072130","유엔젤","12457","1044","-11413","51320170","4290740","-47029430"
"003470","유안타증권","15325","581","-14744","49110775","1857470","-47253305"
"011330","유니켐","45369","8079","-37290","57692645","10251200","-47441445"
"000910","유니온","8862","1938","-6924","61121500","13382950","-47738550"
"293480","하나제약","3267","868","-2399","65417550","17404100","-48013450"
"417310","코람코더원리츠","7727","6","-7721","48147360","37320","-48110040"
"004540","깨끗한나라","24474","13146","-11328","106417885","57231175","-49186710"
"003920","남양유업","145","19","-126","57290500","7495000","-49795500"
"33637K","솔루스첨단소재1우","3442","0","-3442","50237150","0","-50237150"
"008600","윌비스","58118","16796","-41322","70999050","20452435","-50546615"
"012280","영화금속","50882","14283","-36599","70210140","19634145","-50575995"
"001260","남광토건","5232","753","-4479","59111550","8529350","-50582200"
"003200","일신방직","481","33","-448","54817500","3732500","-51085000"
"005960","동부건설","4026","36","-3990","51661700","462600","-51199100"
"002390","한독","2923","413","-2510","59797350","8362950","-51434400"
"008110","대동전자","9334","3087","-6247","77257280","25614690","-51642590"
"010640","진양폴리","16688","7433","-9255","93241360","41545320","-51696040"
"021050","서원","31804","3968","-27836","59720085","7373015","-52347070"
"011390","부산산업","540","0","-540","53671500","0","-53671500"
"017180","명문제약","20477","5218","-15259","72013145","18331605","-53681540"
"000180","성창기업지주","24625","2069","-22556","59702120","4993225","-54708895"
"058430","포스코스틸리온","1922","721","-1201","87782650","32986450","-54796200"
"084690","대상홀딩스","9221","3025","-6196","82784510","27354150","-55430360"
"007310","오뚜기","725","599","-126","319720000","263934500","-55785500"
"28513K","SK케미칼우","1110","199","-911","68729000","12316500","-56412500"
"011090","에넥스","34468","3462","-31006","62934845","6297035","-56637810"
"001750","한양증권","6168","1506","-4662","76451000","18738650","-57712350"
"013000","세우글로벌","93234","63709","-29525","186329835","127797915","-58531920"
"025560","미래산업","7713","3145","-4568","99165000","40198400","-58966600"
"264900","크라운제과","9719","4241","-5478","104320150","45294450","-59025700"
"024900","덕양산업","20367","1294","-19073","63578715","4039165","-59539550"
"00680K","미래에셋증권2우B","14488","653","-13835","62396080","2814340","-59581740"
"011230","삼화전자","19428","218","-19210","60822270","684295","-60137975"
"016590","신대양제지","743","58","-685","66359900","5156000","-61203900"
"031440","신세계푸드","1154","206","-948","76964500","13667100","-63297400"
"005430","한국공항","2770","1416","-1354","129169350","65554750","-63614600"
"145990","삼양사","1241","2","-1239","63746300","102000","-63644300"
"006980","우성","4571","2521","-2050","141612550","77777900","-63834650"
"286940","롯데정보통신","2316","150","-2166","68337550","4410800","-63926750"
"015890","태경산업","25831","16287","-9544","179981660","113518610","-66463050"
"007160","사조산업","1857","492","-1365","91329600","24170550","-67159050"
"003850","보령","12068","6451","-5617","143946900","76679250","-67267650"
"089860","롯데렌탈","14268","12414","-1854","520801900","452690450","-68111450"
"079980","휴비스","14214","5038","-9176","105205320","37076430","-68128890"
"008060","대덕","13513","4287","-9226","100831210","31949710","-68881500"
"100220","비상교육","10927","1490","-9437","81058740","11079550","-69979190"
"003350","한국화장품제조","2668","169","-2499","74758950","4754800","-70004150"
"000400","롯데손해보험","40561","1074","-39487","72501830","1924575","-70577255"
"001360","삼성제약","23152","5191","-17961","90913620","20262955","-70650665"
"025890","한국주강","20025","273","-19752","71916620","994965","-70921655"
"009835","한화솔루션우","6399","5103","-1296","361973500","290823100","-71150400"
"003560","IHQ","92492","16575","-75917","88412305","15732256","-72680049"
"101140","인바이오젠","54611","20717","-33894","119240925","44906675","-74334250"
"027410","BGF","25192","10858","-14334","131346690","56314550","-75032140"
"005680","삼영전자","12062","5952","-6110","147653000","72482150","-75170850"
"024720","한국콜마홀딩스","5339","1661","-3678","108966650","33755500","-75211150"
"006840","AK홀딩스","4099","462","-3637","84834900","9515000","-75319900"
"081000","일진다이아","4909","1922","-2987","124180350","48823400","-75356950"
"005180","빙그레","1534","96","-1438","80484800","5048400","-75436400"
"031820","콤텍시스템","87336","4268","-83068","79894862","3918024","-75976838"
"000430","대원강업","27772","5215","-22557","95073635","17951305","-77122330"
"003570","SNT중공업","18387","9142","-9245","153792130","76456100","-77336030"
"170900","동아에스티","1923","716","-1207","124207100","46074700","-78132400"
"010960","삼호개발","16398","293","-16105","79955070","1414185","-78540885"
"192820","코스맥스","10335","9259","-1076","715601500","636252000","-79349500"
"183190","아세아시멘트","44540","38290","-6250","522434300","441365500","-81068800"
"139990","아주스틸","5512","4","-5508","82129600","59200","-82070400"
"070960","용평리조트","17770","802","-16968","87042515","3929825","-83112690"
"005320","국동","38982","1288","-37694","86466580","2819640","-83646940"
"004060","SG세계물산","149333","25693","-123640","102004306","17658119","-84346187"
"013890","지누스","6422","5017","-1405","381107200","296242300","-84864900"
"298690","에어부산","87043","41891","-45152","162398750","77532680","-84866070"
"016740","두올","23836","170","-23666","85861310","615250","-85246060"
"008730","율촌화학","4805","1136","-3669","112130450","26552650","-85577800"
"083420","그린케미칼","14159","5258","-8901","137316330","50650710","-86665620"
"009470","삼화전기","4530","770","-3760","105219750","17865300","-87354450"
"214420","토니모리","22520","6934","-15586","126665110","38785400","-87879710"
"011500","한농화성","12656","7012","-5644","198210550","110242200","-87968350"
"004770","써니전자","39157","10491","-28666","122177960","32831460","-89346500"
"025820","이구산업","79526","58100","-21426","325190035","235620900","-89569135"
"002700","신일전자","64490","26438","-38052","152753685","62698310","-90055375"
"009440","KC그린홀딩스","37475","19075","-18400","185826470","94215165","-91611305"
"001630","종근당홀딩스","1466","66","-1400","95963500","4322200","-91641300"
"008420","문배철강","43626","24315","-19311","207352345","115640340","-91712005"
"088790","진도","28861","3383","-25478","104294785","12195310","-92099475"
"005610","SPC삼립","2353","1107","-1246","176950700","83262300","-93688400"
"003060","에이프로젠제약","246483","102304","-144179","162934765","67556401","-95378364"
"033270","유나이티드제약","14301","10857","-3444","397496100","301623300","-95872800"
"226320","잇츠한불","6323","1818","-4505","134914650","38434900","-96479750"
"030610","교보증권","15068","1731","-13337","109328760","12554250","-96774510"
"053210","스카이라이프","19915","9284","-10631","182059190","84810010","-97249180"
"009310","참엔지니어링","105780","21309","-84471","123758520","24816560","-98941960"
"006220","제주은행","24108","6409","-17699","138386220","36851420","-101534800"
"030210","다올투자증권","22285","1534","-20751","109778710","7544635","-102234075"
"009155","삼성전기우","1501","293","-1208","128030600","25203000","-102827600"
"003610","방림","37029","10737","-26292","145842140","42854585","-102987555"
"034310","NICE","6933","24","-6909","106514900","369700","-106145200"
"244920","에이플러스에셋","17617","1618","-15999","118209900","10626940","-107582960"
"008490","서흥","3114","133","-2981","113717950","4843900","-108874050"
"004720","팜젠사이언스","15533","2269","-13264","128783700","18756320","-110027380"
"002630","오리엔트바이오","151640","28817","-122823","136481513","25862112","-110619401"
"000300","대유플러스","125130","24532","-100598","140236665","27478760","-112757905"
"000060","메리츠화재","128820","125731","-3089","4780458150","4663052000","-117406150"
"001800","오리온홀딩스","16151","7865","-8286","229677200","111934050","-117743150"
"075580","세진중공업","35053","17519","-17534","239005690","119008920","-119996770"
"055490","테이팩스","2971","1462","-1509","237703800","117096400","-120607400"
"000880","한화","65924","61432","-4492","1923559550","1801973950","-121585600"
"030720","동원수산","14638","4625","-10013","178191750","56416950","-121774800"
"003280","흥아해운","59943","17434","-42509","172989970","50285965","-122704005"
"004920","씨아이테크","142348","33424","-108924","160268670","37186575","-123082095"
"009290","광동제약","28222","10356","-17866","194632940","71459950","-123172990"
"002270","롯데푸드","413","22","-391","130406000","6985500","-123420500"
"084680","이월드","54756","157","-54599","124114255","354685","-123759570"
"051915","LG화학우","5109","4661","-448","1427498000","1300597500","-126900500"
"009200","무림페이퍼","55921","13126","-42795","169277285","40000850","-129276435"
"009460","한창제지","63814","908","-62906","131404110","1852320","-129551790"
"004360","세방","14433","4104","-10329","181679400","51679850","-129999550"
"280360","롯데제과","1300","150","-1150","147532000","17030000","-130502000"
"001780","알루코","44700","4924","-39776","151439020","16595460","-134843560"
"016090","대현","69296","16970","-52326","180593155","43911485","-136681670"
"001130","대한제분","1179","353","-826","196898000","59007500","-137890500"
"003000","부광약품","154697","141387","-13310","1600343250","1457312050","-143031200"
"002320","한진","6101","1331","-4770","183529150","40087500","-143441650"
"001500","현대차증권","14043","0","-14043","146405800","0","-146405800"
"007110","일신석재","88114","297","-87817","148546745","501935","-148044810"
"002310","아세아제지","4710","905","-3805","185678650","35556550","-150122100"
"047400","유니온머티리얼","59262","4620","-54642","167617950","13152550","-154465400"
"064960","SNT모티브","34965","31705","-3260","1683717950","1529021850","-154696100"
"248070","솔루엠","12577","5758","-6819","286596750","131294200","-155302550"
"000370","한화손해보험","71484","35165","-36319","307579660","150873780","-156705880"
"001820","삼화콘덴서","4681","1482","-3199","234312900","74105800","-160207100"
"009420","한올바이오파마","47239","38368","-8871","854150850","692453550","-161697300"
"001200","유진투자증권","54480","3819","-50661","174923640","12202535","-162721105"
"003545","대신증권우","11220","15","-11205","167384300","223500","-167160800"
"023960","에쓰씨엔지니어링","59582","1430","-58152","176312945","4231840","-172081105"
"026960","동서","18944","12490","-6454","506365950","333257950","-173108000"
"068290","삼성출판사","9186","3631","-5555","293547650","116122550","-177425100"
"006740","영풍제지","73749","61343","-12406","941447800","762074350","-179373450"
"005030","부산주공","245046","85870","-159176","273223890","93383225","-179840665"
"017810","풀무원","13995","1980","-12015","211485450","29994450","-181491000"
"057050","현대홈쇼핑","6338","3236","-3102","377567100","192689500","-184877600"
"029530","신도리코","8200","2515","-5685","269728900","82800100","-186928800"
"111110","호전실업","24098","5121","-18977","237330220","50197250","-187132970"
"000220","유유제약","36249","10051","-26198","262625270","72564290","-190060980"
"007210","벽산","61973","8374","-53599","228020035","30764095","-197255940"
"090350","노루페인트","19645","86","-19559","199354150","868600","-198485550"
"005500","삼진제약","8572","510","-8062","212860000","12639350","-200220650"
"088350","한화생명","523319","443407","-79912","1325907550","1122054555","-203852995"
"011700","한신기계","160925","143973","-16952","1810110750","1601809450","-208301300"
"003480","한진중공업홀딩스","107901","71842","-36059","585722690","375471870","-210250820"
"005420","코스모화학","25881","13356","-12525","436998400","226366550","-210631850"
"000070","삼양홀딩스","5385","2645","-2740","429754500","210940000","-218814500"
"000240","한국앤컴퍼니","23081","7634","-15447","328509150","108651950","-219857200"
"002140","고려산업","405669","375425","-30244","2937402360","2717023880","-220378480"
"023590","다우기술","11150","176","-10974","224276900","3515400","-220761500"
"014580","태경비케이","87363","45619","-41744","472679450","245135690","-227543760"
"395400","SK리츠","39512","6049","-33463","275204850","42124780","-233080070"
"001060","JW중외제약","16016","6794","-9222","404354650","171128450","-233226200"
"139480","이마트","26064","24050","-2014","3016658500","2783248500","-233410000"
"004830","덕성","53679","23404","-30275","425327880","185566250","-239761630"
"082640","동양생명","51502","11135","-40367","308316110","66228290","-242087820"
"210540","디와이파워","58596","42161","-16435","892572900","647288800","-245284100"
"009320","대우부품","124805","18549","-106256","296311820","43623825","-252687995"
"009450","경동나비엔","8265","2611","-5654","376393850","118251700","-258142150"
"033180","KH 필룩스","137523","10713","-126810","282204110","22003435","-260200675"
"064350","현대로템","222485","209063","-13422","4471122400","4207249100","-263873300"
"005090","SGC에너지","12384","5609","-6775","483887400","219082700","-264804700"
"006650","대한유화","8893","7248","-1645","1399324500","1130296500","-269028000"
"001210","금호전기","188877","90434","-98443","512607660","243273610","-269334050"
"126560","현대퓨처넷","90668","2069","-88599","280613035","6390300","-274222735"
"003010","혜인","574346","547844","-26502","6469792650","6191513550","-278279100"
"004430","송원산업","35544","23785","-11759","878445300","588059300","-290386000"
"000020","동화약품","39223","14002","-25221","457448500","163786350","-293662150"
"241560","두산밥캣","73019","65227","-7792","2732255950","2438431750","-293824200"
"007700","F&F홀딩스","13224","271","-12953","301506500","6190550","-295315950"
"003540","대신증권","18550","400","-18150","302043050","6534700","-295508350"
"005390","신성통상","115150","13009","-102141","341676590","38751030","-302925560"
"003230","삼양식품","7357","4106","-3251","688491500","384111000","-304380500"
"001530","DI동일","27300","13747","-13553","616646250","310598550","-306047700"
"000890","보해양조","432581","85500","-347081","382018211","75399171","-306619040"
"073240","금호타이어","155050","79795","-75255","632869965","324872515","-307997450"
"066575","LG전자우","7464","1692","-5772","401675200","91088100","-310587100"
"185750","종근당","5910","2495","-3415","540188300","227260200","-312928100"
"002150","도화엔지니어링","91246","62996","-28250","1009636450","695982000","-313654450"
"001430","세아베스틸지주","21694","4063","-17631","387598050","72560900","-315037150"
"004980","성신양회","29920","2218","-27702","341209500","25153100","-316056400"
"007810","코리아써키트","33764","20525","-13239","819726500","499183050","-320543450"
"285130","SK케미칼","29928","27213","-2715","3661981500","3333093500","-328888000"
"006880","신송홀딩스","174030","142746","-31284","1802799050","1473571750","-329227300"
"139130","DGB금융지주","105759","67494","-38265","911166780","581581530","-329585250"
"091810","티웨이항공","145235","25167","-120068","399998690","69283565","-330715125"
"004370","농심","4348","3143","-1205","1199021000","866346500","-332674500"
"271980","제일약품","76915","65419","-11496","2182816250","1849941200","-332875050"
"017390","서울가스","2442","847","-1595","525192000","181969500","-343222500"
"003410","쌍용C&E","96184","50889","-45295","748225620","396040280","-352185340"
"013580","계룡건설","23696","12365","-11331","741210500","384805250","-356405250"
"010690","화신","60917","20903","-40014","556061420","189925500","-366135920"
"005950","이수화학","30225","5828","-24397","455466050","86945650","-368520400"
"033920","무학","92686","51616","-41070","839343100","470104000","-369239100"
"024890","대원화성","146779","32393","-114386","476481465","106257745","-370223720"
"024110","기업은행","324964","291056","-33908","3601961500","3228108050","-373853450"
"025540","한국단자","10494","3901","-6593","632155500","235139900","-397015600"
"103590","일진전기","210941","153843","-57098","1480098060","1078619490","-401478570"
"105840","우진","97787","67066","-30721","1277408400","875269550","-402138850"
"009180","한솔로지스틱스","203573","104023","-99550","860259490","440253495","-420005995"
"035150","백산","82000","42079","-39921","877626950","446604850","-431022100"
"018670","SK가스","7157","3953","-3204","976142000","539909500","-436232500"
"012690","모나리자","116458","10725","-105733","483111235","44469060","-438642175"
"102460","이연제약","38386","22761","-15625","1099439100","654238900","-445200200"
"051600","한전KPS","30239","17253","-12986","1121920700","639421850","-482498850"
"017550","수산중공업","280684","167647","-113037","1190805005","705521620","-485283385"
"032350","롯데관광개발","127747","98240","-29507","2098287050","1608299900","-489987150"
"272450","진에어","37426","10544","-26882","688984550","192725550","-496259000"
"003520","영진약품","214802","86203","-128599","889859015","354583500","-535275515"
"009900","명신산업","92992","69463","-23529","2080722450","1542018800","-538703650"
"344820","KCC글라스","9983","532","-9451","571760400","30483500","-541276900"
"069960","현대백화점","26080","19152","-6928","2077799500","1526995800","-550803700"
"138040","메리츠금융지주","87299","69169","-18130","2670886500","2115765800","-555120700"
"036420","콘텐트리중앙","31299","19766","-11533","1552926150","985058350","-567867800"
"006280","녹십자","11792","8664","-3128","2143510500","1571244000","-572266500"
"012750","에스원","26086","17421","-8665","1766952300","1180968600","-585983700"
"017800","현대엘리베이","25265","7632","-17633","857352200","260459850","-596892350"
"298050","효성첨단소재","5196","4041","-1155","2665691000","2067963000","-597728000"
"007340","디티알오토모티브","11837","3070","-8767","804435200","205587200","-598848000"
"003530","한화투자증권","184099","32477","-151622","732245220","128758050","-603487170"
"007070","GS리테일","50583","27601","-22982","1359505300","742164100","-617341200"
"026890","스틱인베스트먼트","102991","31342","-71649","908299300","276887000","-631412300"
"009070","KCTC","177917","77236","-100681","1111902610","480208140","-631694470"
"004490","세방전지","16606","6129","-10477","1028257500","378183000","-650074500"
"008930","한미사이언스","31601","17669","-13932","1475035450","821819350","-653216100"
"005870","휴니드","182322","113449","-68873","1755393420","1091748550","-663644870"
"001790","대한제당","404889","259069","-145820","1844911205","1178276725","-666634480"
"097520","엠씨넥스","22720","4909","-17811","854327800","184450500","-669877300"
"036460","한국가스공사","63620","48622","-14998","2836708300","2166813100","-669895200"
"047040","대우건설","396432","291293","-105139","2527143980","1851134730","-676009250"
"336260","두산퓨얼셀","153611","135811","-17800","6073039350","5355892650","-717146700"
"009240","한샘","14202","4399","-9803","1042458200","320557500","-721900700"
"011170","롯데케미칼","24564","21006","-3558","5017444500","4291277000","-726167500"
"383800","LX홀딩스","89557","12584","-76973","868564960","121997420","-746567540"
"092220","KEC","314258","81106","-233152","1008409980","261452360","-746957620"
"000080","하이트진로","146600","121220","-25380","5086317400","4192113400","-894204000"
"002360","SH에너지화학","2095816","1364181","-731635","2627073865","1706940510","-920133355"
"051905","LG생활건강우","3019","687","-2332","1194107000","272489500","-921617500"
"365550","ESR켄달스퀘어리츠","178207","39999","-138208","1202618140","269144780","-933473360"
"300720","한일시멘트","70978","19052","-51926","1299871650","349740550","-950131100"
"336370","솔루스첨단소재","18847","3126","-15721","1142374700","190584000","-951790700"
"381970","케이카","80483","40569","-39914","1970289200","990352900","-979936300"
"329180","현대중공업","75422","67593","-7829","9713938000","8725904500","-988033500"
"138490","코오롱플라스틱","132065","60008","-72057","1829799450","834272700","-995526750"
"042700","한미반도체","89435","21214","-68221","1323537350","312446600","-1011090750"
"005387","현대차2우B","26848","15129","-11719","2448845200","1380526400","-1068318800"
"005385","현대차우","15023","3213","-11810","1373586800","293649500","-1079937300"
"071050","한국금융지주","56086","40520","-15566","3908056000","2821045200","-1087010800"
"036570","엔씨소프트","33476","30972","-2504","14772132500","13668002500","-1104130000"
"039130","하나투어","38369","23046","-15323","2819788400","1694431900","-1125356500"
"004170","신세계","17721","13273","-4448","4536875000","3397250000","-1139625000"
"034830","한국토지신탁","588252","7924","-580328","1160320030","15580325","-1144739705"
"015760","한국전력","418047","367359","-50688","9679960100","8530439450","-1149520650"
"033240","자화전자","48297","8323","-39974","1385227200","235204750","-1150022450"
"009270","신원","682401","14425","-667976","1291449545","27437545","-1264012000"
"019170","신풍제약","72147","25510","-46637","1989087500","700853500","-1288234000"
"015230","대창단조","263056","53807","-209249","1657140760","337126440","-1320014320"
"023530","롯데쇼핑","36911","24281","-12630","3900152000","2570523500","-1329628500"
"011780","금호석유","38939","30487","-8452","6181890500","4833386500","-1348504000"
"029780","삼성카드","57569","17360","-40209","1931232900","582489900","-1348743000"
"007690","국도화학","30281","6311","-23970","1777358000","371380500","-1405977500"
"128820","대성산업","516786","312327","-204459","3649382700","2193576590","-1455806110"
"052690","한전기술","37030","16746","-20284","2659929500","1198151900","-1461777600"
"000210","DL","40555","19096","-21459","2765809400","1302840000","-1462969400"
"005940","NH투자증권","248847","100538","-148309","2572836250","1039970100","-1532866150"
"047050","포스코인터내셔널","124693","61108","-63585","3018223100","1476699150","-1541523950"
"002790","아모레G","46648","11617","-35031","2060638300","512452900","-1548185400"
"002900","TYM","1162040","685602","-476438","3800662190","2240123980","-1560538210"
"031430","신세계인터내셔날","75804","31537","-44267","2672779350","1111714800","-1561064550"
"012330","현대모비스","57725","50511","-7214","12493592000","10922369500","-1571222500"
"007660","이수페타시스","278127","45924","-232203","1997041680","329260530","-1667781150"
"000150","두산","36716","16875","-19841","3108464700","1424928500","-1683536200"
"271940","일진하이솔루스","55978","14704","-41274","2343202300","618398800","-1724803500"
"003580","HLB글로벌","195470","14643","-180827","1881381020","142502210","-1738878810"
"326030","SK바이오팜","52961","30816","-22145","4439594200","2584568800","-1855025400"
"017670","SK텔레콤","378887","343162","-35725","21328537100","19322097900","-2006439200"
"161890","한국콜마","62903","12518","-50385","2601287100","517681250","-2083605850"
"000120","CJ대한통운","25406","7542","-17864","3177203000","942318000","-2234885000"
"020560","아시아나항공","134037","9728","-124309","2514549000","182930850","-2331618150"
"120110","코오롱인더","58411","20970","-37441","3904847500","1399253800","-2505593700"
"066570","LG전자","189586","163439","-26147","19332715500","16702383000","-2630332500"
"003490","대한항공","267465","176272","-91193","7759841050","5116644950","-2643196100"
"294870","HDC현대산업개발","237094","39635","-197459","3192304650","535187650","-2657117000"
"267260","현대일렉트릭","189776","82087","-107689","4685044150","2027570500","-2657473650"
"267270","현대건설기계","119157","55750","-63407","5368594950","2527562800","-2841032150"
"010120","LS ELECTRIC","87049","34840","-52209","4736455100","1893147000","-2843308100"
"003670","포스코케미칼","133320","111046","-22274","17346629000","14474862000","-2871767000"
"105560","KB금융","681435","631229","-50206","39173340000","36293732600","-2879607400"
"010820","퍼스텍","3946137","3362255","-583882","21322839090","18318560830","-3004278260"
"042670","현대두산인프라코어","867474","423295","-444179","5938039050","2905848350","-3032190700"
"005935","삼성전자우","545752","492843","-52909","32608616500","29461815900","-3146800600"
"361610","SK아이이테크놀로지","48456","21719","-26737","5814118000","2611915000","-3202203000"
"137310","에스디바이오센서","156639","70575","-86064","7449742450","3349984450","-4099758000"
"012510","더존비즈온","134310","20785","-113525","4911488500","759506300","-4151982200"
"402340","SK스퀘어","220302","128344","-91958","10049347500","5846753500","-4202594000"
"032830","삼성생명","165616","100916","-64700","10822422800","6601088700","-4221334100"
"352820","하이브","63824","42522","-21302","14253184000","9442538500","-4810645500"
"086790","하나금융지주","575530","472017","-103513","26975363650","22121392650","-4853971000"
"302440","SK바이오사이언스","115113","68215","-46898","14346310500","8469873500","-5876437000"
"090430","아모레퍼시픽","137765","100215","-37550","22283901500","16219592500","-6064309000"
"093370","후성","628956","367672","-261284","14470997550","8366736450","-6104261100"
"207940","삼성바이오로직스","36989","29376","-7613","30601102000","24257853000","-6343249000"
"002380","KCC","23774","3987","-19787","8208475000","1376201500","-6832273500"
"034020","두산에너빌리티","950526","588229","-362297","18656992100","11557641700","-7099350400"
"035420","NAVER","341063","313919","-27144","95186261500","87673549000","-7512712500"
"010060","OCI","174614","117447","-57167","23509802000","15840346500","-7669455500"
"011790","SKC","145977","40571","-105406","22828910000","6322193500","-16506716500"
"051900","LG생활건강","58108","24625","-33483","41017591000","17361662000","-23655929000"
"051910","LG화학","165258","117942","-47316","93069144000","66469003000","-26600141000"
"009150","삼성전기","343649","154602","-189047","49909068000","22386112500","-27522955500"
"006400","삼성SDI","214249","120471","-93778","117026704000","65667319000","-51359385000"
"035720","카카오","1265975","271311","-994664","104636076600","22406851900","-82229224700"
"005930","삼성전자","7469267","3329782","-4139485","491176530000","219273264700","-271903265300"