종목코드,종목명,거래량_매도,거래량_매수,거래량_순매수,거래대금_매도,거래대금_매수,거래대금_순매수
"067160","아프리카TV","9157","37964","28807","992808700","4122426400","3129617700"
"036930","주성엔지니어링","39693","169560","129867","829614550","3549853550","2720239000"
"086390","유니테스트","23183","100736","77553","616325600","2675457300","2059131700"
"106240","파인테크닉스","20914","146042","125128","294130350","2057992250","1763861900"
"215200","메가스터디교육","8936","21128","12192","837929700","1991082200","1153152500"
"100090","삼강엠앤티","25124","72701","47577","572961800","1663728450","1090766650"
"054210","이랜텍","10019","50183","40164","228477300","1137636250","909158950"
"077360","덕산하이메탈","0","101821","101821","0","907368730","907368730"
"263860","지니언스","2081","72733","70652","21125250","723314080","702188830"
"225570","넥슨게임즈","5918","31240","25322","149795750","795772350","645976600"
"306040","에스제이그룹","1705","23269","21564","43968000","598273950","554305950"
"140670","알에스오토메이션","0","28582","28582","0","533844000","533844000"
"189300","인텔리안테크","5179","11101","5922","455047300","974137100","519089800"
"062860","티엘아이","11622","58374","46752","132702150","633769010","501066860"
"083650","비에이치아이","0","83241","83241","0","495194800","495194800"
"950130","엑세스바이오","426","30000","29574","7083200","501100350","494017150"
"095660","네오위즈","23501","44206","20705","535126700","1005313100","470186400"
"023160","태광","941","36288","35347","12437600","482173400","469735800"
"053800","안랩","4239","8569","4330","427366500","864730600","437364100"
"136410","아셈스","1221","31279","30058","17475900","447985250","430509350"
"067990","도이치모터스","3","39365","39362","32400","427722500","427690100"
"389260","대명에너지","386","21403","21017","7685700","425388350","417702650"
"052710","아모텍","3447","17065","13618","103631450","517172050","413540600"
"182400","엔케이맥스","1052","21735","20683","21045200","434243550","413198350"
"041830","인바디","9","14475","14466","245700","398397700","398152000"
"003310","대주산업","43927","113192","69265","226552150","583960460","357408310"
"010170","대한광통신","21019","152963","131944","56310615","401395835","345085220"
"200670","휴메딕스","301","15347","15046","6446600","329707150","323260550"
"102710","이엔에프테크놀로지","9522","18766","9244","320977250","634763000","313785750"
"043910","자연과환경","0","162875","162875","0","296978765","296978765"
"053050","지에스이","0","44783","44783","0","296142430","296142430"
"051500","CJ프레시웨이","14352","21799","7447","562480450","858088550","295608100"
"053580","웹케시","5","14855","14850","97000","289302800","289205800"
"078160","메디포스트","22","11844","11822","530550","288168200","287637650"
"277810","레인보우로보틱스","490","11811","11321","11980500","287435800","275455300"
"000440","중앙에너비스","346","8588","8242","10715850","272414150","261698300"
"041510","에스엠","74335","78204","3869","4915536300","5172095500","256559200"
"214870","뉴지랩파마","4990","29205","24215","49877240","299477550","249600310"
"084850","아이티엠반도체","8350","15145","6795","296447850","542792250","246344400"
"215000","골프존","1505","2903","1398","247183200","477280600","230097400"
"366030","공구우먼","6120","11042","4922","252815450","457942650","205127200"
"034230","파라다이스","50761","62911","12150","840452350","1044490800","204038450"
"119610","인터로조","1","6400","6399","31050","199178750","199147700"
"121800","비덴트","6940","24201","17261","76561050","267805200","191244150"
"125210","아모그린텍","673","14140","13467","9407600","194266400","184858800"
"230360","에코마케팅","19520","30891","11371","312625200","497265450","184640250"
"033500","동성화인텍","394","16370","15976","4394650","183050950","178656300"
"024740","한일단조","56435","103738","47303","217113905","390652395","173538490"
"321820","와이더플래닛","10210","25599","15389","105139400","263131150","157991750"
"039840","디오","4546","9088","4542","152155200","306561400","154406200"
"101170","우림피티에스","3285","19586","16301","31135090","184991030","153855940"
"050760","에스폴리텍","0","31323","31323","0","148438275","148438275"
"298540","더네이쳐홀딩스","425","5185","4760","13193850","161466000","148272150"
"104200","NHN벅스","774","12730","11956","9124350","153977300","144852950"
"371950","풍원정밀","3170","10539","7369","58933300","196111600","137178300"
"003100","선광","729","2358","1629","57700200","184387000","126686800"
"204020","그리티","0","39212","39212","0","125710965","125710965"
"294090","이오플로우","54","5672","5618","1204950","126489550","125284600"
"051360","토비스","21000","32917","11917","216274800","340319700","124044900"
"000250","삼천당제약","18811","21497","2686","811402650","933416600","122013950"
"137950","제이씨케미칼","23","11568","11545","229770","117064600","116834830"
"036670","KCI","0","12465","12465","0","116597180","116597180"
"047560","이스트소프트","345","10091","9746","4051300","118268100","114216800"
"038620","위즈코프","0","66857","66857","0","104190205","104190205"
"278650","노터스","6015","10046","4031","121372500","220509700","99137200"
"052670","제일바이오","0","40326","40326","0","97185660","97185660"
"377330","이지트로닉스","0","6000","6000","0","95349250","95349250"
"021880","메이슨캐피탈","125939","256635","130696","96240377","186873777","90633400"
"137080","나래나노텍","0","8186","8186","0","90267500","90267500"
"118990","모트렉스","0","7623","7623","0","90251350","90251350"
"038110","에코플라스틱","0","24658","24658","0","81746305","81746305"
"005860","한일사료","0","8986","8986","0","81101320","81101320"
"234340","세틀뱅크","1","3146","3145","24250","77094400","77070150"
"076080","웰크론한텍","0","17983","17983","0","75112585","75112585"
"059090","미코","49","7009","6960","523400","74874150","74350750"
"274090","켄코아에어로스페이스","0","4602","4602","0","73837550","73837550"
"211270","AP위성","48","3961","3913","885250","72302500","71417250"
"391060","엔에이치스팩20호","0","32760","32760","0","70672695","70672695"
"110790","크리스에프앤씨","1613","3446","1833","61938700","132409400","70470700"
"272110","케이엔제이","0","4982","4982","0","69808400","69808400"
"031330","에스에이엠티","157","15751","15594","691335","69351605","68660270"
"192440","슈피겐코리아","0","1501","1501","0","62918500","62918500"
"050860","아세아텍","0","16086","16086","0","62219800","62219800"
"066310","큐에스아이","0","5000","5000","0","61855000","61855000"
"287410","제이시스메디칼","13502","20949","7447","111330270","172992940","61662670"
"051370","인터플렉스","0","4027","4027","0","60729250","60729250"
"259630","엠플러스","29","3357","3328","527350","60193700","59666350"
"018000","유니슨","82669","104367","21698","218338035","275950100","57612065"
"214260","라파스","266","1475","1209","12479550","69309750","56830200"
"174900","앱클론","0","4089","4089","0","56778600","56778600"
"194700","노바렉스","0","1583","1583","0","55207500","55207500"
"042370","비츠로테크","0","5254","5254","0","54708150","54708150"
"044480","블루베리 NFT","4365","22616","18251","13471145","68154570","54683425"
"046390","삼화네트웍스","0","13170","13170","0","53202845","53202845"
"298870","다올인베스트먼트","26500","38830","12330","106123380","155447425","49324045"
"352940","인바이오","0","7235","7235","0","48784150","48784150"
"090850","현대이지웰","0","5538","5538","0","48611920","48611920"
"054450","텔레칩스","0","2703","2703","0","48320150","48320150"
"072020","중앙백신","0","3480","3480","0","48131400","48131400"
"225220","제놀루션","1","3618","3617","13150","47910150","47897000"
"332370","아이디피","0","5325","5325","0","47857110","47857110"
"039830","오로라","0","5107","5107","0","47641050","47641050"
"115480","씨유메디칼","0","38532","38532","0","47389165","47389165"
"122310","제노레이","2","4778","4776","19740","47354740","47335000"
"129890","앱코","0","3115","3115","0","47070750","47070750"
"089790","제이티","24","5454","5430","206450","47021640","46815190"
"115610","이미지스","0","16231","16231","0","46431670","46431670"
"214180","민앤지","1","2750","2749","16800","46136750","46119950"
"124560","태웅로직스","7195","13293","6098","53314950","98602330","45287380"
"255220","SG","0","23500","23500","0","44439355","44439355"
"337930","브랜드엑스코퍼레이션","1","5077","5076","8590","43361350","43352760"
"114190","강원에너지","0","10000","10000","0","43251900","43251900"
"013720","CBI","3947","22502","18555","8518445","49955490","41437045"
"054940","엑사이엔씨","0","28913","28913","0","40220220","40220220"
"367340","DB금융스팩8호","2295","20825","18530","4945730","45085990","40140260"
"012790","신일제약","0","3858","3858","0","40021250","40021250"
"079940","가비아","0","3000","3000","0","39270050","39270050"
"099440","스맥","36478","50334","13856","93707610","131272830","37565220"
"123860","아나패스","7","1533","1526","169800","37210500","37040700"
"049720","고려신용정보","0","4093","4093","0","36616450","36616450"
"299900","위지윅스튜디오","10661","11816","1155","330627050","366575600","35948550"
"357880","비트나인","0","2499","2499","0","34932700","34932700"
"108490","로보티즈","1402","2968","1566","30997400","65560700","34563300"
"036890","진성티이씨","271","3057","2786","3288750","36702950","33414200"
"267320","나인테크","487","8150","7663","2130335","34947170","32816835"
"217820","엔에스","0","3000","3000","0","30693100","30693100"
"058400","KNN","0","23898","23898","0","30348265","30348265"
"041910","에스텍파마","0","3334","3334","0","30270520","30270520"
"238090","앤디포스","0","3755","3755","0","30262440","30262440"
"419270","신영스팩7호","17615","31060","13445","38787480","68384125","29596645"
"219130","타이거일렉","0","1602","1602","0","29595900","29595900"
"122640","예스티","0","4000","4000","0","28928680","28928680"
"413630","유진스팩8호","2735","15593","12858","5952085","33982030","28029945"
"276040","스코넥","0","1973","1973","0","27712000","27712000"
"027710","팜스토리","0","6893","6893","0","27537850","27537850"
"142210","유니트론텍","0","4742","4742","0","26732460","26732460"
"208340","파멥신","0","4726","4726","0","26579410","26579410"
"054950","제이브이엠","36","1487","1451","650850","26970700","26319850"
"039560","다산네트웍스","0","3614","3614","0","26025980","26025980"
"412930","미래에셋비전스팩1호","1256","13017","11761","2756920","28572110","25815190"
"052330","코텍","1","2477","2476","10300","25750550","25740250"
"334970","프레스티지바이오로직스","48","5008","4960","240830","25416560","25175730"
"273640","와이엠텍","12","1459","1447","207000","25188300","24981300"
"045100","한양이엔지","3151","4562","1411","54049500","78350000","24300500"
"060260","뉴보텍","11087","29173","18086","14918615","39024410","24105795"
"064820","케이프","2","5001","4999","9480","23604720","23595240"
"060480","국일신동","0","6140","6140","0","23278760","23278760"
"290670","대보마그네틱","5","439","434","263000","22772600","22509600"
"053350","이니텍","0","5000","5000","0","22456965","22456965"
"356860","티엘비","0","500","500","0","22089500","22089500"
"179290","엠아이텍","38724","40171","1447","408541100","430134050","21592950"
"033290","코웰패션","21670","24641","2971","149725970","171184110","21458140"
"413600","키움제6호스팩","0","8026","8026","0","20578595","20578595"
"052860","아이앤씨","0","5596","5596","0","20425400","20425400"
"096240","크레버스","181","926","745","4963900","25343800","20379900"
"091340","S&K폴리텍","0","3957","3957","0","20337320","20337320"
"092600","앤씨앤","0","5000","5000","0","20275000","20275000"
"250060","모비스","0","9593","9593","0","20216275","20216275"
"065450","빅텍","0","2753","2753","0","19959470","19959470"
"071670","에이테크솔루션","1511","2982","1471","20989650","40502050","19512400"
"282880","코윈테크","21","666","645","637400","19999150","19361750"
"256150","한독크린텍","0","1721","1721","0","19332550","19332550"
"950190","미투젠","0","1105","1105","0","19287350","19287350"
"059100","아이컴포넌트","0","2596","2596","0","19005950","19005950"
"060560","홈센타홀딩스","0","12630","12630","0","18124050","18124050"
"046120","오르비텍","24","2662","2638","163920","18160960","17997040"
"187270","신화콘텍","4619","7247","2628","32068690","49867490","17798800"
"029480","광무","0","4771","4771","0","17524820","17524820"
"079810","디이엔티","0","2200","2200","0","17224000","17224000"
"196300","애니젠","0","1356","1356","0","15184800","15184800"
"035200","프럼파스트","0","2982","2982","0","15064980","15064980"
"087600","픽셀플러스","0","1600","1600","0","14979320","14979320"
"405640","신한제9호스팩","7278","13939","6661","15930490","30522195","14591705"
"093320","케이아이엔엑스","0","264","264","0","13967400","13967400"
"065710","서호전기","0","699","699","0","13576350","13576350"
"177830","파버나인","0","2965","2965","0","13503455","13503455"
"406760","하나금융21호스팩","4729","10829","6100","10356510","23713600","13357090"
"134580","탑코미디어","0","1600","1600","0","13186600","13186600"
"315640","딥노이드","12","1290","1278","121200","13299700","13178500"
"257720","실리콘투","0","845","845","0","13154500","13154500"
"040300","YTN","4","3603","3599","14540","13069320","13054780"
"349720","이베스트스팩5호","0","6000","6000","0","12931220","12931220"
"220260","켐트로스","0","1390","1390","0","12606920","12606920"
"367480","유안타제8호스팩","9279","15026","5747","20253275","32837075","12583800"
"038390","레드캡투어","29","600","571","624950","13065000","12440050"
"224110","에이텍티앤","0","1062","1062","0","12360450","12360450"
"065370","위세아이텍","0","944","944","0","12341050","12341050"
"040420","정상제이엘에스","0","1565","1565","0","12191590","12191590"
"019570","리더스 기술투자","4346","28139","23793","2134238","14090156","11955918"
"017890","한국알콜","0","1001","1001","0","11861900","11861900"
"101400","엔시트론","0","12000","12000","0","11754176","11754176"
"032540","TJ미디어","0","1730","1730","0","11348800","11348800"
"222160","바이옵트로","0","1370","1370","0","11266060","11266060"
"017650","대림제지","0","1178","1178","0","11237910","11237910"
"232140","와이아이케이","1860","4052","2192","9412940","20519190","11106250"
"216050","인크로스","0","316","316","0","10996350","10996350"
"208640","썸에이지","0","7338","7338","0","10995940","10995940"
"134060","이퓨쳐","0","1450","1450","0","10643000","10643000"
"085910","네오티스","1500","3182","1682","9265000","19404100","10139100"
"032820","우리기술","0","4336","4336","0","9977165","9977165"
"308080","바이젠셀","0","400","400","0","9830000","9830000"
"069140","누리플랜","3161","4466","1305","23783730","33602240","9818510"
"023600","삼보판지","0","800","800","0","9080000","9080000"
"086980","쇼박스","0","1470","1470","0","8935540","8935540"
"101240","씨큐브","0","1223","1223","0","8844430","8844430"
"010280","쌍용정보통신","1365","10000","8635","1378025","10200000","8821975"
"138690","엘아이에스","1969","6743","4774","3577470","12021050","8443580"
"251120","바이오에프디엔씨","700","1000","300","17580500","25918050","8337550"
"164060","이루다","8734","10000","1266","55415210","63750000","8334790"
"121440","골프존뉴딘홀딩스","5","1004","999","41450","8283120","8241670"
"095910","에스에너지","155251","154844","-407","936592050","944610090","8018040"
"069330","유아이디","2113","5159","3046","5473190","13334880","7861690"
"047820","초록뱀미디어","0","380","380","0","7622500","7622500"
"073490","이노와이어리스","0","183","183","0","6755800","6755800"
"277880","티에스아이","411","948","537","4911450","11502800","6591350"
"049960","쎌바이오텍","0","437","437","0","6555000","6555000"
"302430","이노메트리","32","525","493","402150","6617450","6215300"
"900290","GRT","0","5000","5000","0","6025000","6025000"
"053260","금강철강","0","561","561","0","5509020","5509020"
"061040","알에프텍","0","924","924","0","5476580","5476580"
"080420","모다이노칩","168","1561","1393","657510","5922520","5265010"
"227610","아우딘퓨쳐스","0","2937","2937","0","4740270","4740270"
"033830","티비씨","0","3796","3796","0","4707040","4707040"
"075970","동국알앤에스","0","993","993","0","4696890","4696890"
"171090","선익시스템","0","245","245","0","4679600","4679600"
"078890","가온미디어","0","425","425","0","4623350","4623350"
"119850","지엔씨에너지","240","1104","864","1320270","5939520","4619250"
"332570","와이팜","0","867","867","0","4530860","4530860"
"066130","하츠","0","514","514","0","4449800","4449800"
"253840","수젠텍","0","364","364","0","4313400","4313400"
"048550","SM C&C","0","967","967","0","4284510","4284510"
"361390","제노코","4","128","124","138800","4369800","4231000"
"043610","지니뮤직","0","834","834","0","4192350","4192350"
"067390","아스트","24","683","659","153120","4312980","4159860"
"049080","기가레인","0","1982","1982","0","4048520","4048520"
"264450","유비쿼스","0","182","182","0","3811700","3811700"
"131180","딜리","0","1936","1936","0","3768545","3768545"
"263720","디앤씨미디어","0","151","151","0","3741550","3741550"
"418170","하나금융22호스팩","12255","13950","1695","26566760","30307490","3740730"
"258830","세종메디칼","276","1207","931","1077715","4707240","3629525"
"136540","윈스","0","182","182","0","3201700","3201700"
"054780","키이스트","0","295","295","0","2893560","2893560"
"054410","케이피티유","538","956","418","3720950","6596970","2876020"
"290550","디케이티","0","242","242","0","2738550","2738550"
"307870","비투엔","0","993","993","0","2537325","2537325"
"214430","아이쓰리시스템","0","121","121","0","2409400","2409400"
"228760","지노믹트리","25261","25002","-259","318421650","320824600","2402950"
"114810","아이원스","0","258","258","0","2398630","2398630"
"123750","알톤스포츠","0","628","628","0","2388500","2388500"
"069410","엔텔스","0","243","243","0","1859320","1859320"
"048910","대원미디어","0","112","112","0","1759050","1759050"
"148250","알엔투테크놀로지","0","174","174","0","1735850","1735850"
"072990","에이치시티","0","139","139","0","1717050","1717050"
"205500","액션스퀘어","0","455","455","0","1641235","1641235"
"215790","이노인스트루먼트","0","845","845","0","1612275","1612275"
"353060","에이치엠씨제5호스팩","0","744","744","0","1597295","1597295"
"217270","넵튠","250","352","102","4015450","5606200","1590750"
"340350","SK6호스팩","0","739","739","0","1590740","1590740"
"242040","나무기술","0","708","708","0","1577480","1577480"
"377400","하이제6호스팩","0","719","719","0","1572530","1572530"
"042420","네오위즈홀딩스","9","53","44","307750","1834250","1526500"
"115440","우리넷","0","150","150","0","1505100","1505100"
"059270","해성티피씨","31089","30595","-494","309284560","310786650","1502090"
"033540","파라텍","0","709","709","0","1478265","1478265"
"100590","머큐리","0","188","188","0","1442700","1442700"
"288620","에스퓨얼셀","76","119","43","2207400","3559300","1351900"
"060240","룽투코리아","28","263","235","154280","1456090","1301810"
"143540","영우디에스피","0","680","680","0","1287600","1287600"
"404950","DB금융스팩10호","312","862","550","674140","1868115","1193975"
"200710","에이디테크놀로지","6","66","60","113200","1250600","1137400"
"123420","위메이드플레이","50","89","39","1370600","2481050","1110450"
"206400","베노홀딩스","64","314","250","250880","1236185","985305"
"348030","모비릭스","0","65","65","0","943950","943950"
"207760","미스터블루","28","148","120","205800","1092530","886730"
"073540","에프알텍","0","219","219","0","874780","874780"
"047080","한빛소프트","15","215","200","64800","931005","866205"
"052790","액토즈소프트","0","73","73","0","837950","837950"
"099190","아이센스","8","34","26","252000","1083500","831500"
"367360","DB금융스팩9호","46","396","350","100740","865420","764680"
"363250","진시스템","0","70","70","0","758900","758900"
"083310","엘오티베큠","9","62","53","122400","845700","723300"
"201490","미투온","231","362","131","1234680","1944150","709470"
"046140","SBS콘텐츠허브","0","94","94","0","682690","682690"
"353070","에이치엠씨제4호스팩","0","303","303","0","655095","655095"
"042600","새로닉스","0","22","22","0","565950","565950"
"089600","나스미디어","43","64","21","1150650","1714600","563950"
"393360","신한제8호스팩","0","255","255","0","558435","558435"
"064850","에프앤가이드","0","64","64","0","524730","524730"
"067000","조이시티","532","619","87","2978500","3490050","511550"
"036000","예림당","0","216","216","0","508400","508400"
"034810","해성산업","1","40","39","12650","510000","497350"
"366330","신한제7호스팩","0","226","226","0","494925","494925"
"099750","이지케어텍","0","13","13","0","488150","488150"
"100790","미래에셋벤처투자","0","63","63","0","472340","472340"
"400840","하이제7호스팩","0","210","210","0","456625","456625"
"147760","마이크로프랜드","0","85","85","0","443850","443850"
"067280","멀티캠퍼스","0","9","9","0","394950","394950"
"347860","알체라","17","38","21","314800","708150","393350"
"035890","서희건설","137","353","216","232900","603060","370160"
"019550","SBI인베스트먼트","0","224","224","0","366495","366495"
"289080","SV인베스트먼트","0","109","109","0","363915","363915"
"021080","에이티넘인베스트","0","93","93","0","362195","362195"
"051980","중앙디앤엠","513","883","370","438764","782776","344012"
"347140","케이프이에스제4호","0","160","160","0","342070","342070"
"241520","DSC인베스트먼트","0","68","68","0","339640","339640"
"293580","나우IB","0","33","33","0","326390","326390"
"221980","케이디켐","0","20","20","0","297500","297500"
"065690","파커스","0","101","101","0","293010","293010"
"185490","아이진","1588","1588","0","17584600","17877400","292800"
"048470","대동스틸","0","42","42","0","269220","269220"
"307930","컴퍼니케이","0","32","32","0","256700","256700"
"353490","미래에셋대우스팩 5호","0","110","110","0","240900","240900"
"081580","성우전자","0","62","62","0","229590","229590"
"028080","휴맥스홀딩스","0","53","53","0","227900","227900"
"353810","이지바이오","0","37","37","0","220150","220150"
"246690","TS인베스트먼트","0","88","88","0","212130","212130"
"012620","원일특강","0","17","17","0","211150","211150"
"019590","엠벤처투자","0","168","168","0","208460","208460"
"347740","피엔케이피부임상연구센타","0","12","12","0","203350","203350"
"030520","한글과컴퓨터","13","22","9","266500","459650","193150"
"122450","KMH","2","26","24","16260","206700","190440"
"027830","대성창투","0","66","66","0","180975","180975"
"016600","큐캐피탈","0","249","249","0","169481","169481"
"035810","이지홀딩스","0","34","34","0","159290","159290"
"230980","에이트원","83","215","132","99600","257175","157575"
"277070","린드먼아시아","0","29","29","0","153470","153470"
"143240","사람인에이치알","2","5","3","90000","223100","133100"
"068050","팬엔터테인먼트","0","32","32","0","129345","129345"
"023770","플레이위드","0","9","9","0","119550","119550"
"080520","오디텍","0","15","15","0","100740","100740"
"030350","드래곤플라이","1","38","37","2205","85780","83575"
"024950","삼천리자전거","1530","1530","0","16090400","16167200","76800"
"013120","동원개발","0","16","16","0","76795","76795"
"052220","iMBC","0","16","16","0","64850","64850"
"053980","오상자이엘","0","9","9","0","60390","60390"
"217330","싸이토젠","0","1","1","0","57700","57700"
"200230","텔콘RF제약","0","29","29","0","55980","55980"
"084730","팅크웨어","0","3","3","0","50350","50350"
"114450","KPX생명과학","0","8","8","0","45200","45200"
"094170","동운아나텍","0","5","5","0","30540","30540"
"310200","애니플러스","0","8","8","0","28295","28295"
"138610","나이벡","0","1","1","0","25000","25000"
"101160","월덱스","0","1","1","0","23550","23550"
"108860","셀바스AI","0","3","3","0","23190","23190"
"214610","미코바이오메드","0","2","2","0","22900","22900"
"071850","캐스텍코리아","0","10","10","0","22680","22680"
"048870","시너지이노베이션","0","5","5","0","20695","20695"
"033130","디지틀조선","0","7","7","0","19845","19845"
"039860","나노엔텍","0","3","3","0","18360","18360"
"032850","비트컴퓨터","0","2","2","0","16640","16640"
"262260","에이프로","0","1","1","0","14450","14450"
"166480","코아스템","0","1","1","0","13350","13350"
"046210","파나진","0","3","3","0","10225","10225"
"354200","엔젠바이오","0","1","1","0","10000","10000"
"052020","에스티큐브","0","1","1","0","6000","6000"
"058110","멕아이씨에스","0","1","1","0","5830","5830"
"038880","아이에이","0","6","6","0","5746","5746"
"195990","에이비프로바이오","0","6","6","0","4953","4953"
"245620","EDGC","0","1","1","0","3510","3510"
"214680","디알텍","57","57","0","96615","99465","2850"
"020180","대신정보통신","0","2","2","0","2770","2770"
"078150","HB테크놀러지","0","1","1","0","2295","2295"
"091440","텔레필드","79","79","0","329485","331405","1920"
"064800","젬백스링크","0","1","1","0","1490","1490"
"300120","라온피플","1","1","0","11750","11600","-150"
"023460","CNH","1","0","-1","2115","0","-2115"
"263700","케어랩스","15","14","-1","117150","111480","-5670"
"322510","제이엘케이","1","0","-1","6010","0","-6010"
"072950","빛샘전자","1","0","-1","7720","0","-7720"
"046440","KG모빌리언스","3","2","-1","26340","17530","-8810"
"037330","인지디스플레","5","0","-5","11750","0","-11750"
"063570","한국전자금융","2","0","-2","11860","0","-11860"
"053300","한국정보인증","3","1","-2","18360","6150","-12210"
"083930","아바코","1","0","-1","12600","0","-12600"
"044340","위닉스","2","1","-1","30900","15450","-15450"
"069510","에스텍","2","0","-2","16000","0","-16000"
"122350","삼기","5","1","-4","20500","4100","-16400"
"160980","싸이맥스","1","0","-1","17000","0","-17000"
"036030","케이티알파","3","0","-3","18750","0","-18750"
"093520","매커스","2","0","-2","20100","0","-20100"
"020400","대동금속","2","0","-2","22500","0","-22500"
"355150","교보10호스팩","10013","10000","-13","22829750","22800000","-29750"
"036190","금화피에스시","1","0","-1","30150","0","-30150"
"038870","에코바이오","4","0","-4","31520","0","-31520"
"011370","서한","27","5","-22","41420","7735","-33685"
"304100","솔트룩스","10","7","-3","118000","83500","-34500"
"078070","유비쿼스홀딩스","2","0","-2","35400","0","-35400"
"043370","피에이치에이","4","0","-4","35750","0","-35750"
"012700","리드코프","5","1","-4","45450","9080","-36370"
"303530","이노뎁","7","5","-2","128800","92100","-36700"
"013030","하이록코리아","2","0","-2","37400","0","-37400"
"208350","지란지교시큐리티","8","0","-8","37960","0","-37960"
"005160","동국산업","11","0","-11","38225","0","-38225"
"004650","창해에탄올","3","0","-3","43350","0","-43350"
"012340","뉴인텍","12","0","-12","45545","0","-45545"
"089010","켐트로닉스","2","0","-2","48500","0","-48500"
"039740","한국정보공학","11","0","-11","50270","0","-50270"
"340930","유일에너테크","3","0","-3","52400","0","-52400"
"158430","아톤","4","2","-2","127000","63750","-63250"
"347700","라이프시맨틱스","15","5","-10","104850","35520","-69330"
"205100","엑셈","16","0","-16","69710","0","-69710"
"115310","인포바인","3","0","-3","71850","0","-71850"
"367000","플래티어","8","3","-5","120000","45650","-74350"
"068790","DMS","12","0","-12","75490","0","-75490"
"094480","갤럭시아머니트리","23","13","-10","176410","99680","-76730"
"163730","핑거","12","6","-6","178200","90700","-87500"
"247660","나노씨엠에스","114","114","0","3896150","3802450","-93700"
"067900","와이엔텍","12","2","-10","126350","20900","-105450"
"065440","이루온","43","0","-43","106105","0","-106105"
"138580","비즈니스온","18","6","-12","170100","58010","-112090"
"054300","팬스타엔터프라이즈","159","0","-159","136101","0","-136101"
"147830","제룡산업","41","0","-41","139410","0","-139410"
"005710","대원산업","24","0","-24","143280","0","-143280"
"301300","바이브컴퍼니","11","7","-4","419100","266000","-153100"
"024800","유성티엔에스","50","0","-50","154500","0","-154500"
"032620","유비케어","49","24","-25","316510","155940","-160570"
"306620","네온테크","201","166","-35","1195760","994340","-201420"
"050120","ES큐브","48","0","-48","214985","0","-214985"
"348150","고바이오랩","16","2","-14","251000","31450","-219550"
"051390","YW","54","0","-54","222210","0","-222210"
"086890","이수앱지스","38","6","-32","279180","44530","-234650"
"263050","유틸렉스","20","1","-19","253050","12650","-240400"
"045510","정원엔시스","139","0","-139","256185","0","-256185"
"017510","세명전기","62","0","-62","288975","0","-288975"
"206640","바디텍메드","24","3","-21","337350","42550","-294800"
"216080","제테마","21","3","-18","364300","52000","-312300"
"189330","씨이랩","30","12","-18","529500","210250","-319250"
"321550","티움바이오","25","4","-21","410850","66500","-344350"
"064480","브리지텍","69","0","-69","360200","0","-360200"
"220180","핸디소프트","105","0","-105","383850","0","-383850"
"305090","마이크로디지탈","58","0","-58","419920","0","-419920"
"036690","코맥스","4646","4646","0","21568280","20966525","-601755"
"054670","대한뉴팜","50","0","-50","627500","0","-627500"
"122990","와이솔","653","589","-64","6742250","6109400","-632850"
"067730","로지시스","100","0","-100","662000","0","-662000"
"053160","프리엠스","3935","3935","0","42689700","41992050","-697650"
"060850","영림원소프트랩","70","0","-70","717500","0","-717500"
"095270","웨이브일렉트로","167","0","-167","789910","0","-789910"
"115450","HLB테라퓨틱스","89","1","-88","962150","10850","-951300"
"241820","피씨엘","47","0","-47","1099250","0","-1099250"
"175250","아이큐어","93","0","-93","1099700","0","-1099700"
"021650","한국큐빅","300","0","-300","1140000","0","-1140000"
"038070","서린바이오","77","0","-77","1142650","0","-1142650"
"059210","메타바이오메드","424","0","-424","1169695","0","-1169695"
"011040","경동제약","119","0","-119","1207850","0","-1207850"
"032080","아즈텍WB","459","0","-459","1223395","0","-1223395"
"032300","한국파마","40","0","-40","1225600","0","-1225600"
"036800","나이스정보통신","44","0","-44","1265200","0","-1265200"
"037400","우리엔터프라이즈","412","0","-412","1283820","0","-1283820"
"079170","한창산업","136","0","-136","1294720","0","-1294720"
"203400","에이비온","122","0","-122","1317700","0","-1317700"
"067010","이씨에스","293","0","-293","1324360","0","-1324360"
"270520","지엔원에너지","460","26","-434","1415830","79430","-1336400"
"023900","풍국주정","87","3","-84","1478000","51600","-1426400"
"014970","삼륭물산","200","0","-200","1465100","0","-1465100"
"082920","비츠로셀","119","0","-119","1468900","0","-1468900"
"246710","티앤알바이오팹","71","0","-71","1509900","0","-1509900"
"045300","성우테크론","274","0","-274","1638520","0","-1638520"
"080010","이상네트웍스","249","0","-249","1660830","0","-1660830"
"115570","스타플렉스","328","0","-328","1674575","0","-1674575"
"237880","클리오","217","121","-96","3867450","2184600","-1682850"
"037370","EG","155","7","-148","1827550","81900","-1745650"
"114630","폴라리스우노","371","0","-371","1849435","0","-1849435"
"041930","동아화성","194","11","-183","2024950","114400","-1910550"
"047920","HLB제약","121","0","-121","1919350","0","-1919350"
"187790","나노","1518","0","-1518","2026530","0","-2026530"
"409570","한국제10호스팩","982","0","-982","2167815","0","-2167815"
"215360","우리산업","138","7","-131","2331750","117950","-2213800"
"026910","광진실업","464","0","-464","2379790","0","-2379790"
"096610","알에프세미","613","0","-613","2439895","0","-2439895"
"126880","제이엔케이히터","454","25","-429","2855850","156500","-2699350"
"095190","이엠코리아","832","48","-784","2888225","166320","-2721905"
"317330","덕산테코피아","138","0","-138","2755100","0","-2755100"
"340440","세림B&G","31276","31276","0","106361040","103601795","-2759245"
"199820","제일전기공업","195","0","-195","2761850","0","-2761850"
"083790","크리스탈지노믹스","599","22","-577","3030850","110105","-2920745"
"067770","세진티에스","670","0","-670","2933350","0","-2933350"
"009520","포스코엠텍","439","21","-418","3208230","152460","-3055770"
"224060","코디엠","16089","0","-16089","3131605","0","-3131605"
"065500","오리엔트정공","1624","0","-1624","3253980","0","-3253980"
"033050","제이엠아이","2639","0","-2639","3326060","0","-3326060"
"036630","세종텔레콤","3910","133","-3777","3542460","119962","-3422498"
"084650","랩지노믹스","492","0","-492","3450310","0","-3450310"
"159580","제로투세븐","487","77","-410","4314950","679970","-3634980"
"377630","삼성스팩4호","612","160","-452","4902120","1244800","-3657320"
"025320","시노펙스","1421","86","-1335","4141715","248540","-3893175"
"260930","씨티케이","503","79","-424","4639010","738990","-3900020"
"251970","펌텍코리아","258","41","-217","4668000","740350","-3927650"
"241710","코스메카코리아","374","59","-315","4894950","767500","-4127450"
"203450","유니온커뮤니티","1198","0","-1198","4141930","0","-4141930"
"328380","미래에셋대우스팩3호","1789","0","-1789","4386635","0","-4386635"
"317690","퀀타매트릭스","1450","862","-588","10972530","6439380","-4533150"
"104040","대성파인텍","2191","0","-2191","4791600","0","-4791600"
"361570","알비더블유","277","0","-277","4806850","0","-4806850"
"027050","코리아나","1483","234","-1249","5738285","900365","-4837920"
"025440","대성엘텍","4878","0","-4878","4878000","0","-4878000"
"174880","장원테크","2579","0","-2579","4881100","0","-4881100"
"115960","연우","271","43","-228","5801450","914200","-4887250"
"036560","영풍정밀","529","0","-529","5123980","0","-5123980"
"105550","트루윈","1500","0","-1500","5178500","0","-5178500"
"019770","서연탑메탈","705","19","-686","5437580","170430","-5267150"
"014940","오리엔탈정공","1632","0","-1632","5370290","0","-5370290"
"156100","엘앤케이바이오","392","0","-392","5658650","0","-5658650"
"131220","대한과학","6000","5313","-687","52954660","47178150","-5776510"
"025870","신라에스지","505","0","-505","6237300","0","-6237300"
"108380","대양전기공업","480","0","-480","6345850","0","-6345850"
"405350","IBKS제17호스팩","2690","0","-2690","6479490","0","-6479490"
"096870","엘디티","1472","0","-1472","6687500","0","-6687500"
"101670","코리아에스이","3403","0","-3403","6712015","0","-6712015"
"093380","풍강","1526","0","-1526","7083825","0","-7083825"
"032580","피델릭스","3945","0","-3945","7112565","0","-7112565"
"013810","스페코","3981","3183","-798","35123060","27814390","-7308670"
"075130","플랜티넷","2191","0","-2191","7340540","0","-7340540"
"230240","에치에프알","2599","2371","-228","83044150","75269300","-7774850"
"187220","디티앤씨","1295","0","-1295","7774940","0","-7774940"
"106520","노블엠앤비","1982","0","-1982","8002680","0","-8002680"
"089230","THE E&M","14342","0","-14342","8033116","0","-8033116"
"227100","에이치앤비디자인","1640","347","-1293","10325230","2255500","-8069730"
"197140","디지캡","2137","0","-2137","8665835","0","-8665835"
"065660","안트로젠","972","675","-297","26041650","17246650","-8795000"
"018310","삼목에스폼","377","0","-377","8959800","0","-8959800"
"373200","하인크코리아","4949","4474","-475","84180950","74760100","-9420850"
"376180","피코그램","488","8","-480","9634000","172000","-9462000"
"149980","하이로닉","939","46","-893","10009350","473750","-9535600"
"192390","윈하이텍","2301","0","-2301","9620570","0","-9620570"
"353190","휴럼","5768","0","-5768","9828640","0","-9828640"
"203650","드림시큐리티","2460","0","-2460","10068875","0","-10068875"
"067570","엔브이에이치코리아","2350","0","-2350","10073870","0","-10073870"
"205470","휴마시스","777","50","-727","10776100","692500","-10083600"
"117670","알파홀딩스","9322","5574","-3748","27862490","16956430","-10906060"
"113810","디젠스","9932","107","-9825","11165615","119890","-11045725"
"036620","감성코퍼레이션","39255","32155","-7100","63625625","52427225","-11198400"
"050960","수산아이앤티","1016","0","-1016","11705500","0","-11705500"
"237750","피앤씨테크","1984","520","-1464","16818330","4501900","-12316430"
"076610","해성옵틱스","11853","0","-11853","12442475","0","-12442475"
"052260","현대바이오랜드","948","163","-785","15105100","2591700","-12513400"
"260970","에스앤디","1000","389","-611","20540250","7992350","-12547900"
"094970","제이엠티","6500","3855","-2645","29362500","16494445","-12868055"
"119500","포메탈","14596","13195","-1401","90649910","77558390","-13091520"
"286750","나노브릭","8800","3500","-5300","22350170","9232850","-13117320"
"182360","큐브엔터","844","0","-844","13157600","0","-13157600"
"033230","인성정보","6789","1775","-5014","17967050","4703750","-13263300"
"225590","패션플랫폼","7092","0","-7092","13282140","0","-13282140"
"024880","케이피에프","2000","0","-2000","13487430","0","-13487430"
"399720","가온칩스","528","0","-528","13736850","0","-13736850"
"089150","케이씨티","2000","0","-2000","14001210","0","-14001210"
"098660","에스티오","4835","0","-4835","14584860","0","-14584860"
"092300","현우산업","3000","0","-3000","15240000","0","-15240000"
"285490","노바텍","5345","4911","-434","190323750","175062750","-15261000"
"400560","하나금융20호스팩","9777","4118","-5659","25519920","10172575","-15347345"
"307180","아이엘사이언스","5483","2091","-3392","25755885","10055655","-15700230"
"092190","서울바이오시스","10975","9074","-1901","92420750","76669040","-15751710"
"068930","디지털대성","2300","291","-2009","18308520","2316350","-15992170"
"291230","엔피","1683","0","-1683","16157510","0","-16157510"
"024940","PN풍년","3338","0","-3338","16178820","0","-16178820"
"085670","뉴프렉스","4301","1543","-2758","25701640","9271410","-16430230"
"037460","삼지전자","1650","233","-1417","19248700","2738100","-16510600"
"053060","세동","9768","0","-9768","16514815","0","-16514815"
"019540","일지테크","5252","0","-5252","16569340","0","-16569340"
"317530","캐리소프트","2004","0","-2004","16786220","0","-16786220"
"048830","엔피케이","6889","0","-6889","17285735","0","-17285735"
"101360","이엔드디","846","263","-583","26051300","8146450","-17904850"
"041440","현대에버다임","1847","0","-1847","17915900","0","-17915900"
"136480","하림","5000","119","-4881","18675000","442680","-18232320"
"099220","SDN","17052","11180","-5872","51923340","33595900","-18327440"
"252990","샘씨엔에스","3000","0","-3000","18514790","0","-18514790"
"048770","TPC","3202","0","-3202","20208910","0","-20208910"
"290270","휴네시온","8488","4520","-3968","44341810","23599470","-20742340"
"226950","올릭스","936","0","-936","21062950","0","-21062950"
"189860","서전기전","2280","538","-1742","27637700","6482900","-21154800"
"014200","광림","13324","2364","-10960","26291315","4704360","-21586955"
"388220","하나금융19호스팩","9943","0","-9943","21700610","0","-21700610"
"130740","티피씨글로벌","5790","0","-5790","21824935","0","-21824935"
"343510","하나금융16호스팩","9855","0","-9855","21829560","0","-21829560"
"065350","신성델타테크","3278","1565","-1713","41952750","19986800","-21965950"
"106190","하이텍팜","2000","0","-2000","22300000","0","-22300000"
"208710","바이오로그디바이스","13128","0","-13128","22420635","0","-22420635"
"104540","코렌텍","1873","1","-1872","23385100","12550","-23372550"
"327260","RF머트리얼즈","1834","0","-1834","24985250","0","-24985250"
"014470","부방","9260","0","-9260","25398515","0","-25398515"
"090410","덕신하우징","10000","0","-10000","25630865","0","-25630865"
"370090","퓨런티어","1244","0","-1244","26878450","0","-26878450"
"025550","한국선재","5000","0","-5000","26900000","0","-26900000"
"100120","뷰웍스","3023","2309","-714","116321700","89125500","-27196200"
"015750","성우하이텍","51162","46018","-5144","276735400","249266930","-27468470"
"018700","바른손","8101","0","-8101","27735975","0","-27735975"
"297090","씨에스베어링","1875","395","-1480","35187150","7277550","-27909600"
"056700","신화인터텍","9637","0","-9637","28788545","0","-28788545"
"415580","상상인제3호스팩","14741","1230","-13511","31768470","2659835","-29108635"
"900270","헝셩그룹","53656","0","-53656","29510800","0","-29510800"
"059120","아진엑스텍","3364","1099","-2265","44101700","14589750","-29511950"
"200130","콜마비앤에이치","35078","33958","-1120","1074279050","1044535700","-29743350"
"344050","신영스팩6호","13097","0","-13097","29846390","0","-29846390"
"056080","유진로봇","4594","0","-4594","29914420","0","-29914420"
"031980","피에스케이홀딩스","15638","12937","-2701","178558550","147951600","-30606950"
"376930","노을","4806","0","-4806","31156550","0","-31156550"
"092730","네오팜","3703","2341","-1362","85191050","53951550","-31239500"
"091580","상신이디피","3771","1684","-2087","57939500","25821550","-32117950"
"099320","쎄트렉아이","1075","458","-617","56497200","24047600","-32449600"
"365270","큐라클","5681","4527","-1154","152759100","118967400","-33791700"
"050890","쏠리드","7393","2078","-5315","48004250","13472910","-34531340"
"074600","원익QnC","48149","46990","-1159","1571120700","1536057800","-35062900"
"290510","코리아센터","32726","26557","-6169","196607990","161172990","-35435000"
"102370","케이옥션","1550","0","-1550","35570000","0","-35570000"
"270870","뉴트리","2243","0","-2243","35894400","0","-35894400"
"002680","한탑","10000","0","-10000","36081900","0","-36081900"
"117730","티로보틱스","4752","1034","-3718","46049150","9903170","-36145980"
"054930","유신","2143","726","-1417","53810600","17603850","-36206750"
"336570","대신밸런스제8호스팩","9737","0","-9737","36542645","0","-36542645"
"046110","한일네트웍스","51667","48748","-2919","617420650","580101200","-37319450"
"238120","얼라인드","4071","600","-3471","43865900","6420000","-37445900"
"079190","케스피온","23008","0","-23008","39124195","0","-39124195"
"114840","아이패밀리에스씨","6170","3368","-2802","86755350","47385750","-39369600"
"086040","바이오톡스텍","4574","0","-4574","40718060","0","-40718060"
"019210","와이지-원","5002","0","-5002","41882180","0","-41882180"
"153460","네이블","6059","0","-6059","42232920","0","-42232920"
"094850","참좋은여행","3204","0","-3204","42993250","0","-42993250"
"275630","에스에스알","8631","680","-7951","46782580","3678800","-43103780"
"044780","에이치케이","20571","316","-20255","44137555","675840","-43461715"
"352770","클리노믹스","4741","0","-4741","43803270","0","-43803270"
"150900","파수","4454","0","-4454","44242770","0","-44242770"
"258790","소프트캠프","22030","0","-22030","45191415","0","-45191415"
"391710","엔에이치스팩21호","26329","11500","-14829","77925445","32155000","-45770445"
"218410","RFHIC","25832","24232","-1600","794038350","748037850","-46000500"
"170790","파이오링크","3523","0","-3523","46002000","0","-46002000"
"071280","로체시스템즈","8166","1400","-6766","55791760","9707780","-46083980"
"058630","엠게임","7353","2030","-5323","63704250","17509510","-46194740"
"184230","SGA솔루션즈","44449","0","-44449","46432505","0","-46432505"
"169330","엠브레인","11380","0","-11380","46687385","0","-46687385"
"100130","동국S&C","34501","26669","-7832","211312920","164104780","-47208140"
"189690","포시에스","6313","0","-6313","47772410","0","-47772410"
"277410","인산가","20106","0","-20106","47803585","0","-47803585"
"187870","디바이스이엔지","4299","2000","-2299","90588900","42601550","-47987350"
"056360","코위버","5715","0","-5715","48129970","0","-48129970"
"159010","아스플로","2624","576","-2048","61032200","12809400","-48222800"
"377030","맥스트","2128","47","-2081","49331750","1034100","-48297650"
"037950","엘컴텍","36099","0","-36099","48557660","0","-48557660"
"243070","휴온스","5596","4340","-1256","217404950","168714400","-48690550"
"005990","매일홀딩스","5053","0","-5053","49519230","0","-49519230"
"173130","오파스넷","8812","0","-8812","50000950","0","-50000950"
"011560","세보엠이씨","14467","9081","-5386","148141750","97671450","-50470300"
"377450","리파인","5000","1020","-3980","64510850","13209000","-51301850"
"096040","이트론","193824","0","-193824","52500858","0","-52500858"
"067920","이글루","8592","0","-8592","52772020","0","-52772020"
"053610","프로텍","2732","847","-1885","77389100","24565250","-52823850"
"023910","대한약품","1881","0","-1881","53227550","0","-53227550"
"314130","지놈앤컴퍼니","3010","517","-2493","64551900","11118850","-53433050"
"166090","하나머티리얼즈","14034","13177","-857","879348500","825821500","-53527000"
"065570","삼영이엔씨","9850","1467","-8383","63060510","9395730","-53664780"
"131290","티에스이","4944","4298","-646","418979800","365107300","-53872500"
"036830","솔브레인홀딩스","4434","2223","-2211","114003900","57148600","-56855300"
"126700","하이비젼시스템","2993","1","-2992","57644550","19200","-57625350"
"043150","바텍","1685","75","-1610","61828350","2748300","-59080050"
"211050","인카금융서비스","3442","0","-3442","59941450","0","-59941450"
"082210","옵트론텍","10088","0","-10088","61169370","0","-61169370"
"363260","하나금융17호스팩","28197","4834","-23363","74179200","12318365","-61860835"
"126340","비나텍","1369","29","-1340","64093800","1363850","-62729950"
"204270","제이앤티씨","13183","2152","-11031","75378400","12327030","-63051370"
"236200","슈프리마","2800","0","-2800","63678400","0","-63678400"
"131090","시큐브","51745","0","-51745","64291300","0","-64291300"
"388800","유진스팩7호","34376","5000","-29376","75734285","11000000","-64734285"
"396770","엔에이치스팩22호","29028","0","-29028","64968235","0","-64968235"
"104620","노랑풍선","5518","0","-5518","65098700","0","-65098700"
"251370","와이엠티","3333","0","-3333","65508150","0","-65508150"
"336060","웨이버스","30000","0","-30000","66822100","0","-66822100"
"033100","제룡전기","13391","2900","-10491","85702530","18560000","-67142530"
"054540","삼영엠텍","13388","0","-13388","70412900","0","-70412900"
"241770","메카로","5681","0","-5681","71605750","0","-71605750"
"194480","데브시스터즈","6525","5083","-1442","323737250","252069100","-71668150"
"058970","엠로","8496","4197","-4299","142956650","70947450","-72009200"
"099390","브레인즈컴퍼니","6652","0","-6652","72661550","0","-72661550"
"372290","하나머스트7호스팩","33313","0","-33313","72975015","0","-72975015"
"170920","엘티씨","7000","0","-7000","75042550","0","-75042550"
"281740","레이크머티리얼즈","16711","2085","-14626","85954060","10744910","-75209150"
"131370","알서포트","24183","10105","-14078","131564830","55126790","-76438040"
"131390","원익피앤이","13056","10242","-2814","368327700","289474550","-78853150"
"078020","이베스트투자증권","12307","919","-11388","86348380","6462430","-79885950"
"068940","아이씨케이","25561","0","-25561","80385815","0","-80385815"
"065510","휴비츠","6812","0","-6812","80391550","0","-80391550"
"267980","매일유업","2780","1487","-1293","180108000","96211500","-83896500"
"119860","다나와","5264","857","-4407","100689300","16426300","-84263000"
"138080","오이솔루션","6263","3263","-3000","176927200","92001300","-84925900"
"299660","셀리드","5933","1893","-4040","125844100","40268750","-85575350"
"048530","인트론바이오","24553","19417","-5136","416995950","328786250","-88209700"
"045390","대아티아이","50426","28155","-22271","202186075","112784890","-89401185"
"206560","덱스터","5901","168","-5733","99564500","2756900","-96807600"
"222420","쎄노텍","42769","5061","-37708","109997580","12613415","-97384165"
"108230","톱텍","17315","4898","-12417","136956080","38849920","-98106160"
"084110","휴온스글로벌","4697","653","-4044","116003450","16060450","-99943000"
"352480","씨앤씨인터내셔널","4738","0","-4738","100354800","0","-100354800"
"195940","HK이노엔","12491","10049","-2442","538188150","433731650","-104456500"
"241840","에이스토리","5767","1241","-4526","140078950","30032100","-110046850"
"033310","엠투엔","21063","3069","-17994","129066100","18826790","-110239310"
"228850","레이언스","10114","0","-10114","113494250","0","-113494250"
"408920","에스케이증권7호스팩","61668","10000","-51668","136146250","22000000","-114146250"
"027360","아주IB투자","37607","1982","-35625","124337135","6572590","-117764545"
"083450","GST","4326","0","-4326","118486950","0","-118486950"
"083500","에프엔에스테크","12129","1000","-11129","133588350","11150000","-122438350"
"105740","디케이락","11410","6","-11404","123716600","64800","-123651800"
"220100","퓨쳐켐","7249","0","-7249","126238550","0","-126238550"
"299030","하나기술","3009","786","-2223","173645100","44901000","-128744100"
"051380","피씨디렉트","5402","0","-5402","129231250","0","-129231250"
"290740","액트로","14679","0","-14679","129346190","0","-129346190"
"092870","엑시콘","10000","0","-10000","129843250","0","-129843250"
"032190","다우데이타","10953","520","-10433","140247300","6674150","-133573150"
"131400","이브이첨단소재","71102","4280","-66822","146643855","8923800","-137720055"
"088390","이녹스","4872","0","-4872","137772850","0","-137772850"
"038500","삼표시멘트","31885","1719","-30166","147376355","7957380","-139418975"
"030530","원익홀딩스","35261","5868","-29393","167519610","27882860","-139636750"
"037350","성도이엔지","20123","0","-20123","141925750","0","-141925750"
"256840","한국비엔씨","37646","21915","-15731","355862020","208147840","-147714180"
"023410","유진기업","36657","4158","-32499","168971230","19193080","-149778150"
"348210","넥스틴","2837","651","-2186","196865700","45243100","-151622600"
"179900","유티아이","9142","0","-9142","154452600","0","-154452600"
"064290","인텍플러스","12214","6269","-5945","324839600","167978000","-156861600"
"950220","네오이뮨텍","27513","0","-27513","159172210","0","-159172210"
"330860","네패스아크","4700","695","-4005","187535700","27745800","-159789900"
"089030","테크윙","10477","2165","-8312","202571000","41931300","-160639700"
"388720","유일로보틱스","6927","0","-6927","166979250","0","-166979250"
"086450","동국제약","19962","11833","-8129","420906000","249654450","-171251550"
"297890","HB솔루션","12378","1710","-10668","201049650","27702000","-173347650"
"109820","진매트릭스","22851","2","-22849","178891070","15230","-178875840"
"151910","SBW생명과학","41850","3221","-38629","204224015","15829360","-188394655"
"128540","에코캡","17626","0","-17626","197142350","0","-197142350"
"049070","인탑스","8683","3385","-5298","323982100","125964700","-198017400"
"061970","엘비세미콘","23164","4652","-18512","249571400","50097700","-199473700"
"078130","국일제지","69875","3568","-66307","211334210","10857305","-200476905"
"051160","지어소프트","13208","0","-13208","203080550","0","-203080550"
"146320","비씨엔씨","12204","1696","-10508","237130250","33128950","-204001300"
"060150","인선이엔티","21580","1026","-20554","217181650","10354800","-206826850"
"265520","AP시스템","10081","509","-9572","219245150","11074150","-208171000"
"100660","서암기계공업","25406","4395","-21011","250408160","41595550","-208812610"
"042000","카페24","13817","717","-13100","222312500","11584800","-210727700"
"104480","티케이케미칼","47682","2043","-45639","232833450","10042730","-222790720"
"058610","에스피지","12289","1","-12288","224983900","18300","-224965600"
"160550","NEW","24709","46","-24663","229024030","414000","-228610030"
"060250","NHN한국사이버결제","20962","6308","-14654","330901850","99604750","-231297100"
"060720","KH바텍","13841","3328","-10513","306386550","73814750","-232571800"
"317850","대모","20603","8","-20595","234218400","98400","-234120000"
"089980","상아프론테크","7912","1859","-6053","312490850","74064300","-238426550"
"022100","포스코 ICT","45253","6300","-38953","277368130","38654380","-238713750"
"121850","코이즈","45270","615","-44655","242331450","3234900","-239096550"
"036810","에프에스티","14584","2354","-12230","289610300","46763150","-242847150"
"089970","에이피티씨","13802","1550","-12252","273594650","30737750","-242856900"
"396300","세아메카닉스","43261","12596","-30665","341315560","97849100","-243466460"
"357230","에이치피오","22904","218","-22686","249271900","2365300","-246906600"
"041960","코미팜","33664","1719","-31945","268282910","13743340","-254539570"
"058820","CMG제약","87959","4518","-83441","271715185","14007195","-257707990"
"088800","에이스테크","27976","2670","-25306","286822550","27398200","-259424350"
"080160","모두투어","13933","700","-13233","296375800","14962650","-281413150"
"293780","압타바이오","17181","1130","-16051","301449500","19771450","-281678050"
"064260","다날","58361","26937","-31424","533235380","246278910","-286956470"
"018290","브이티지엠피","56796","11441","-45355","359428950","72463840","-286965110"
"053030","바이넥스","31508","11065","-20443","443140650","154969600","-288171050"
"144510","지씨셀","7881","3108","-4773","479890700","189886800","-290003900"
"140410","메지온","16980","976","-16004","309810900","17899650","-291911250"
"323990","박셀바이오","11550","5105","-6445","565004550","252519650","-312484900"
"388050","지투파워","11494","110","-11384","319247550","3144500","-316103050"
"085370","루트로닉","30930","15482","-15448","640909400","321356300","-319553100"
"060230","소니드","56668","0","-56668","321711020","0","-321711020"
"082270","젬백스","27508","4805","-22703","391591200","68484150","-323107050"
"091700","파트론","46376","17224","-29152","517547150","193982600","-323564550"
"078350","한양디지텍","21998","0","-21998","324326750","0","-324326750"
"048260","오스템임플란트","16794","13891","-2903","1871291600","1546641200","-324650400"
"038540","상상인","34760","3976","-30784","370505350","42360500","-328144850"
"228670","레이","28381","10035","-18346","511830050","182434200","-329395850"
"030190","NICE평가정보","33577","13054","-20523","541454650","210767850","-330686800"
"090460","비에이치","71642","59013","-12629","1935236750","1601872200","-333364550"
"213420","덕산네오룩스","13239","4437","-8802","530490950","177497850","-352993100"
"142280","녹십자엠에스","35186","3433","-31753","401915950","38374600","-363541350"
"095610","테스","16896","1940","-14956","421184800","48317150","-372867650"
"003380","하림지주","38843","1658","-37185","390599110","16755620","-373843490"
"289220","자이언트스텝","12935","23","-12912","379925700","665850","-379259850"
"069080","웹젠","22593","3769","-18824","458763250","76499550","-382263700"
"183300","코미코","10139","3647","-6492","606474200","218988300","-387485900"
"222080","씨아이에스","38048","11134","-26914","549548550","160731700","-388816850"
"033640","네패스","18609","4884","-13725","531357650","139688850","-391668800"
"063170","서울옥션","43689","26226","-17463","996005900","601806450","-394199450"
"098120","마이크로컨텍솔","48952","0","-48952","396635610","0","-396635610"
"046890","서울반도체","37117","5524","-31593","468719300","69812750","-398906550"
"063080","컴투스홀딩스","7901","1843","-6058","528119500","122458300","-405661200"
"102120","어보브반도체","40193","7572","-32621","513282900","97664700","-415618200"
"035080","그래디언트","17988","437","-17551","427586350","10491450","-417094900"
"268600","셀리버리","18940","3346","-15594","511990350","90568800","-421421550"
"025900","동화기업","8839","3389","-5450","708291600","272149800","-436141800"
"041190","우리기술투자","69289","2348","-66941","460232210","15646260","-444585950"
"206650","유바이오로직스","28288","1444","-26844","473301650","24269500","-449032150"
"383310","에코프로에이치엔","10535","536","-9999","479869350","24487150","-455382200"
"025980","아난티","62801","3609","-59192","493415890","28453580","-464962310"
"064550","바이오니아","18751","2782","-15969","549882650","82226050","-467656600"
"183490","엔지켐생명과학","27522","2603","-24919","536759750","50703550","-486056200"
"321260","프로이천","177782","0","-177782","488862520","0","-488862520"
"086900","메디톡스","5677","1706","-3971","700364100","210965300","-489398800"
"140860","파크시스템스","8080","3390","-4690","848671000","358764400","-489906600"
"029960","코엔텍","61455","1543","-59912","509675730","12810810","-496864920"
"214370","케어젠","6501","1657","-4844","672752200","174457400","-498294800"
"006730","서부T&D","59134","1416","-57718","543034360","13029620","-530004740"
"036200","유니셈","71843","15000","-56843","706078240","149298510","-556779730"
"340570","티앤엘","17994","1580","-16414","615342850","54111050","-561231800"
"376980","원티드랩","20321","362","-19959","573920200","10344700","-563575500"
"137400","피엔티","17282","8069","-9213","1070448500","499964800","-570483700"
"052400","코나아이","27266","441","-26825","582193950","9529250","-572664700"
"290650","엘앤씨바이오","20066","4653","-15413","746677250","173281050","-573396200"
"085660","차바이오텍","36150","1720","-34430","629926850","30125400","-599801450"
"294570","쿠콘","16425","285","-16140","612051900","10641350","-601410550"
"084990","헬릭스미스","29418","1507","-27911","651190750","33740750","-617450000"
"101490","에스앤에스텍","26964","2844","-24120","696287450","73470400","-622817050"
"056190","에스에프에이","21413","6369","-15044","891429050","267064450","-624364600"
"032500","케이엠더블유","22498","2156","-20342","692282450","66345550","-625936900"
"122870","와이지엔터테인먼트","27022","15648","-11374","1496235200","870263400","-625971800"
"104830","원익머트리얼즈","34369","16769","-17600","1273716100","627004550","-646711550"
"145020","휴젤","8568","3264","-5304","1048096200","399757400","-648338800"
"382840","원준","8487","2700","-5787","963086100","306275700","-656810400"
"014620","성광벤드","76591","15101","-61490","820618750","163675550","-656943200"
"007390","네이처셀","39252","2026","-37226","693675350","35986900","-657688450"
"376300","디어유","19459","1869","-17590","748912850","71643150","-677269700"
"036010","아비코전자","60235","0","-60235","721008200","0","-721008200"
"092040","아미코젠","26669","710","-25959","755624000","20287250","-735336750"
"068240","다원시스","27846","1148","-26698","774637550","32112450","-742525100"
"357780","솔브레인","7234","4283","-2951","1877482800","1114915200","-762567600"
"178320","서진시스템","46883","2081","-44802","805913300","35825700","-770087600"
"141080","레고켐바이오","20622","942","-19680","828545400","37839200","-790706200"
"048410","현대바이오","30496","2549","-27947","864770750","72449800","-792320950"
"235980","메드팩토","30871","3546","-27325","904205900","104488400","-799717500"
"084370","유진테크","54239","33646","-20593","2135291850","1324853550","-810438300"
"121600","나노신소재","24099","14689","-9410","2151061200","1305765400","-845295800"
"333430","일승","220093","205","-219888","851164460","853210","-850311250"
"039200","오스코텍","46142","15467","-30675","1288015200","430624150","-857391050"
"348370","엔켐","16545","5050","-11495","1268784700","387099400","-881685300"
"035600","KG이니시스","59686","681","-59005","928225100","10644200","-917580900"
"078340","컴투스","16858","6007","-10851","1466952300","523030400","-943921900"
"095700","제넥신","29141","2882","-26259","1062307950","105107400","-957200550"
"243840","신흥에스이씨","17795","1028","-16767","1019313900","58678000","-960635900"
"095340","ISC","95817","68550","-27267","3642443750","2620322700","-1022121050"
"108320","LX세미콘","27258","19081","-8177","3413150200","2390669900","-1022480300"
"294630","서남","305744","0","-305744","1046524640","0","-1046524640"
"389140","포바이포","47005","1565","-45440","1101742900","36785000","-1064957900"
"067630","HLB생명과학","131441","50982","-80459","1832263650","711584450","-1120679200"
"035760","CJ ENM","12377","1848","-10529","1408776500","210993900","-1197782600"
"214150","클래시스","125286","54062","-71224","2132824700","923029400","-1209795300"
"035900","JYP Ent.","46372","23977","-22395","2576442500","1335233800","-1241208700"
"151860","KG ETS","79499","4899","-74600","1323076450","81473300","-1241603150"
"096530","씨젠","48840","18452","-30388","2060630550","778288650","-1282341900"
"319660","피에스케이","40189","9942","-30247","1740725050","429557650","-1311167400"
"098460","고영","89294","8077","-81217","1449148850","131313000","-1317835850"
"064760","티씨케이","11048","965","-10083","1469916900","128470500","-1341446400"
"298380","에이비엘바이오","71679","13303","-58376","1702436900","320297850","-1382139050"
"068760","셀트리온제약","18199","748","-17451","1445163700","59657500","-1385506200"
"272290","이녹스첨단소재","35996","2451","-33545","1562908100","106443850","-1456464250"
"090710","휴림로봇","409190","80927","-328263","1859677890","361596520","-1498081370"
"131970","두산테스나","45929","7405","-38524","1829369500","295204250","-1534165250"
"039030","이오테크닉스","19551","2379","-17172","1983908100","242100800","-1741807300"
"214450","파마리서치","25680","2602","-23078","2001358300","202482200","-1798876100"
"263750","펄어비스","35091","4088","-31003","2144743300","250408100","-1894335200"
"086520","에코프로","33787","8954","-24833","2667109700","703742100","-1963367600"
"278280","천보","10743","3075","-7668","2778403800","795634900","-1982768900"
"222800","심텍","80649","36983","-43666","3694353000","1699744150","-1994608850"
"237690","에스티팜","20740","597","-20143","2080659800","60094000","-2020565800"
"039440","에스티아이","141738","40125","-101613","2868041450","821079600","-2046961850"
"253450","스튜디오드래곤","40401","14033","-26368","3169427700","1101626700","-2067801000"
"036540","SFA반도체","341024","15312","-325712","2212307370","99536400","-2112770970"
"362320","청담글로벌","243300","23598","-219702","2413134900","231796130","-2181338770"
"078600","대주전자재료","32230","2665","-29565","2707743000","224418500","-2483324500"
"196170","알테오젠","54005","5569","-48436","2923619100","300723600","-2622895500"
"112040","위메이드","39104","952","-38152","3095755900","75736100","-3020019800"
"028300","HLB","97860","10978","-86882","4034744450","455098500","-3579645950"
"058470","리노공업","30495","4879","-25616","4551744000","731073100","-3820670900"
"067310","하나마이크론","300144","60199","-239945","5418847000","1087991300","-4330855700"
"293490","카카오게임즈","194250","104399","-89851","11859733400","6379850000","-5479883400"
"091990","셀트리온헬스케어","119017","26906","-92111","7175005000","1625816300","-5549188700"
"240810","원익IPS","163667","15577","-148090","6230835850","598918650","-5631917200"
"005290","동진쎄미켐","231515","83129","-148386","9286631150","3334532600","-5952098550"
"091120","이엠텍","237154","24409","-212745","6987297100","752043800","-6235253300"
"247540","에코프로비엠","37346","15837","-21509","18161299600","7695421600","-10465878000"
"066970","엘앤에프","106471","16959","-89512","25780295600","4095780500","-21684515100"